Gene,Nalleles,Deviance,LogMaxLikelihood,WAIC,WAIC SE,AIC,Acceptance,Temperature,Rhat
A1CF,2,1.7395268966060097e-6,53.42006123540069,109.57332190365472,5.327591064104095,112.84012247080138,0.965316925,1.0,1.0021285804312774
A2M-AS1,2,5.977321346730486e-5,240.41477960723017,483.88089592060345,12.56520920548519,486.82955921446035,0.930227225,1.0,1.0031686237242758
A4GALT,2,0.0003556379195400515,1808.9903200445308,3621.005915105718,35.31524872185098,3623.9806400890616,0.821531875,1.0,1.0034241390233871
AAAS,2,0.0005472471390272404,3487.457753798023,6985.915004587282,36.35342155073473,6980.915507596046,0.66542115,1.0,1.0038722389012205
AACS,2,0.0004510001147603212,1132.9741621883554,2275.5688878754127,29.44644991650377,2271.948324376711,0.82965945,1.0,1.0051333171770565
AADAC,2,1.742182178851498e-6,53.42006828517505,116.96262565064337,5.324230923384905,112.8401365703501,0.96493745,1.0,1.0027663715837796
AAED1,2,0.002286209770388591,4262.213635360989,8529.852227251915,32.77169077782024,8530.427270721979,0.675640375,1.0,1.0050155645864005
AAK1,2,0.0008595353544301041,1682.9235800285758,3370.7936098048626,34.27932492307812,3371.8471600571515,0.793576,1.0,1.0045303651412958
AAMDC,2,0.0005959425968148537,4291.9368446377175,8601.974714418142,33.791258053332356,8589.873689275435,0.602781175,1.0,1.0046657836548656
AAMP,2,0.00237224867092156,7777.412956321205,15747.163848439599,13.968168371269924,15560.82591264241,0.4195064,1.0,1.010073370487133
AANAT,3,2.7864889042347973e-5,174.85871966445495,353.81312133751925,10.450188421985997,355.7174393289099,0.939233075,1.0,1.0035008938263075
AAR2,2,0.0011884714547484704,2065.7349719750596,4134.646304093571,36.80007545775067,4137.469943950119,0.82086355,1.0,1.0052112115819332
AARS2,2,0.00032200477568771916,477.2296683976154,957.8525966674895,18.63956033602957,960.4593367952308,0.9035357,1.0,1.0019743481815406
AARSD1,2,0.0007524048079763376,1918.8198353467287,3841.4324823186844,35.82955370214748,3843.6396706934574,0.789487875,1.0,1.002131417857407
AARS,2,0.001726978245722193,3120.3433414684528,6245.713280571921,37.97174332211262,6246.6866829369055,0.68606525,1.0,1.0022537125624473
AASDHPPT,2,0.002109981242063394,5723.999640539543,11453.432431463953,22.621458061484383,11453.999281079086,0.601661475,1.0,1.0063212489349505
AASDH,2,0.0006461212036734369,3569.669367625454,7142.651072553337,36.00705844692868,7145.338735250908,0.73441195,1.0,1.0036684521456285
AATF,2,0.0011791284576814687,4772.946225275166,9550.676277915758,29.921097465559843,9551.892450550333,0.61151445,1.0,1.0034379386575134
AATK,3,0.00040253261489535153,1541.2977635845227,3086.2925664659115,33.24861297928525,3088.5955271690455,0.82647525,1.0,1.009051305064085
ABAT,2,0.0005503139401279938,856.4614287827609,1717.6282882337505,25.663130689643747,1718.9228575655218,0.86294605,1.0,1.0028131030640601
ABCA10,3,1.1506766130832182e-5,120.36556387221727,265.00120931187433,8.424156533058465,246.73112774443453,0.94903775,1.0,1.002345832066444
ABCA12,2,2.8756773345418034e-6,66.4211063240148,136.00743644126715,6.010879968087951,138.8422126480296,0.961850525,1.0,1.0032047063554888
ABCA1,2,4.108646531333801e-5,205.7335443164406,414.3627816500694,11.482026716842478,417.4670886328812,0.937185425,1.0,1.0027177636520264
ABCA3,2,9.654549944861071e-6,576.02890336438,1158.1417563784066,20.549340531096462,1158.05780672876,0.8828692,1.0,1.002989161865494
ABCA4,2,6.957472626843157e-6,97.1360570894818,197.2254576541075,7.452656779213447,200.2721141789636,0.9548604,1.0,1.0028896517699841
ABCA7,2,0.0038639353259930717,6689.437044543873,13386.594301006204,21.814250651571438,13384.874089087745,0.558709825,1.0,1.0055544987132075
ABCA9,3,3.553407157292039e-8,9.577347289326148,21.172320883583396,2.6447188420807954,25.154694578652297,0.979083775,1.0,1.0047075649344168
ABCB10,2,9.346125347304509e-5,1180.303149490213,2382.9020645953824,29.76263524882999,2366.606298980426,0.8163687,1.0,1.0018037631639314
ABCB1,2,7.089032627447998e-5,508.27934185235057,1023.6282821856283,18.94260708490361,1022.5586837047011,0.8907397,1.0,1.0035525674815
ABCB6,2,1.2779270431126622e-6,46.71352765834413,96.74338620000849,4.9510188309735375,99.42705531668825,0.966920575,1.0,1.0029236243182325
ABCB7,2,0.0004630128072931519,2594.2371626574477,5193.506494264333,37.89247901463713,5194.474325314895,0.729412825,1.0,1.0020411794655573
ABCB9,2,9.246994093727857e-5,903.2725516570138,1810.1825980311844,26.270051313397865,1812.5451033140275,0.861707875,1.0,1.0035012170189175
ABCC10,2,2.0272770715042742e-5,874.8725124960998,1753.7424334097793,25.76490884561035,1755.7450249921997,0.857690625,1.0,1.0029240409640956
ABCC11,2,3.204548079473162e-7,25.436207666950118,53.09850236486627,3.6370174674193203,56.872415333900236,0.9735328,1.0,1.0019570827785964
ABCC1,2,7.995374294027337e-5,975.6473084109101,1956.247012268355,27.08995976996504,1957.2946168218202,0.84332405,1.0,1.004620933106909
ABCC2,3,0.002662096028432148,6005.84214961613,12052.228431625168,27.174740419367613,12017.68429923226,0.545215425,1.0,1.0048843514308894
ABCC4,2,0.00023230968406317052,1599.3571853786666,3205.248942372784,33.93299988779737,3204.714370757333,0.8010137,1.0,1.0029625975145644
ABCC5,2,0.00034632738302925757,1566.1207340262104,3140.361028624122,33.485641309007086,3138.2414680524207,0.789097275,1.0,1.004954434009843
ABCC6,2,0.0003288407138095274,481.24789461849707,965.8395395669371,18.72875305609767,968.4957892369941,0.905075625,1.0,1.005016551104971
ABCD1,2,1.3112553388409972e-5,798.0273992463834,1600.058335697819,24.5748689679995,1602.0547984927668,0.8636877,1.0,1.0056510762009014
ABCD3,2,0.0006772635820393638,2124.8250134409386,4253.783071545488,36.89561938547465,4255.650026881877,0.7862275,1.0,1.003393119888203
ABCD4,2,0.0007893625856698861,3607.1859987572157,7218.869167856939,35.907817650487594,7220.371997514431,0.690711375,1.0,1.0014600194253465
ABCE1,2,0.003437258496159793,6813.626913935818,13633.66425646968,18.976569701435167,13633.253827871637,0.538012725,1.0,1.016640068903426
ABCF2,2,0.001042406801125433,3630.0507721039253,7268.826879756102,36.402361054095785,7266.101544207851,0.654941425,1.0,1.0025741913081165
ABCF3,2,0.00033183406342237725,2885.8630956449633,5776.058894850786,37.90634648545322,5777.726191289927,0.73460255,1.0,1.0085070545842971
ABCG1,2,2.9881556149996408e-5,180.09148800973432,363.12294742089045,10.630375261391801,366.18297601946864,0.93930775,1.0,1.0021123791679172
ABCG2,2,4.354236773439219e-5,210.76996916127317,424.68961147326377,11.643356189115378,427.53993832254633,0.933914,1.0,1.0014192288743504
ABCG4,2,1.7189417281231515e-5,142.69870298338714,288.15996182478926,9.293780345051173,291.3974059667743,0.9461672,1.0,1.0034072464591506
ABHD10,2,0.0035843143280524215,4472.682661907753,8950.329831566929,34.64210891679712,8951.365323815506,0.6100446,1.0,1.0038829511127303
ABHD11,2,0.002531757188877807,5091.376815066358,10188.800832678446,29.834727324229537,10188.753630132716,0.57960315,1.0,1.0048945349401257
ABHD12B,2,8.203694879305771e-5,273.8860926979278,565.1479339260994,13.546892654970707,553.7721853958556,0.92155255,1.0,1.0042607511929822
ABHD13,2,0.0008833776570195088,2150.5249883073116,4303.906001539433,36.899977516618925,4307.049976614623,0.809968075,1.0,1.002921665866462
ABHD15,2,7.599165472286357e-5,1000.6054271333968,2004.6679325123168,27.45390072987399,2007.2108542667936,0.8508678,1.0,1.0050191477562185
ABHD17A,2,0.001098630453195823,4973.912001879652,9955.567275917916,30.157802298228763,9953.824003759304,0.602183325,1.0,1.0124119715433397
ABHD17B,2,0.00023309230723865263,1520.454683859135,3043.885551463149,33.31486424198819,3046.90936771827,0.855195975,1.0,1.0030854991418792
ABHD17C,2,0.00039333941254665047,2202.179544302561,4408.928268543127,37.10323266929862,4410.359088605122,0.757930325,1.0,1.0019182571092395
ABHD2,2,0.0002446478835861739,1213.672651811946,2432.576787525848,29.983449474760853,2433.345303623892,0.8214927,1.0,1.005195412127924
ABHD4,2,9.715795237773259e-5,842.7121751571735,1689.558061906512,25.04859510035033,1691.424350314347,0.861170725,1.0,1.003536179230107
ABHD5,2,0.0008032757879014258,2190.7693887268847,4385.008873876454,37.14180706954377,4387.538777453769,0.795866875,1.0,1.004166834432558
ABHD6,2,0.00015421018892574086,1426.572292140155,2856.165630321807,32.37205845670725,2859.14458428031,0.835356,1.0,1.0040068678547234
ABHD8,2,4.9470016266548105e-5,892.1129122192821,1787.6654700394706,25.924744429618688,1790.2258244385641,0.8583973,1.0,1.0016504151637755
ABI1,2,0.0006423184379852514,3511.72831149053,7028.262119246834,36.3161374625038,7029.45662298106,0.69156415,1.0,1.002373611987734
ABI2,2,0.0009142444072062769,4764.359317598515,9533.418368516259,30.06929952056383,9534.71863519703,0.61121295,1.0,1.0050232720262264
ABI3BP,2,1.4210397814376347e-7,17.76840045828291,61.580981182409296,3.0644128318500354,41.53680091656582,0.97539135,1.0,1.001929431480862
ABL1,2,5.364617876409961e-5,954.8041843168628,1912.820171754031,26.988697159166946,1915.6083686337256,0.866359025,1.0,1.003102232250505
ABL2,2,0.0011170713166777171,1948.6456174721977,3901.7443716359007,35.971597075177634,3903.2912349443955,0.795361075,1.0,1.0043977656917344
ABLIM1,3,0.0015267336688504726,4007.979348269149,8028.1160559186965,34.12649201409911,8021.958696538298,0.631247,1.0,1.0069467638118015
ABLIM2,2,3.647891595922687e-5,598.0673633390154,1199.5477996298919,21.077292406889487,1202.1347266780308,0.889294025,1.0,1.0020642999148255
ABLIM3,2,3.3240685674899434e-5,848.0256886239144,1700.262966713324,25.39819710585623,1702.051377247829,0.86126175,1.0,1.0092618701810592
ABRACL,2,0.005114489313047757,9530.851835881427,19074.628412038473,10.321197446415962,19067.703671762854,0.388406275,1.0,1.0087344865909822
ABR,2,0.0001477661871567601,1475.6025922711653,2956.872091343751,32.859594776606556,2957.2051845423307,0.807912175,1.0,1.0017513574883032
ABT1,2,0.0013789648896062308,6136.61200352078,12277.764461053423,22.06103132230208,12279.22400704156,0.587405875,1.0,1.0087077174985164
ABTB1,2,0.0001514748120268193,2834.8763756469634,5677.254239941983,37.82543774119509,5675.752751293927,0.714342325,1.0,1.0031052429535832
ABTB2,2,3.415238449120722e-5,190.4441655309923,383.77049391332724,10.980156003350938,386.8883310619846,0.9385173,1.0,1.0016822682363664
ACAA2,2,0.0004675492085464154,2987.226761317797,5980.873663015343,38.14807961977984,5980.453522635594,0.697809625,1.0,1.0018435784659672
ACACA,2,0.0020967023502507895,3620.081587798727,7247.129258877597,36.145515117594435,7246.163175597454,0.655480975,1.0,1.0057361289694813
ACACB,2,3.642915607570536e-5,606.1843372367437,1216.1890792795355,21.02296832766388,1218.3686744734873,0.882170225,1.0,1.0017347769459166
ACAD10,2,0.0002691975419773948,1143.6580745873546,2298.565988550636,29.10930039027971,2293.316149174709,0.821838625,1.0,1.0019035142813582
ACAD8,2,9.8633198110482e-5,2154.025608120955,4313.829561513196,36.897432449826475,4314.05121624191,0.749141575,1.0,1.0048196048499018
ACAD9,2,0.00020343996332432867,2304.738301954732,4615.633131747879,37.359053633844326,4615.476603909464,0.7422036,1.0,1.002611918374409
ACAP1,2,0.0005436687744907221,1547.289557880288,3099.1616243757176,33.24719573773582,3100.579115760576,0.806200425,1.0,1.005284072418751
ACAP2,2,0.00046762170531687656,4486.206963713076,8977.253408743618,32.11902573096984,8978.413927426152,0.62610485,1.0,1.0048929625164695
ACAP3,2,0.0004233833212293585,1624.2784016049418,3253.4677190664706,33.92733399233635,3254.5568032098836,0.793940525,1.0,1.0038332806177506
ACBD3,2,0.0023349689752215083,5417.6587466349965,10839.614595012588,26.33781408474798,10841.317493269993,0.62070875,1.0,1.009377994261151
ACBD4,2,9.762445782083845e-5,1145.6427360635662,2295.867302433102,29.333581270131354,2297.2854721271324,0.83119145,1.0,1.0024619693402332
ACBD5,2,0.00046628120490510106,3094.833452940121,6194.266524752597,37.64306910997491,6195.666905880242,0.7094029,1.0,1.0073310805754567
ACBD6,2,0.0020944005046332737,6159.466315940501,12323.693319075488,21.268203874058518,12324.932631881002,0.538573225,1.0,1.0081259976044397
ACCS,2,1.980522870331125e-5,621.2832088659763,1245.9186498375004,21.379764749435324,1248.5664177319527,0.883193125,1.0,1.0039093760339075
ACD,2,0.0005088994453406968,3976.916033749314,7958.699581675299,36.31504650388953,7959.832067498628,0.6438427,1.0,1.0055703421089643
ACER2,2,1.2810975690483294e-6,46.713536076090485,96.0048552654158,4.951498913350335,99.42707215218097,0.967208925,1.0,1.00243300880894
ACER3,2,0.0006229337200453813,2064.665112054584,4134.620599253649,36.6100562855915,4135.330224109168,0.77377435,1.0,1.0031167477009377
ACE,3,4.3561507381432176e-5,210.76338441554114,430.258388798137,11.642007563112369,427.5267688310823,0.93241425,1.0,1.0032961527990085
ACHE,2,6.110703712099658e-5,571.3431200520998,1147.4210140710181,20.26711454645811,1148.6862401041997,0.884160575,1.0,1.0024961641426633
ACIN1,2,0.001226312313980438,5712.556488028667,11429.756030218627,26.146465045608686,11431.112976057335,0.554635475,1.0,1.0029415298716648
ACKR2,2,3.192628346610475e-7,25.43620450226104,53.10908576915672,3.6362721517068435,56.87240900452208,0.973702725,1.0,1.001720199986033
ACKR4,2,2.8774366913939495e-6,66.42111099510726,135.20531170970392,6.011834539473781,138.8422219902145,0.962856,1.0,1.0022350823380664
ACLY,2,0.0018128566996189156,5251.239404064649,10545.96256777235,27.99294460014466,10508.478808129297,0.5522837,1.0,1.006911797250887
ACN9,2,0.0016012081263881185,5503.990422448221,11013.728557854753,24.85842946260234,11013.980844896441,0.59842275,1.0,1.005167974092568
ACOT11,2,0.00015099735796439773,2201.818149880327,4407.819219592279,37.05481427541419,4409.636299760654,0.76644665,1.0,1.0052543949887078
ACOT13,2,0.003378954289958584,7085.750625748822,14177.49685334263,15.885843134074268,14177.501251497644,0.542645975,1.0,1.0046270810677493
ACOT8,2,0.0004367341640663493,3212.757065317441,6431.788725774822,37.2346801627816,6431.514130634882,0.69934345,1.0,1.0059776066876442
ACOT9,2,0.0009633762748008309,4522.765697802853,9055.573716249059,32.023767689337205,9051.531395605705,0.599179575,1.0,1.0063143557465357
ACOX1,3,0.00012296617923834223,2489.24614853539,4984.412774406141,37.770582504960366,4984.49229707078,0.7286309,1.0,1.0026576269349616
ACOX2,2,0.0006195723518693834,3249.200496926457,6504.866471081178,37.67085901851626,6504.400993852914,0.680095275,1.0,1.0035973356716046
ACOX3,2,0.0001990524714533581,1264.5250528529907,2533.0008632408253,30.61470127884841,2535.0501057059814,0.82745675,1.0,1.0069696271707997
ACOXL,2,0.0003713714924481623,505.1421752597176,1013.9508494793993,19.249560906992983,1016.2843505194352,0.897576075,1.0,1.0040758124058815
ACP2,2,0.0020100456921120086,2340.16553808444,4684.399206317666,37.654496368208115,4686.33107616888,0.789902275,1.0,1.0094705056049849
ACP6,2,0.0004109491097384972,2477.217938408681,4958.232226629094,37.70665642427085,4960.435876817362,0.763338275,1.0,1.001854572362135
ACPP,2,2.590328125745542e-5,169.6007892036191,342.555051422575,10.267567494979994,345.2015784072382,0.940441975,1.0,1.0024909926926329
ACRC,2,6.957636857266692e-6,97.13605752551356,196.79940098248093,7.453519286893444,200.27211505102713,0.95590545,1.0,1.0020550086078046
ACR,2,4.29510349290084e-6,78.97397228292286,160.51643438858497,6.626320689131528,163.94794456584572,0.95919855,1.0,1.0014202435543658
ACSBG1,2,6.001574797462596e-6,91.15872420120525,185.29578455183108,7.187916882457204,188.3174484024105,0.956143475,1.0,1.0028622184654907
ACSBG2,2,6.958056566811413e-6,97.1360586398424,196.84512265588114,7.453393405805964,200.2721172796848,0.955479075,1.0,1.0033658549635391
ACSF2,3,0.00044392729057779484,1673.2593871128574,3356.445209388841,34.300612690753084,3352.518774225715,0.782349475,1.0,1.002306897937757
ACSF3,2,0.0002926027681118064,3111.098097319179,6225.530923132311,37.396466076945096,6228.196194638358,0.736474575,1.0,1.005028967076922
ACSL1,2,9.35189603535038e-5,905.3812202465674,1824.2710824602025,26.02752286562484,1816.7624404931348,0.844855525,1.0,1.005419091873945
ACSL3,2,0.003859540072138092,6520.896840472889,13046.820933644749,20.39090915410711,13047.793680945779,0.52974815,1.0,1.005276616014915
ACSL4,2,0.00024339540120019065,2653.5112537430014,5323.0806048192535,38.083552177841476,5313.022507486003,0.70198055,1.0,1.0065184360787858
ACSL5,3,0.0031078778552440785,7046.405014879352,14144.310283200088,20.826043325440303,14098.810029758704,0.49784515,1.0,1.0068777694876763
ACSM3,2,0.0003804521391416535,1489.8020409055237,2984.961037549331,32.78785191312098,2985.6040818110473,0.8006775,1.0,1.0042614165138326
ACTA1,2,1.7435295902537455e-6,53.42007186255233,109.4488222271184,5.327767333080358,112.84014372510465,0.965351725,1.0,1.0042801727020165
ACTA2,2,0.00017156050789163323,1149.3488267052405,2303.0325546832287,29.276992017398978,2304.697653410481,0.831155525,1.0,1.0034628621034924
ACTBL2,2,1.1389373891691462e-9,3.023878768244083e-6,1.2967095074751749,1.1441223993092332e-14,6.0000060477575365,0.982457,1.0,1.0024230972042536
ACTG1,3,0.023766415745759217,19968.990524144105,39951.267140097785,1.5907951604181887,39943.98104828821,0.19415265299065573,1.0,1.0575182239040486
ACTG2,2,1.3461075410784159e-8,3.5739155215631944e-5,3.1586370293784247,0.0,6.000071478310431,0.982032375,1.0,1.0032260599465757
ACTL6A,2,0.0005315215339433144,4304.789301594566,8644.402471071986,33.36260336883029,8615.578603189131,0.594628725,1.0,1.0022236235323898
ACTN1,2,0.002522716680234519,5598.7784925430105,11204.59776252965,24.467472900742138,11203.556985086021,0.55524175,1.0,1.006289090115612
ACTR10,2,0.0016676303849506554,5062.624712794009,10140.335578258475,27.537245623023964,10131.249425588017,0.5724597,1.0,1.0047797536318086
ACTR1A,3,0.0011127826720539174,4941.654654899681,9892.072337942302,29.475362145181844,9889.309309799362,0.5881255,1.0,1.007504102136996
ACTR2,2,0.0003306059204401427,4361.791576758738,8779.396291576102,32.823311020778576,8729.583153517477,0.587591475,1.0,1.006130191204131
ACTR3B,2,0.0002001618981901508,2244.9473945353393,4494.981382943538,37.23518610440628,4495.894789070679,0.75135335,1.0,1.0045303692402097
ACTR3,2,0.002213839241945547,7002.8082406010235,14015.756192067327,16.051385131361865,14011.616481202047,0.50546865,1.0,1.0058334513493303
ACTR5,2,0.00033706883380205864,1799.0886502313645,3602.405429547763,35.26885148990673,3604.177300462729,0.79550745,1.0,1.0022910585809492
ACTR6,2,0.0017826863881190873,4194.744512389848,8433.214449237463,32.746566247977796,8395.489024779696,0.601511075,1.0,1.0050760751589782
ACTR8,2,7.351840275609915e-5,2117.436673193716,4239.385371453868,36.75850906667533,4240.873346387432,0.768898925,1.0,1.0040431769177933
ACTRT3,2,7.176469984793083e-5,862.7693491092596,1729.211562316103,25.415514279996273,1731.5386982185191,0.8664059,1.0,1.0023539502731418
ACVR1B,2,1.987188145141677e-5,881.4106509841602,1766.1881204922931,25.86831244323387,1768.8213019683203,0.8618977,1.0,1.0034582589932477
ACVR1C,2,7.202347083828004e-5,259.68081151756945,527.2636932807436,13.136799196109004,525.3616230351389,0.924247975,1.0,1.0025280560206904
ACVR1,2,0.00011377978519656972,1071.8102512915225,2146.9081249240703,28.592199926438994,2149.620502583045,0.8623889,1.0,1.0033500272529314
ACVR2A,2,6.171641147908537e-5,953.3196322331733,1909.8140281215306,26.809506005267963,1912.6392644663465,0.86698235,1.0,1.0018268131298862
ACVR2B-AS1,2,3.548907910054284e-6,72.74762045050866,147.97062927721257,6.326548482798443,151.49524090101733,0.96088215,1.0,1.002046915774811
ACVR2B,2,0.00017533281577801477,1247.3231288054062,2498.0977573220275,30.442853637941344,2500.6462576108124,0.84411795,1.0,1.0031225247059112
ACVRL1,2,3.870314017548073e-5,200.6677066201404,404.5937512809783,11.316853768784101,407.3354132402808,0.935413325,1.0,1.003018096911358
ACY1,2,0.0006616462754865763,634.3981321467197,1275.9040784083145,21.868815377846865,1274.7962642934394,0.87685995,1.0,1.0022036187703987
ACY3,2,0.000115643295256295,315.4548634042538,634.2124858779631,14.701617820502799,636.9097268085076,0.919440775,1.0,1.0019151329489289
ACYP1,2,0.008111342903896365,6030.775815990067,12066.644828461544,27.882492254652373,12067.551631980134,0.542882525,1.0,1.0072477600129646
ACYP2,2,0.0007452152579595332,4296.422280185416,8599.661514835982,32.96096694682831,8598.844560370831,0.616985975,1.0,1.0029043748871438
ADAL,2,0.0002826404343919773,1475.9049957516738,2955.380909510279,32.72369458062641,2957.8099915033476,0.817194925,1.0,1.0035731652961108
ADAM10,2,0.00034391429878648705,2311.389094098643,4630.306263715729,37.43961802952176,4628.778188197286,0.7334403,1.0,1.0068103952492513
ADAM11,2,3.66455369906961e-5,493.82195307569816,1077.2187670148917,18.736898883651577,993.6439061513963,0.890018075,1.0,1.00197335321698
ADAM17,2,0.00022776076982756712,2543.836047105831,5093.911234833472,37.962117706941434,5093.672094211662,0.722171725,1.0,1.0057656097015886
ADAM19,2,0.00017293942043825639,891.746910076852,1789.4070833347748,25.70498049625985,1789.493820153704,0.848752075,1.0,1.0019707610007322
ADAM20P1,2,3.549429894898012e-6,72.74762183637841,147.89313163408315,6.326976303412774,151.49524367275683,0.9612946,1.0,1.0035536281331618
ADAM21,2,6.885250802439195e-5,254.89892937324197,512.8256940069124,12.997856176044387,515.7978587464839,0.9286828,1.0,1.0048926144190813
ADAM22,2,0.00019555361435176662,937.1449423280804,1882.242041802217,26.36487260327811,1880.289884656161,0.842921975,1.0,1.0029394270268548
ADAM32,2,1.7190044904871715e-5,142.69870464972792,288.22186108658286,9.293531891362594,291.39740929945583,0.94590085,1.0,1.0033422825223834
ADAMTS10,2,1.3700470264713417e-5,436.9674211196005,879.3229920582327,17.542170389560418,879.934842239201,0.8999442,1.0,1.0081288227064467
ADAMTS14,2,3.870280470493828e-5,200.66770572946612,404.83335333647216,11.316713110204573,407.33541145893224,0.934941375,1.0,1.0036606428723627
ADAMTS16,2,5.677498385093912e-7,32.76421141850286,67.74789345820751,4.116341244582609,71.52842283700572,0.9717433,1.0,1.0030382417366572
ADAMTS17,2,1.4204219107245752e-5,131.63229685482253,265.89858272841644,8.871662971762007,269.26459370964506,0.9488158,1.0,1.0021807401855678
ADAMTS2,2,3.902398744135371e-6,395.0124651299276,793.7776876479804,16.626384955679974,796.0249302598552,0.90647295,1.0,1.0029528630593076
ADAMTS6,2,0.00012935274218102988,678.5531041205232,1360.5891636665579,22.61705005509008,1363.1062082410465,0.8836311,1.0,1.0037802989662559
ADAMTS7,2,3.0654053193812214e-6,473.87766778786613,993.4476907342028,18.456090241733392,953.7553355757323,0.89259095,1.0,1.0035000088410586
ADAMTSL4,2,4.108967557799758e-5,205.7335528396933,415.5537690514026,11.480898964417458,417.4671056793866,0.933878975,1.0,1.001446354997477
ADAMTSL5,2,0.000178014846398013,1316.0456467498468,2635.402773166611,31.412132538559725,2638.0912934996936,0.8479137,1.0,1.0031989700688253
ADAP1,2,0.0003581269120546632,1535.8403334602306,3075.720642372967,33.21593941958675,3077.680666920461,0.808563625,1.0,1.0028521318447476
ADAP2,2,0.00018323155043454436,2526.4204601313263,5057.491930656993,37.883775844779976,5058.840920262653,0.738010675,1.0,1.003273831329956
ADARB1,2,7.369524817291302e-5,1022.2059001732258,2048.585338138505,27.757762876933597,2050.411800346452,0.84256645,1.0,1.007434083138663
ADAR,2,0.0007743838798786064,4753.989680628361,9513.666633987927,30.46485682717858,9513.979361256723,0.6091324,1.0,1.006892674851842
ADAT1,2,2.8733056417105163e-5,949.2080370942678,1901.9328359561082,26.85065328075317,1904.4160741885355,0.8527576,1.0,1.0047838016047606
ADAT2,2,0.0006077107119017251,1883.6132971063646,3772.8119546110006,35.66565963897555,3773.226594212729,0.7745943,1.0,1.0031919700656242
ADAT3,2,1.495697784627822e-5,564.0684094028148,1131.1371182236153,20.393433797555655,1134.1368188056297,0.90358615,1.0,1.0032566730423773
ADA,2,0.0016385266020532366,3806.7935277619436,7626.491904130859,35.552129160977096,7619.587055523887,0.6322045,1.0,1.005558751005943
ADCK1,2,0.00012079826039034883,817.476464916055,1638.8901047680065,24.96664793741048,1640.95292983211,0.866991975,1.0,1.0034258157240379
ADCK2,2,0.0009783544324515417,2027.1998792404702,4058.334526682131,36.36417197048825,4060.3997584809404,0.7841018,1.0,1.0102059928158562
ADCK3,2,0.000520740600127856,3415.8623762353404,6836.733072369718,36.53828299812747,6837.724752470681,0.69720945,1.0,1.0040831696205186
ADCK4,2,0.0006729315133554075,1958.1586724835938,3920.04316822109,36.06820344461038,3922.3173449671876,0.786632375,1.0,1.0111167367266065
ADCY3,2,0.00016330206812891553,1207.3831236786075,2431.753664404489,29.98526474413637,2420.766247357215,0.815158675,1.0,1.0021900696457733
ADCY6,2,4.38783071525756e-5,750.7590834054091,1506.5091660834191,23.642656170153806,1507.5181668108182,0.864455925,1.0,1.0019635777616567
ADCY7,2,0.00010692954391306473,1229.9847026323055,2465.1281782792544,30.463137415709287,2465.969405264611,0.827431275,1.0,1.0011263369973264
ADCY9,2,0.00012816072417431407,328.98015275767006,661.3262018837462,15.062205603461598,663.9603055153401,0.91774045,1.0,1.0031058224566387
ADD1,2,0.0002608166888756061,3182.582640609569,6435.79231795223,37.21092137172313,6371.165281219138,0.660034125,1.0,1.0026536264740686
ADD3,3,0.0011332215128317562,3119.883118912052,7863.52564436385,37.570015412512504,6245.766237824104,0.658736875,1.0,1.0048734776793562
ADH5,2,0.004096604800686017,8255.987924666872,16525.626615846068,12.52620573273771,16517.975849333743,0.43134975,1.0,1.0086465166905145
ADIPOR2,2,0.0013357669593342834,3780.2601427878685,7566.600562941828,35.86302138675216,7566.520285575737,0.661467275,1.0,1.0067237819195436
ADK,2,0.0023771409080474578,5706.362200821298,11445.681766975167,23.78924098198145,11418.724401642596,0.52743075,1.0,1.0048504554946662
ADM2,2,9.493161087063993e-6,576.0284748769625,1154.9359451766868,20.554149876021558,1158.056949753925,0.899364275,1.0,1.0018521520312196
ADM,2,0.006206823909542857,7531.499651762858,15069.378521608362,26.273476568026343,15068.999303525716,0.51721765,1.0,1.002968300129371
ADNP2,2,0.0005750480811574719,1871.3351173405742,3745.7060647896715,35.595862119141394,3748.6702346811485,0.817644475,1.0,1.00320498872509
ADNP,2,0.0006428454454885965,2897.3416101279577,5799.564626485412,38.64907535959758,5800.683220255915,0.728826275,1.0,1.0077639635476023
ADORA1,2,0.000103771336543385,301.7716067527989,606.6406166674657,14.33048906326571,609.5432135055978,0.923690475,1.0,1.0036795680874382
ADORA2B,2,0.001687916743678364,4483.676017687993,8971.989025045614,33.819673037139246,8973.352035375987,0.635467875,1.0,1.005411913033538
ADO,2,0.00031092113350352575,2611.2351679453327,5226.51195788857,37.88937239622624,5228.470335890665,0.765958975,1.0,1.008474390318923
ADPGK-AS1,2,8.876810318925265e-7,39.83954801396399,150.4912806678642,4.5352827280408485,85.67909602792798,0.96820705,1.0,1.003696166048982
ADPGK,2,0.00036021318090287695,3010.0942893064703,6025.870113223857,37.631778651428455,6026.188578612941,0.710582375,1.0,1.002625188040014
ADPRHL1,2,0.00037417568774612245,2484.899839853826,4990.333685233351,37.73041865102229,4975.799679707652,0.713423,1.0,1.0021421257252419
ADPRHL2,2,0.0018424789501675085,4098.513480550932,8200.065089433814,33.146161239203,8203.026961101865,0.714575525,1.0,1.0031064941586711
ADPRH,2,1.8797565006493238e-5,148.15828977850748,299.13940658308957,9.497238584313916,302.31657955701496,0.94489395,1.0,1.0036292293830285
ADPRM,2,0.00023710295588724037,2436.693492466743,4878.048779090739,37.733818143345516,4879.386984933486,0.7584907,1.0,1.0047456675828723
ADRA2B,2,6.9575875273334035e-6,97.13605739454259,196.82882323869296,7.453265353982532,200.27211478908518,0.9554553,1.0,1.0068518205063095
ADRA2C,2,0.00017669347463759633,1034.959808620268,2073.8515430786465,28.140264942316932,2075.919617240536,0.850647725,1.0,1.0032986522972311
ADRB1,3,2.9892570191537413e-5,180.0860254270559,362.86416867756,10.631010392193756,366.1720508541118,0.943546575,1.0,1.0041201362000702
ADRBK1,2,0.0003558442771524866,1391.8648823814597,2886.8114265511517,31.838104048517355,2789.7297647629193,0.794383,1.0,1.00303780567923
ADRBK2,2,5.433803038792274e-5,1021.7714159461748,2046.7814140280423,27.799679325335287,2049.5428318923496,0.852104725,1.0,1.0036722412025612
ADRM1,2,0.0072998421885389275,10188.755568126955,20383.1240809859,9.177713796585968,20383.51113625391,0.39739815,1.0,1.0051510189033452
ADSL,2,0.0020000089769731336,7578.1455368723555,15162.202984089456,14.247970734434979,15162.291073744711,0.465410825,1.0,1.0062606452462122
ADSSL1,2,0.00017417144066380404,1379.0342797516576,2807.24995494009,31.85909104616395,2764.068559503315,0.796600825,1.0,1.0037347960904102
ADSS,2,0.001174428122793242,4997.43065176182,9999.968707769496,28.600225461201944,10000.86130352364,0.593728825,1.0,1.00509379912101
AEBP2,2,0.0009674307722342129,1991.9881593419223,3987.9166008949815,36.19193075332794,3989.9763186838445,0.7944229,1.0,1.0033008776952308
AEN,2,0.00020528092215187018,2256.766139220697,4517.722354063777,37.37211540455231,4519.532278441394,0.7687485,1.0,1.0039623253965884
AFAP1L1,2,1.2486311121188493e-5,482.0759678880271,969.5384201310144,18.562175812096168,970.1519357760542,0.89419145,1.0,1.0031609716137613
AFAP1L2,3,5.1757460291433945e-6,315.6455193412204,634.8533153375488,14.605108711871482,637.2910386824408,0.91738245,1.0,1.0045135172214317
AFAP1,2,9.804155349035395e-5,997.7285300627775,1999.0743625931523,27.37112937575619,2001.457060125555,0.85306355,1.0,1.0060370308839366
AFF1,2,7.093380818085524e-5,1179.7664942771742,2362.4354836468187,29.806388345214916,2365.5329885543483,0.85879205,1.0,1.002732201406841
AFF4,2,0.0012346248103344058,3615.808934673538,7235.922818978594,36.128987970034785,7237.617869347076,0.69839495,1.0,1.0103065982436177
AFG3L2,2,0.0032880651221594867,5736.357557141502,11479.147939752633,24.50739302637004,11478.715114283004,0.588460775,1.0,1.0057135773279795
AFMID,3,0.0017251969102068708,6097.1566001207775,12249.383193428892,23.8893108130097,12200.313200241555,0.5151008,1.0,1.0042523475672873
AFTPH,2,0.00013035021654016131,2713.6780551011707,5430.724073950618,37.88834623417659,5433.356110202341,0.764112,1.0,1.002960049370693
AGAP1,2,0.0005579964965040651,1943.2548749007879,3889.692369046031,36.024163511969626,3892.5097498015757,0.80312935,1.0,1.0065217373758202
AGAP2,2,0.0001511499738462316,1343.789202487643,2690.775541868513,31.53691013109636,2693.578404975286,0.833047175,1.0,1.0033396391814005
AGAP3,2,0.00031679950197870967,1757.0529222822752,3517.3263727520393,34.98770279675466,3520.1058445645504,0.8141416,1.0,1.0050888060209324
AGAP5,2,5.409738141212313e-5,230.63029005501397,474.5522824193181,12.26448113807977,467.26058011002795,0.92867235,1.0,1.003891398136636
AGA,2,0.00014063971062708823,1383.8830558180573,2771.2783945493393,31.963968786290103,2773.7661116361146,0.825924475,1.0,1.0031759633368915
AGBL3,2,0.00011974458244505185,319.9804394078261,643.04859674875,14.823555327287403,645.9608788156522,0.922887225,1.0,1.004484688994351
AGFG1,2,0.0014132578059591282,3161.9258858928615,6328.208836158066,38.00611003491886,6329.851771785723,0.6983021,1.0,1.0025347262793014
AGFG2,2,1.0208162513417202e-5,549.2010797235163,1101.4631544371434,20.004096036118998,1104.4021594470325,0.892749575,1.0,1.0013429841369295
AGGF1,2,0.0005762148040681833,4492.1909685412675,8988.852922117207,31.471081881403805,8990.381937082535,0.653327925,1.0,1.0062938824516618
AGK,2,0.0003032947573032894,1753.4506089721522,3514.60333855377,35.010438357460686,3512.9012179443043,0.782919525,1.0,1.0026561615473848
AGL,2,0.00023492712413218729,3105.843025614701,6216.184412592706,37.407407475592386,6217.686051229402,0.722490125,1.0,1.0025712444308215
AGMAT,2,1.0260616568280488e-5,114.65027413678284,231.8796075723782,8.194723820743901,235.30054827356568,0.9522089,1.0,1.002650285122845
AGO1,2,0.00043089631209075624,1678.0409251972071,3360.2063816794703,34.34585259893432,3362.0818503944142,0.794861225,1.0,1.0068520625947133
AGO2,3,0.0006509326108970805,2282.4683844308424,4570.482033373105,37.43043898416752,4570.936768861685,0.74484535,1.0,1.0027053164377884
AGO3,2,0.00031646002583945944,2793.584801262713,5591.840474037344,38.045486078427366,5593.169602525426,0.737451725,1.0,1.004620495798441
AGO4,2,0.00010842327310277336,664.1780195439036,1332.6257770378736,22.349619914865833,1334.3560390878072,0.87762615,1.0,1.002804201389158
AGPAT2,2,0.0017026829445170942,7061.970701170946,14129.846756722878,17.384812536600215,14129.941402341892,0.4820123,1.0,1.0033376609828561
AGPAT3,2,0.00036657854914830246,1665.007296664755,3339.0253213757783,34.27540954171787,3336.01459332951,0.78284125,1.0,1.0020968400101142
AGPAT4,2,0.0004374942170696638,1049.4272123656262,2102.564140513345,28.392795155357668,2104.8544247312525,0.8560152,1.0,1.0025559686291727
AGPAT5,2,0.001748983682723034,4363.976512046341,8732.92714154946,35.163362280428686,8733.953024092682,0.61851385,1.0,1.0043778495869498
AGPAT6,2,0.0001902076957263335,2360.8013768571204,4726.152623234127,37.515129616892494,4727.602753714241,0.75573135,1.0,1.006183401339237
AGPAT9,2,0.0004355333499768259,1599.4394727296785,3203.2549061806435,33.720538521451004,3204.878945459357,0.7983659,1.0,1.0053277186284049
AGPS,2,0.00022744124842476486,2901.154847126115,5807.617972994074,37.86805400303391,5808.30969425223,0.713296825,1.0,1.0060522366220248
AGRN,2,0.00017257121378132985,1164.0354085184576,2346.363571276525,29.44846641876635,2334.0708170369153,0.818721975,1.0,1.0059267078721423
AGTPBP1,2,5.801863837144002e-5,1138.7089620916097,2281.47021440719,29.32956094913673,2283.4179241832194,0.835975175,1.0,1.0045185471747191
AGTRAP,2,0.0025806144853814657,5575.123810014756,11158.19471575744,24.386560414735882,11156.247620029511,0.54986455,1.0,1.0051132857235414
AGT,2,8.90073057686073e-7,39.83955436479248,82.03744227771433,4.547870413529211,85.67910872958495,0.969365125,1.0,1.0019535232050674
AHCTF1,2,0.000452725856129235,2844.773507404218,5694.31440941604,38.42060588643646,5695.547014808436,0.7273187,1.0,1.0023988609448091
AHDC1,2,8.494075850675319e-5,1281.3879780298466,2565.6789723645234,30.980410024750558,2568.7759560596933,0.86343775,1.0,1.002346741480453
AHNAK2,2,0.0032838949680253355,4673.07317900301,9351.659362533823,34.04118030000528,9352.14635800602,0.616432025,1.0,1.0058549924167686
AHNAK,2,0.0025236458431233313,6786.334471857073,13577.584230257706,20.089964641178252,13578.668943714147,0.497958075,1.0,1.0052727925353069
AHRR,2,0.00013173005269839948,944.0343468646827,1892.3467108836826,26.546322916876665,1894.0686937293654,0.851045825,1.0,1.003570843681217
AHR,2,0.00046008601803112923,1411.9939820564584,2827.0746918169693,32.43119836877149,2829.987964112917,0.856793025,1.0,1.0031042509933172
AHSA1,2,0.0033768983606156447,7547.173295968582,15100.019780745833,15.369391398761858,15100.346591937165,0.4857933,1.0,1.0059508062285478
AHSG,2,1.5661139875970772e-5,137.18931825928868,277.0428238859921,9.085540486325918,280.37863651857737,0.948103375,1.0,1.0018018969381153
AIDA,2,0.0017556105207352226,3670.1379540571106,7349.4458377376,36.06602324268118,7346.275908114221,0.658883175,1.0,1.0032999426750664
AIF1L,2,0.0003584678793103281,3095.219792813161,6216.110430061567,37.62955235759074,6196.439585626322,0.670052775,1.0,1.008506760656417
AIFM1,2,0.002153871771397356,4785.205035309137,9579.138918710392,29.157128511836223,9576.410070618274,0.597504425,1.0,1.0067483041124992
AIFM2,2,0.0010155151209745154,3668.6749536291027,7343.016962706596,36.06578624338903,7343.349907258205,0.68063845,1.0,1.00515415861623
AIM1L,2,0.0002349943476296959,1344.9423957189226,2693.609565832408,31.46045598317498,2695.8847914378453,0.8258932,1.0,1.0050708752411026
AIM1,2,1.4228194564633519e-5,757.1267586000798,1517.563601546073,23.876502315212655,1520.2535172001596,0.871765075,1.0,1.0036820643615922
AIMP1,2,0.003299045457993293,7909.72536342179,15826.187544170307,13.300970372121833,15825.45072684358,0.485512375,1.0,1.008330540646708
AIMP2,2,0.0029341870283535777,5458.08853948682,10921.060288024282,27.134911891116616,10922.17707897364,0.602508775,1.0,1.0071224265148715
AIP,2,0.0018732707360416445,6387.20179423652,12785.782145668274,20.58557601561335,12780.40358847304,0.549168575,1.0,1.012708403325924
AJUBA,2,0.0011548603284673412,1864.9385579140337,3734.7443796472758,35.500384544826396,3735.8771158280674,0.788483725,1.0,1.0032300730192396
AK2,2,0.002810710144296188,7126.933803755643,14260.882774044456,16.983661279754568,14259.867607511285,0.4763775,1.0,1.0020420773370655
AK4,2,0.0006966279687282532,3347.1447177852883,6699.457927569538,37.350857915401726,6700.289435570577,0.7028814,1.0,1.0051552135004203
AK5,2,2.9892679078640008e-5,180.0860257160967,362.9640825706434,10.630975636877771,366.1720514321934,0.94190785,1.0,1.0023138416800497
AK7,2,2.9528077715923024e-6,469.83392919943464,943.1321675870369,18.373235194524383,945.6678583988693,0.89840325,1.0,1.0026636661476689
AK8,2,1.3497150724459626e-5,461.74936820768875,930.3436646163891,18.106453336128855,929.4987364153775,0.89599985,1.0,1.001303162153878
AK9,2,4.187743015274615e-5,974.8870626307961,1952.9323149339127,27.17638751735643,1955.7741252615922,0.8564986,1.0,1.0023532009020908
AKAP10,2,0.00018886628185042884,1362.414401753368,2727.9294058743612,31.87694069965559,2730.828803506736,0.853558075,1.0,1.003967811839186
AKAP11,2,0.0008472647089297206,1966.7924324293833,3937.8059510137864,36.07469042850849,3939.5848648587667,0.7807753,1.0,1.0026042939960305
AKAP12,2,0.021748251830663583,18997.59633324433,38013.53788258797,2.0234658103190775,38001.19266648866,0.2759286131076137,1.0,1.0196433603022927
AKAP13,2,0.00033443448830700707,3063.7325453287262,6131.5955904570255,37.71658334259939,6133.4650906574525,0.751779525,1.0,1.0036152587608957
AKAP1,3,0.0010854036966722255,3354.2239266264887,6713.365950075467,37.62239670653046,6714.447853252977,0.6788661,1.0,1.0059669419145403
AKAP3,2,7.202216071830917e-5,259.68080803920094,522.4035640887342,13.138484426258643,525.3616160784019,0.928486025,1.0,1.001591779767757
AKAP5,2,3.5490974416200294e-6,72.74762095371497,148.12472173095864,6.326007596663063,151.49524190742994,0.960629275,1.0,1.0021977968725464
AKAP6,2,2.0459242489416596e-5,153.58303891539288,309.8935960394873,9.696232374089506,313.16607783078575,0.944584725,1.0,1.0031496919561225
AKAP7,2,0.0004471355474047246,1579.6890543634563,3164.539019561623,33.55036627563837,3165.3781087269126,0.793798325,1.0,1.0035386173577012
AKAP8L,2,0.0020247055794924674,5571.017274888225,11147.967046626103,23.800410986880003,11148.03454977645,0.587002175,1.0,1.0050598116226361
AKAP8,2,0.0009691252989250808,3102.100029864329,6208.615964604748,37.709929299416636,6210.200059728658,0.72108995,1.0,1.005148657208183
AKAP9,2,0.003559134902195881,8578.38665889028,17161.74169530812,12.075090737019812,17162.77331778056,0.4433165,1.0,1.0057031737986148
AKIP1,2,0.00117988214353823,4672.740994623424,9354.418931094377,31.796029870754165,9351.481989246848,0.590699275,1.0,1.0062899710632494
AKIRIN1,2,0.0010114964182278859,4716.721085255633,9437.903639956792,31.05837718668063,9439.442170511265,0.61054985,1.0,1.0043119848358224
AKIRIN2,2,0.0012849373159249926,3528.180007180933,7061.542384664587,37.1724705441864,7062.360014361866,0.714240125,1.0,1.0067171555043501
AKNAD1,2,6.287642720513387e-5,379.2755704112797,763.1717511533398,16.020365772560837,764.5511408225594,0.9087433,1.0,1.002388356153084
AKNA,2,0.0004321298731404072,536.4553374076024,1076.286596089833,19.91440422682832,1078.9106748152049,0.900802925,1.0,1.001355179401002
AKR1B10,2,3.556372637218314e-6,72.74386597275999,148.30216273868666,6.326363569777849,151.48773194551998,0.9604079,1.0,1.0020953419891372
AKR1C2,2,1.7386088298368223e-6,53.420058797933414,112.22819589635796,5.324949018008095,112.84011759586683,0.965033425,1.0,1.0024630754727462
AKR1C3,2,8.92156102344072e-5,1059.0764842017343,2121.753412323881,28.229661192242354,2124.1529684034685,0.8438664,1.0,1.0049366265045412
AKR1E2,2,5.051950967082875e-6,329.24219949880376,665.2894103299678,14.961588841339031,664.4843989976075,0.9140383,1.0,1.0024423672686305
AKT1S1,2,0.0013325149477593672,6089.604205286231,12189.415784121973,21.58980349110621,12185.208410572463,0.51310975,1.0,1.0076474278506633
AKT1,2,0.00029073826645142713,2495.4916771928783,5011.084511009367,37.73558336321679,4996.983354385757,0.7191177,1.0,1.0043484112570877
AKT3,2,1.0812784474819828e-8,2.8707942780646643e-5,1.4479356830004955,1.1441223994424265e-14,6.0000574158855615,0.982329875,1.0,1.0017670010414026
AKTIP,2,0.00020896520755228805,2716.348332751955,5436.6834210233455,37.901599575064374,5438.69666550391,0.74338675,1.0,1.0036794008819943
ALAD,2,0.0005945786143555779,1815.5490631232299,3638.415969994224,35.49054072585157,3637.0981262464597,0.786262,1.0,1.0032545631410845
ALAS1,2,0.0005728747162434003,4194.650614084079,8394.162409004433,34.133104702520704,8395.301228168159,0.64794155,1.0,1.0059097995198927
ALCAM,2,0.0012691495169443994,4780.012212661337,9585.238044227346,31.65459580445592,9566.024425322674,0.577361075,1.0,1.0101066938838412
ALDH16A1,2,0.0001331347827014736,2344.7233584365486,4716.271237950058,37.45161778901264,4695.446716873097,0.722392075,1.0,1.0014955468503093
ALDH18A1,2,7.29003072625023e-5,2493.1303473646863,4996.033570114937,37.7375991276968,4992.2606947293725,0.7325394,1.0,1.003552768444695
ALDH1A2,2,8.913279288620015e-7,39.839557696475445,82.29119451155518,4.545525395979522,85.67911539295089,0.969148575,1.0,1.0024041706918203
ALDH1B1,2,0.0007299099305050135,3444.4425371615594,6893.460856078763,36.81725417688368,6894.885074323119,0.698797175,1.0,1.0027214806570088
ALDH1L1,2,5.683156564020709e-7,32.76421292074937,67.79817890705682,4.11043566180426,71.52842584149874,0.971315625,1.0,1.0043731319631708
ALDH1L2,2,1.0261987930777698e-5,114.65027777775026,233.0380559629178,8.194028735344617,235.30055555550052,0.95081275,1.0,1.0020974137165135
ALDH3A2,2,0.0008688796368805977,4918.088393695678,9842.726173913488,28.13918120411658,9842.176787391356,0.6074218,1.0,1.0038041373201831
ALDH3B1,2,0.000580137144782529,2012.7340403360568,4034.4690840482444,36.37187448175185,4031.4680806721135,0.762729525,1.0,1.0053826685736813
ALDH3B2,2,1.278643931807644e-6,46.713529561683615,127.71042233196157,4.944145728825115,99.42705912336723,0.966478125,1.0,1.0018778816707405
ALDH6A1,2,7.546829614779052e-5,2635.875598415763,5306.198409453395,37.84942608726161,5277.751196831526,0.70603005,1.0,1.0045900657075055
ALG10B,2,0.0001745513561317115,373.01963036909217,749.322511252146,16.191685237128027,752.0392607381843,0.91307665,1.0,1.0041237629771385
ALG11,2,2.985294620839529e-5,708.5068485395186,1420.2569130141364,22.953322389922764,1423.0136970790372,0.8785786,1.0,1.001530065934397
ALG12,2,0.0007441664466662084,1929.5467312988826,3863.3053265916215,35.88516950210902,3865.093462597765,0.781847275,1.0,1.006142130374998
ALG13,2,0.0013699804173331882,5292.883074957225,10593.945384788738,25.877983551051383,10591.76614991445,0.58143105,1.0,1.0030442730260958
ALG14,2,0.0005061125070673037,3300.4556735677093,6606.108782626679,36.98435126902673,6606.9113471354185,0.69798445,1.0,1.0027491982521068
ALG1L,2,6.577943953521487e-5,250.08622345789735,503.49961279946615,12.85501175720813,506.1724469157947,0.927497575,1.0,1.0028587509514824
ALG1,2,0.0001278885059444346,2368.134855466693,4742.104270194858,37.59011762693299,4742.269710933386,0.7349227,1.0,1.007814319950792
ALG2,2,0.0005358631672661001,3462.1259047458916,6927.90067746331,36.48188078500379,6930.251809491783,0.7352129,1.0,1.0053188008505662
ALG3,2,0.0030148931104182174,5628.568957540318,11262.202271033852,24.550110429177085,11263.137915080635,0.572265625,1.0,1.0113554867969767
ALG5,2,0.001933329935862944,5474.698194186973,10955.322771648898,25.642215583770717,10955.396388373945,0.583610675,1.0,1.0049508962823936
ALG6,2,0.0003829358956771209,1315.3371825341985,2635.9485704030517,31.046333574607317,2636.674365068397,0.812789375,1.0,1.0032408366780592
ALG8,2,0.0014306037198774215,3917.732251403344,7846.229339396181,34.87520068110005,7841.464502806688,0.635623,1.0,1.0048208643714813
ALG9,2,0.00038612701537454826,513.0274429114121,1030.286283583625,19.41865782434638,1032.0548858228242,0.893978725,1.0,1.0028228599231916
ALKBH1,2,0.0004783932719475863,1659.1590632064433,3321.9478292344133,34.17904096584213,3324.3181264128866,0.826129225,1.0,1.0036217311174054
ALKBH2,2,0.0027727291368357027,5487.434999856973,10979.475502476553,26.687641883522932,10980.869999713947,0.6184082,1.0,1.0073678503164902
ALKBH3,2,0.00019389386254119894,3028.3829746095025,6059.862417853151,37.52334225237863,6062.765949219005,0.7591251,1.0,1.003832920737518
ALKBH4,2,0.0008075806564361631,2988.2639925053486,5979.414770555961,37.57343389869835,5982.527985010697,0.77874535,1.0,1.0029625812986112
ALKBH5,2,0.0007617434131967329,4498.827242568343,9001.584715611509,30.837142055319212,9003.654485136685,0.672089,1.0,1.0055040532540844
ALKBH6,2,0.0008522131914744797,3428.140107216309,6864.840363368041,36.92984297963311,6862.280214432618,0.6657674,1.0,1.0095568388090292
ALKBH7,2,0.004016078005082221,9208.43943706129,18445.81235158447,11.024330259482658,18422.87887412258,0.3925943,1.0,1.0083082412378788
ALKBH8,2,0.00018803239776803144,1077.8691849405013,2160.065007791771,28.345892708403657,2161.7383698810027,0.839556925,1.0,1.0022722200310856
ALMS1,2,5.633972044078044e-5,1003.277210864159,2009.7835752612923,27.537453807627827,2012.554421728318,0.85262855,1.0,1.0030313326921048
ALOX12B,2,2.741169317156267e-5,750.6256535932221,1504.3533219316619,23.700286786114802,1507.2513071864441,0.876877325,1.0,1.0042688522537684
ALOX15B,2,1.7407208261739116e-6,53.42006440528369,109.16797439563865,5.328146446120184,112.84012881056738,0.965779975,1.0,1.0029968004380994
ALOX15,2,7.997837358288583e-6,103.03948153672236,216.10304836905237,7.7069365231585065,212.07896307344473,0.9527737,1.0,1.0031738440927163
ALOX5,2,8.548133459451157e-5,278.5723550079688,560.7335427213139,13.683025592118167,563.1447100159376,0.923092825,1.0,1.002596717629658
ALOXE3,2,8.894442759783214e-5,283.2662056279085,570.4849052052128,13.815113105970093,572.532411255817,0.92188125,1.0,1.0032724765615528
ALPK1,2,0.00038130480364438087,1315.5259684000393,2635.722835926052,31.052603679258308,2637.0519368000787,0.818199775,1.0,1.0058047969258213
ALPK3,2,2.220114713049211e-5,158.9617824785781,320.7124072999018,9.89111769412526,323.9235649571562,0.943672475,1.0,1.0024034138227051
ALPL,2,4.294698756737941e-6,78.97397120834835,160.42775749150195,6.626599310533898,163.9479424166967,0.959581725,1.0,1.0029519662406634
ALPPL2,2,2.143424994199325e-9,5.690793359599208e-6,1.1437086781147372,8.090167070589817e-15,6.000011381586719,0.982595475,1.0,1.0015641111864055
ALS2CL,2,2.224772075126916e-5,628.6564693617519,1289.0801411135612,21.51214543978695,1263.3129387235037,0.873763325,1.0,1.0034586262564407
ALS2,2,6.82796125503467e-5,1061.7436522921473,2126.764912875167,28.308620433669695,2129.4873045842946,0.8467934,1.0,1.0043184072755158
ALX1,2,5.677636829147102e-7,32.76421145525976,67.74201266489335,4.1159349974437935,71.52842291051952,0.971657275,1.0,1.0031903290173318
ALYREF,3,0.00575131492668677,8138.616352829827,16304.547480838171,17.674098483660696,16283.232705659653,0.480161825,1.0,1.0104459548735365
AMACR,2,4.354151921967541e-5,210.7699669084666,424.67628102160603,11.643436222005134,427.5399338169332,0.9343041,1.0,1.0033010714507002
AMBP,2,2.089096728749669e-8,5.5465518148303714e-5,1.811469131494845,8.090167070589817e-15,6.000110931036296,0.9820937,1.0,1.00155218483452
AMBRA1,2,3.2997370740690437e-6,525.4766031814814,1053.8959197804652,19.589367398343565,1056.9532063629629,0.905266425,1.0,1.002240335864293
AMD1,2,0.0021146395026502836,6050.705095042421,12106.622844391004,23.895751988886268,12107.410190084842,0.56733345,1.0,1.0101422344429076
AMDHD1,2,2.2052640439836663e-5,845.3991323253364,1694.4819958796986,25.29230127987374,1696.7982646506728,0.861660925,1.0,1.0064180617504448
AMDHD2,2,0.0002587118205899618,2157.704870305864,4321.529167209275,36.929179114014325,4321.409740611728,0.744432925,1.0,1.0038575016571503
AMER1,2,3.414935886495281e-5,190.4441574979546,383.7187696273756,10.980416472324958,386.8883149959092,0.939911475,1.0,1.002199525674896
AMFR,2,0.0005044483060137752,2993.8230892724696,6151.878551605633,38.03344101533371,5993.646178544939,0.671048475,1.0,1.0019508392876904
AMHR2,2,8.196221379096347e-5,273.8950168066615,553.1490710810348,13.54844343298711,553.790033613323,0.9225294,1.0,1.0017273670527913
AMIGO2,2,3.8702771076081535e-5,200.6677056401815,404.20281083576157,11.31748501158762,407.335411280363,0.937469725,1.0,1.0038093424981713
AMMECR1L,2,3.820608022195408e-5,822.4833473451245,1648.0879522795942,24.86263298157262,1650.966694690249,0.8713064,1.0,1.0045725053550905
AMMECR1,2,0.00022155190446224024,1474.7917412962179,2952.9236152295425,32.762304976659095,2955.5834825924358,0.81843525,1.0,1.00429719336694
AMN1,2,0.0017915325847049515,3617.575828013496,7243.577621274681,37.57290930264318,7241.151656026992,0.671728075,1.0,1.0050964964066242
AMN,2,2.989270308181478e-5,180.08602577981313,363.3818703140596,10.63031493467299,366.17205155962625,0.9386285,1.0,1.0037736234465995
AMOTL1,2,0.00048562069501952997,1647.17106662279,3298.1564634057663,34.08671648921564,3300.34213324558,0.810521775,1.0,1.001899988515933
AMOTL2,2,0.0005657486416445164,1883.155306801877,3769.1947322688034,35.67326444800996,3772.310613603754,0.828828025,1.0,1.0025431337286594
AMOT,2,0.00015988005440532776,359.9678505605398,723.707322094791,15.863269381479363,725.9357011210795,0.912061425,1.0,1.0012272318127586
AMPD2,2,0.0004310133662344379,1908.5487917142716,3821.3249614710717,35.923159890375715,3823.097583428543,0.79485605,1.0,1.001556954254459
AMPD3,2,1.9971144220916363e-5,824.8408194943934,1653.1567521353427,25.020918470230768,1655.6816389887867,0.868203475,1.0,1.003669134959345
AMY2B,2,3.5531582718000413e-6,72.74763173521909,150.6599267092128,6.324859911227705,151.49526347043818,0.960087225,1.0,1.0015743790157539
AMZ2,3,0.0036812994700033503,7921.29825753885,15857.927832169233,13.507378785662853,15848.5965150777,0.4554475,1.0,1.013065336054644
ANAPC10,2,0.0012214396028971898,4564.463055605894,9133.35401884123,30.877376580519073,9134.926111211787,0.662001625,1.0,1.0062075325763653
ANAPC13,2,0.0022181884614008228,6440.838815642181,12886.866796816446,20.369355961058723,12887.677631284361,0.563493525,1.0,1.007131926764146
ANAPC1,2,0.0003834477296282549,1696.7338119152575,3397.3215633720524,34.512445644907885,3399.467623830515,0.79753315,1.0,1.0045708755127811
ANAPC2,2,0.0002275319084174222,2441.000442501232,4888.092787689638,37.73320538517196,4888.000885002464,0.72672115,1.0,1.002004499315474
ANAPC4,2,0.000461303996835443,1936.8513306994246,3877.2164601384493,36.03693592736345,3879.702661398849,0.7982092,1.0,1.0032887278419356
ANAPC7,2,0.0003940641692220077,2598.1468826893188,5204.686955112682,37.846200974030594,5202.2937653786375,0.72378665,1.0,1.0062373359646986
ANGEL1,2,5.51151955240101e-5,832.7537601644018,1669.7416452254145,24.97638342157134,1671.5075203288036,0.85828195,1.0,1.0046536220004672
ANGEL2,2,0.000612033290787913,2022.4964167836963,4048.497905109821,36.41658880226236,4050.9928335673926,0.791813225,1.0,1.0047644899229429
ANGPT2,2,0.0003913837603221946,927.4933249336707,1859.4116877077854,26.065720666979963,1860.9866498673414,0.852277625,1.0,1.0016399491507944
ANGPTL4,2,0.0013304594444557975,1439.0139165868327,2882.684540870975,32.06699405434391,2884.0278331736654,0.81350665,1.0,1.0079820909440282
ANGPTL6,2,1.0260648623231314e-5,114.65027422188874,237.9203367139277,8.192990851177685,235.30054844377747,0.950463475,1.0,1.0020253128198053
ANG,2,0.000491537282334308,2920.487819821292,5846.024753119628,38.39131472591563,5846.975639642584,0.7164138,1.0,1.0125780415832686
ANK1,2,1.0260764127924653e-5,114.6502745285537,232.1826528680252,8.194200975611137,235.3005490571074,0.951335225,1.0,1.0025394386627602
ANK2,2,7.532094836422637e-5,264.4231356777448,531.8793424535685,13.277226040629724,534.8462713554896,0.927195075,1.0,1.0016787362735637
ANK3,2,0.00027098610532184377,1328.9801399272174,2662.139413788949,31.26368505703188,2663.9602798544347,0.819965425,1.0,1.0041076105325943
ANKAR,2,5.111094194274028e-6,85.10928598069204,172.70397058702937,6.913628216965686,176.21857196138407,0.958160625,1.0,1.004316692319555
ANKDD1B,2,5.114328927323896e-6,85.10929456890828,183.6618973453228,6.910753401052204,176.21858913781656,0.9569279,1.0,1.0047756415084559
ANKEF1,2,0.00011479150414511135,1041.1174720739666,2086.0529039065423,27.943594266651477,2088.234944147933,0.84406265,1.0,1.0040972710891751
ANKFN1,3,1.566127687825062e-5,137.18931862302972,278.0317909995846,9.084743367078012,280.37863724605944,0.94642375,1.0,1.005685317022178
ANKFY1,2,0.0001319534330263955,1365.9094290727908,2735.5803590625364,31.880092172304597,2737.8188581455815,0.82938625,1.0,1.0027010327031043
ANKHD1,2,0.00026074817810550386,1158.4219068577459,2321.287052288934,29.31066975714119,2322.8438137154917,0.832284725,1.0,1.001899744783849
ANKH,2,0.0005457014156494802,1909.651680231315,3826.1761033779685,35.841749568133636,3825.30336046263,0.7709786,1.0,1.0018916442971337
ANKIB1,2,9.860036845749372e-5,2289.4191682951923,4582.659362638989,37.314535499396335,4584.838336590385,0.763875925,1.0,1.0033644005780913
ANKK1,2,5.680618325829313e-7,32.76421224684713,68.73250072956758,4.108793963341916,71.52842449369426,0.9710682,1.0,1.003072848707617
ANKLE1,2,0.00015945446161308235,1077.703166440117,2159.445378869688,28.374502071415964,2161.406332880234,0.840659925,1.0,1.0024709826127027
ANKLE2,2,0.0022231794972130147,4019.4171285684756,8044.177478218199,34.854140277347824,8044.834257136951,0.6591344,1.0,1.0060630391518504
ANKMY1,2,7.77155621365706e-5,787.1556553339437,1577.4779705696053,24.460363199826418,1580.3113106678875,0.8824276,1.0,1.0027339073597654
ANKMY2,2,0.0005516283168613642,2028.7395328038856,4061.611396847819,36.49445475842347,4063.479065607771,0.78556915,1.0,1.0044350027566045
ANKRA2,2,0.0001478664082831638,2308.766521293891,4622.636699204561,37.47441811612898,4623.533042587782,0.743485675,1.0,1.0017045663505488
ANKRD10,2,0.0015277260460641363,4544.651096268892,9094.699438612088,32.15278996555197,9095.302192537783,0.60515215,1.0,1.0037128371644652
ANKRD11,2,0.010883433110271904,11275.639609745349,22556.905959842716,7.9157070945599,22557.279219490698,0.3469633,1.0,1.0069981785844517
ANKRD12,2,0.0015519662440170504,6040.29386051837,12085.32626607174,23.287970520836307,12086.58772103674,0.597416625,1.0,1.008729765426709
ANKRD13A,2,0.0002127586447198631,1320.2092582258424,2647.4089232216047,31.210494892071004,2646.418516451685,0.81047065,1.0,1.0025017518233152
ANKRD13B,2,7.069810510120993e-5,872.6309151675441,1749.2892779679169,25.569830811183678,1751.2618303350882,0.856356675,1.0,1.001960324944979
ANKRD13C,2,0.0005519461034760517,2028.6180097738102,4060.5054215932714,36.490194546754836,4063.2360195476203,0.804667325,1.0,1.0053941519384724
ANKRD13D,2,0.000822721774329468,1892.476472504376,3788.962922550137,35.668832515348996,3790.952945008752,0.800937975,1.0,1.0037373002632612
ANKRD16,2,0.0002323669848011922,1548.5723517108297,3100.3681259329405,33.542457902282784,3103.1447034216594,0.840229025,1.0,1.0021359136454475
ANKRD17,2,0.001902006143004124,4217.657456153088,8439.545247344338,32.79354464551582,8441.314912306176,0.70249705,1.0,1.003795426498563
ANKRD18A,2,0.0005825463082778013,1689.1869917736974,3383.482194566786,34.36775860744851,3384.373983547395,0.7882693,1.0,1.005182870764066
ANKRD18B,2,0.00014585574017346215,346.7816986491268,696.8851401158363,15.526571274760766,699.5633972982536,0.91606735,1.0,1.00271737949779
ANKRD1,2,1.6244905486822237e-8,4.313022406751304e-5,1.5410718232987097,8.090167071531637e-15,6.000086260448135,0.982315925,1.0,1.0022021882332297
ANKRD20A1,2,8.889461992405745e-7,39.8395513729833,113.52910589298035,4.537087368976775,85.6791027459666,0.96833755,1.0,1.003917624502736
ANKRD20A4,2,5.694088358782265e-5,235.53884558284562,480.84685283092034,12.415392706384528,477.07769116569125,0.927914175,1.0,1.0025583291072029
ANKRD22,2,5.998873440632773e-6,91.16117147370512,185.55346759080672,7.187713606723758,188.32234294741025,0.956031,1.0,1.0018691224886733
ANKRD23,2,6.969092594485318e-6,97.13608794049588,204.7644622296749,7.451382888569869,200.27217588099177,0.95427245,1.0,1.003737876322729
ANKRD24,2,4.3541486079937594e-5,210.7699668204806,426.13065504749477,11.64264563172213,427.5399336409612,0.9330172,1.0,1.0072987933331
ANKRD26,2,0.0010014125268319042,3451.0009377469446,6907.724206783386,37.44421450826119,6908.001875493889,0.68914495,1.0,1.008498141667746
ANKRD27,2,0.0002528190930263507,1623.941368753145,3251.069995578316,34.03113907734821,3253.88273750629,0.8186835,1.0,1.0033855705425223
ANKRD28,2,0.00022974584531633874,1451.463073251533,2906.3821838820754,32.531488658912636,2908.926146503066,0.8176038,1.0,1.0063460472382055
ANKRD29,2,0.0010947079520302147,3121.6795850541243,6250.774975780784,37.80676847941282,6249.359170108249,0.6792518,1.0,1.0043514134394338
ANKRD2,2,1.7481832561592118e-6,53.4200842180353,109.85915644224072,5.325665420898344,112.8401684360706,0.965290275,1.0,1.0024978451371114
ANKRD31,2,3.414932173827116e-5,190.44415739938324,383.7340671705514,10.980312879813539,386.8883147987665,0.939441,1.0,1.0015225006076032
ANKRD32,2,0.0008183522789239345,2642.9517409752234,5290.673067443074,38.583302432900986,5291.903481950447,0.73088225,1.0,1.0102830460309515
ANKRD33B,2,1.4983518482119228e-8,3.978124157002655e-5,1.3542170231981858,1.1441223993258824e-14,6.0000795624831404,0.9824718,1.0,1.0022909883245328
ANKRD34A,2,4.6068089241914816e-5,215.77781448520957,434.44960641674453,11.803162446643116,437.55562897041915,0.935958225,1.0,1.002995597902057
ANKRD37,2,0.0003932812373682173,1951.6354276585978,3907.628023797689,35.96284883048257,3909.2708553171956,0.7779523,1.0,1.0102623022398007
ANKRD39,2,0.0014246988940154214,5990.55487971752,11985.91210976462,23.014275485368657,11987.10975943504,0.5425262,1.0,1.0055126524271967
ANKRD40,3,0.00030980460288615127,2998.3163041736257,6001.222894206448,37.816063356562005,6002.632608347251,0.715441175,1.0,1.0057670128959177
ANKRD42,2,6.000687501328017e-5,961.0740489475138,1925.7365983981808,27.082019271215575,1928.1480978950276,0.858403675,1.0,1.0034842166002778
ANKRD44,2,5.135521102583448e-5,225.70376058098162,454.5264398253652,12.114288887294848,457.40752116196325,0.931741475,1.0,1.0020575884212133
ANKRD45,2,6.575474673560443e-5,250.09432245182595,503.51393270277214,12.855321398591357,506.1886449036519,0.9281335,1.0,1.0015665602617896
ANKRD46,3,0.00032532326335096487,1617.863192439859,3238.777483943466,33.93322970411496,3241.726384879718,0.8213183,1.0,1.0026208593493227
ANKRD49,2,0.0004914144801816591,3080.3744530869753,6165.194845808446,37.7939765007752,6166.748906173951,0.756394425,1.0,1.0029412474166246
ANKRD50,2,9.993257781065084e-5,1062.8343165490978,2128.7060036626317,28.46968969846534,2131.6686330981956,0.87365585,1.0,1.0084372229684504
ANKRD52,2,0.0003412862408457645,1769.1912965312717,3541.781948702595,35.052667061006225,3544.3825930625435,0.80648905,1.0,1.0050672408648782
ANKRD54,2,0.0007714614616976216,3650.743072249152,7305.201981237723,35.75579409197491,7307.486144498304,0.7252113,1.0,1.0041684936097741
ANKRD61,2,5.685582472540806e-7,32.76421356482808,67.72061978562205,4.116379330644908,71.52842712965617,0.971702,1.0,1.001592901374152
ANKRD62,2,1.5662209177836094e-5,137.18932109828512,277.0780035691808,9.085608764763085,280.37864219657024,0.947849225,1.0,1.0029462172650019
ANKRD65,2,3.248548007737593e-7,25.43621934893107,53.49444801385797,3.6301689092454508,56.87243869786214,0.973389025,1.0,1.0036691343628013
ANKRD6,2,7.192042593108445e-5,875.9617976783519,1758.5851623394856,25.618428832112908,1757.9235953567038,0.849751475,1.0,1.0040663658421374
ANKRD9,2,0.0006826117575429452,3104.9456589792962,6215.616961192319,38.05742811675583,6215.8913179585925,0.68767785,1.0,1.002286793346132
ANKS1A,2,5.202559466394166e-5,2373.3648133212896,4749.859662412624,37.52648840054863,4752.729626642579,0.779113625,1.0,1.0055582688703109
ANKS3,2,0.0005053050430098862,2664.720711460119,5332.548566361978,37.85202670104243,5335.441422920238,0.7732304,1.0,1.0021603971104032
ANKS6,2,0.0003530770620272117,2158.6658760938017,4322.824183931231,36.92853690230125,4323.331752187603,0.753041375,1.0,1.009026672025088
ANKZF1,2,0.00027683089206220063,2779.4689247333113,5562.839472065835,37.919145574932934,5564.9378494666225,0.747051625,1.0,1.0023241446461053
ANLN,2,0.0025574447261112842,1994.4131730411868,3997.846940183712,35.97681978612194,3994.8263460823737,0.77124895,1.0,1.0049414198875894
ANO10,2,0.00038659811186684564,1474.2452968076905,2954.0455897082975,32.63995410464371,2954.490593615381,0.799696325,1.0,1.0035933820063856
ANO1,2,0.00023037801067215378,1178.894923248235,2527.9745508371093,29.570711166246955,2363.78984649647,0.81385535,1.0,1.0046723510009714
ANO4,2,6.95754391610992e-6,97.13605727875479,196.86216606030737,7.453128260937809,200.27211455750958,0.955250075,1.0,1.0020683286355727
ANO5,2,5.6888435473836314e-5,235.538706333103,474.1425156251179,12.4172231624169,477.077412666206,0.93123555,1.0,1.0017763683665013
ANO6,2,0.0008916632517143243,2144.4227623302663,4298.347651335277,36.875396436174576,4294.845524660533,0.749844325,1.0,1.0050762275145322
ANO7,2,3.29677401287266e-6,441.210666972757,885.5765602405012,17.721845184814864,888.421333945514,0.902871975,1.0,1.0055483033166355
ANP32A,2,0.0039371851068349985,7743.69857136971,15493.354996516598,14.198272811455032,15493.39714273942,0.452409925,1.0,1.0068548939798956
ANP32B,2,0.010069353411962948,11304.709381882756,22614.91926423775,7.943547945349648,22615.418763765512,0.350984825,1.0,1.0058069018616913
ANP32E,2,0.010992526249772991,6925.851638174257,13989.243447868286,26.51050135382098,13857.703276348513,0.5182639,1.0,1.003760786438584
ANTXR1,2,0.0003098733565081495,1494.3439232032458,2994.6823456464263,32.87233023191255,2994.6878464064916,0.797865275,1.0,1.002349981844855
ANTXR2,2,4.236944698399424e-6,364.75181062971853,732.5883556242898,15.880229573593931,735.5036212594371,0.91250625,1.0,1.0025568275603036
ANXA10,2,9.6818864575899e-5,390.7989129165462,788.9096995738788,16.23739739353283,787.5978258330924,0.9065992,1.0,1.0013177227283463
ANXA2R,2,5.065307945627764e-6,311.07657267162693,625.1969690537472,14.485821517138515,628.1531453432539,0.92081725,1.0,1.0027935045554839
ANXA7,2,0.0020437850103632808,6425.056508496829,12870.021864802382,18.91019669043273,12856.113016993659,0.49191975,1.0,1.0069178897728748
ANXA9,2,0.00020187855780907257,1146.579596411351,2297.9617370246215,29.209122387338116,2299.159192822702,0.829388175,1.0,1.0018314981926548
AOAH,2,1.151007844208541e-5,120.36217100204446,243.38336577358857,8.426780593217433,246.72434200408892,0.950681925,1.0,1.0020370400594358
AOC2,2,5.688894124168759e-5,235.5387076759166,475.0354650253871,12.41633974577844,477.0774153518332,0.9291356,1.0,1.0051680635236515
AOC3,2,1.5661456725252254e-5,137.1893191005235,282.2173647126433,9.08388395589198,280.378638201047,0.945885125,1.0,1.002736962058116
AOX1,2,1.310278112527324e-8,3.478788388760045e-5,1.8063079473016097,8.090167070589817e-15,6.0000695757677756,0.98231635,1.0,1.002380395697367
AP1AR,2,0.00023115778072570466,2509.16775287187,5026.96024200959,37.98016052776107,5024.33550574374,0.71774615,1.0,1.001109034267958
AP1G1,2,0.00038371711642281507,1777.7140425226808,3558.756473319929,35.20218655248672,3561.4280850453615,0.821988575,1.0,1.0047063202714714
AP1G2,2,0.0005227451220119916,2613.348125083657,5236.656089573331,37.874480449921634,5232.696250167314,0.712323425,1.0,1.0048149189706628
AP1M1,2,0.0008408947132777274,1973.106792775976,3951.1858694598664,36.10738805611142,3952.213585551952,0.772802875,1.0,1.0011555524276854
AP1S1,2,0.0060652183011575865,9667.775606331968,19350.93144088181,10.018917628579231,19341.551212663937,0.3984357,1.0,1.009267450701167
AP1S2,2,0.00031403385994923494,3185.944425945967,6382.315843962373,37.29567154714789,6377.888851891934,0.682094675,1.0,1.0044822243643148
AP1S3,2,0.0020577479613897855,5105.771866393984,10217.830264074935,29.56512227960897,10217.543732787968,0.582304575,1.0,1.0059759969925604
AP2A2,2,0.000907508143776703,3748.9334185526845,7502.90067985126,35.36037868087013,7503.866837105369,0.6836346,1.0,1.0037875206474467
AP3B1,2,0.0024970508933787384,4212.707630373496,8433.593522503546,33.2648614737116,8431.415260746991,0.6380637,1.0,1.0110244885514958
AP3B2,2,1.3921104274188161e-9,3.696053184796957e-6,2.98106177502903,0.0,6.00000739210637,0.981968475,1.0,1.0041466165331068
AP3D1,2,0.0025767022667836483,6308.279528023827,12622.252316087775,21.616944589833953,12622.559056047654,0.514922175,1.0,1.0064695364438672
AP3M1,2,0.0005328122585120381,1925.250896086331,3854.8917138658844,35.94168153614136,3856.501792172662,0.778270825,1.0,1.0055017774915547
AP3M2,2,0.0004617851294676929,1911.907764499285,3827.5984601839027,35.962088449925645,3829.81552899857,0.79803255,1.0,1.0026052592197847
AP3S2,2,1.9032069111014387e-5,639.7631804597203,1282.7169220934998,21.73686818365147,1285.5263609194405,0.883800475,1.0,1.001237000779875
AP4B1-AS1,2,1.2802676870859997e-6,46.71353387275387,96.59562349237574,4.950689374475169,99.42706774550774,0.9670019,1.0,1.0030125806372547
AP4B1,2,4.352122755168152e-5,750.7581353590688,1504.9778755934335,23.646404539816487,1507.5162707181375,0.873090425,1.0,1.0025633137671668
AP4E1,2,6.71841373212133e-5,905.316161055225,1814.304910894896,26.082546805820943,1816.63232211045,0.85603325,1.0,1.0024567365787465
AP4M1,2,0.0003767381342358669,2484.766684172672,4972.707555710923,37.71522851187249,4975.533368345344,0.772429575,1.0,1.0060835142108466
AP4S1,2,8.510022578991504e-5,1086.1869445145117,2175.5971840519305,28.59926858895428,2178.3738890290233,0.84817255,1.0,1.0027457835025975
AP5B1,2,0.00018209775332468845,1421.8764092711676,2846.637768599878,32.29170819280043,2849.7528185423353,0.848239225,1.0,1.0020531232764247
AP5M1,2,0.000800117779134099,2585.6963437349073,5175.376157590652,37.85304708491779,5177.3926874698145,0.758117375,1.0,1.0013506785941562
AP5S1,2,6.033947341280238e-5,1121.187470334696,2245.365889762743,29.10330683531788,2248.374940669392,0.8565656,1.0,1.0035398786240275
AP5Z1,2,3.098709098170927e-5,844.6920879365066,1692.8337527538592,25.3450877028388,1695.3841758730132,0.866952875,1.0,1.0024307522142317
APAF1,2,0.00097872743388954,1980.981949439283,3966.0728265185303,36.13495230960433,3967.963898878566,0.7891027,1.0,1.0028734589575805
APBA1,2,8.408831426634096e-9,2.2325447437713525e-5,1.5866458584487113,8.090167070589817e-15,6.000044650894876,0.982257975,1.0,1.0048932664249703
APBA2,2,5.675976728642919e-7,32.764211014503076,68.20085359987888,4.106823273710187,71.52842202900615,0.9710892,1.0,1.0039574311795936
APBA3,2,0.0007004149095033458,1945.8288419901248,3895.077461403888,36.205447694817785,3897.6576839802497,0.8148006,1.0,1.0069596656639903
APBB1,2,7.486308007120308e-5,1156.744027712169,2319.004643877325,29.51592565660876,2319.488055424338,0.82764855,1.0,1.0036594876345601
APBB2,2,0.00019255098712543125,1570.6522155873886,3144.7666834119746,33.654039941154,3147.304431174777,0.819188625,1.0,1.0072646510278147
APC2,2,5.133593430440513e-5,225.7109177957402,454.4604480471688,12.114514122861207,457.4218355914804,0.932363175,1.0,1.0018077201617617
APC,2,0.0005033033708907309,2869.2062295486735,5742.729897857498,38.27928168304004,5744.412459097347,0.72883095,1.0,1.0040025947063758
APEX1,2,0.005253033635752784,10362.428460379773,20731.011599145768,8.638338337448952,20730.856920759546,0.416660425,1.0,1.0015112613139958
APEX2,2,0.00045601968515280374,3157.980798445612,6319.557561329388,37.40201543094576,6321.961596891224,0.735084375,1.0,1.0034048094371415
APH1B,2,0.00012779861300498473,1337.7523487465505,2678.825938160081,31.502360079088096,2681.504697493101,0.83047075,1.0,1.0040548968308396
API5,2,0.0006455499736736377,3013.3032736059986,6037.441399940599,38.409825647035134,6032.606547211997,0.686189675,1.0,1.0090263356899751
APIP,2,0.002883834918317494,5861.073203958946,11735.626308870498,22.5619994586704,11728.146407917891,0.53292225,1.0,1.0063808409052457
APLF,2,5.688869723215695e-5,235.53870702807131,474.40138083818425,12.416615677942957,477.07741405614263,0.929701325,1.0,1.0036530004234754
APLN,2,6.16075991171827e-9,1.6356817565612006e-5,1.4995895592064477,0.0,6.0000327136351315,0.98224815,1.0,1.0033280814428824
APOA1,2,3.37511274447496e-6,432.92570490930297,868.6577848414325,17.532371391829496,871.8514098186059,0.913000475,1.0,1.0032899280440644
APOA2,2,3.199299681879939e-5,185.2788453030324,373.5924080329165,10.806687305410819,376.5576906060648,0.9382398,1.0,1.0033205428626275
APOBEC3C,2,0.0021776144896974276,5150.714858494479,10336.6029254978,28.19666371734036,10307.429716988958,0.551424375,1.0,1.0077678060779574
APOBEC3D,2,1.2823291443981533e-5,126.0252673219382,255.49493085294782,8.651530090909672,258.0505346438764,0.94852795,1.0,1.0046999448114151
APOBEC3F,2,0.0002423158244428747,1414.891121813641,2833.354082607808,32.16753962374133,2835.782243627282,0.822788875,1.0,1.0028094007592179
APOBEC3G,2,2.046737382195821e-5,153.57851982374535,309.9014321183323,9.696267845351842,313.1570396474907,0.9444427,1.0,1.0027973648223651
APOD,2,6.580691978627698e-5,250.07813029910702,503.6071533524269,12.855028811853568,506.15626059821403,0.9274195,1.0,1.0032629771602561
APOL1,2,2.2201107414880098e-5,158.96178237313316,320.8601148542373,9.89079799829789,323.9235647462663,0.943074975,1.0,1.0035909504778786
APOL2,2,0.0001509672569492671,1379.1107952442135,2761.3883449776267,32.01698681183566,2764.221590488427,0.846892575,1.0,1.004029308681938
APOL6,2,2.876812883894955e-6,66.42110933889833,135.2275122183535,6.012133686033757,138.84221867779667,0.962683675,1.0,1.0029646240999384
APOLD1,2,0.0009690791883820035,1494.636270170324,2994.335882455759,32.66976827624578,2995.272540340648,0.80537,1.0,1.002419797095856
APOOL,2,3.0939022340059385e-5,844.729002865239,1694.4023760415857,25.344253503129174,1695.458005730478,0.857384075,1.0,1.0024407706606295
APOO,2,0.0014267761716973645,5101.115500795573,10229.34025179175,28.162500956550975,10208.231001591146,0.55417325,1.0,1.0046773979915333
APOPT1,2,0.0012893560630889893,6086.471232275011,12177.869235516326,22.276414277946174,12178.942464550022,0.532093375,1.0,1.0069097408228127
APPBP2,3,0.0007495185913080646,3301.5514987298234,6606.7639616572715,36.996229689036845,6609.102997459647,0.72557965,1.0,1.004155470764643
APPL1,2,0.0021359132705474227,5429.648145428863,10866.249887611591,26.781365292907314,10865.296290857726,0.593712225,1.0,1.0175706191569809
APPL2,2,0.0006609369427687478,2078.631606890128,4175.286717286793,36.742255301241066,4163.263213780256,0.75042345,1.0,1.0054883151091845
APTX,2,0.0014833952187874987,3939.6620955918097,7884.980135462402,34.690877579630595,7885.324191183619,0.663020325,1.0,1.006122176811782
AQP11,2,3.64177270132722e-5,195.55950381254434,393.9907990771452,11.15024666919665,397.11900762508867,0.938226575,1.0,1.0024527459909989
AQP1,2,4.354279768451556e-5,210.76997030279077,424.8195106033346,11.64310351985031,427.53994060558153,0.9337417,1.0,1.0022350973946739
AQP3,2,0.0006748303285671815,1615.462387281179,3237.110013422718,33.77199635510277,3236.924774562358,0.785855725,1.0,1.0016116297566215
AQP5,2,2.8380382508671513e-9,7.534991556052287e-6,1.9957244447676328,8.090167085658927e-15,6.000015069983112,0.98216665,1.0,1.003773184401491
AQP6,2,7.992342803557699e-9,2.121967014344569e-5,2.083179200882153,1.1441224003747803e-14,6.0000424393402865,0.981692475,1.0,1.0027380229121037
AQP7,2,3.1929441191119295e-7,25.43620458609864,53.44946808844673,3.6278653071577986,56.87240917219728,0.97342465,1.0,1.0018430211323675
AQP8,2,5.677922548530776e-7,32.76421153111826,68.09933235704557,4.107223378115529,71.52842306223651,0.9712487,1.0,1.0024319020289711
AQPEP,2,9.088521489425703e-6,108.87613458717094,220.88979457800065,7.954860999421897,223.75226917434188,0.9523108,1.0,1.0027582832746997
AQR,2,0.00015518127623688396,1490.8970549979676,2985.4867197830076,33.008971563451695,2987.7941099959353,0.82001015,1.0,1.0019751442602345
ARAF,2,0.00020830876293960894,2910.795270958731,5827.3418625564245,37.74762809929274,5827.590541917462,0.71722945,1.0,1.0026980616348153
ARAP1,2,4.457947313848303e-5,946.6102095208753,1897.6340000522248,26.75614841297698,1899.2204190417506,0.8476386,1.0,1.00739695449358
ARAP2,2,9.854044750680863e-5,994.6113521817326,1992.8244687153926,27.32649242938618,1995.2227043634653,0.852614575,1.0,1.0048385273806015
ARAP3,2,0.0002904319100886558,762.5954059859166,1529.0081484788564,24.112491887707982,1531.1908119718332,0.8746455,1.0,1.0028217676293667
ARCN1,2,0.0015084464168429455,4059.9166203596437,8124.540210038415,33.69529694811484,8125.8332407192875,0.67906125,1.0,1.0045711824604713
ARC,3,0.0006378622713624695,2972.566724717106,5949.291181895671,38.17890850375968,5951.133449434212,0.7273757,1.0,1.0102062983827358
AREL1,2,5.548321232030126e-5,829.403122927054,1662.7910693272465,24.92131806265989,1664.806245854108,0.86023005,1.0,1.003302480590754
ARF3,2,0.0024353262198323305,5686.1576392367315,11380.620867788291,23.839782921653033,11378.315278473463,0.5559697,1.0,1.0060525077035354
ARF4,2,0.004155524025014833,8038.110910326888,16081.788357514268,13.045538856275916,16082.221820653776,0.4584857,1.0,1.0143781634008013
ARF6,2,0.0010914237897979065,6152.581491346315,12309.945073778368,23.087931083875425,12311.16298269263,0.59928015,1.0,1.0046629775347515
ARFGAP1,2,0.0005605657546722369,1779.688320509664,3562.9998864257714,35.02450609989096,3565.376641019328,0.802140725,1.0,1.0040868234221574
ARFGAP2,2,0.0010824990026279116,3681.127360819169,7368.19297200327,35.91093287913754,7368.254721638338,0.659780375,1.0,1.007846488942622
ARFGAP3,2,0.0003188203990413499,2551.3174704015887,5108.220126326882,37.968862653921406,5108.634940803177,0.719597875,1.0,1.0047898669996935
ARFGEF1,3,0.00023865818521305072,2411.5836336130183,4827.423445332831,37.61208208447554,4829.1672672260365,0.7501424,1.0,1.0030483823931167
ARFGEF2,2,0.00014010800979893985,1386.389383297987,2776.08566324774,31.990523993224365,2778.778766595974,0.8265268,1.0,1.0041955247161833
ARFIP1,2,0.00046264436738406063,3184.0379703718418,6373.212733253565,37.511458948837,6374.0759407436835,0.697244625,1.0,1.0159741698666096
ARFIP2,2,0.0016241759305522876,6123.675014470665,12252.354518530547,21.58156646667461,12253.35002894133,0.553437425,1.0,1.004269279910002
ARFRP1,2,0.00020458962938283822,2685.24549360164,5374.868851626544,38.01550070938997,5376.49098720328,0.743229025,1.0,1.0040799077506235
ARG2,2,0.0004902363232136196,2019.928661748817,4048.171553502645,36.32600879288036,4045.857323497634,0.751877975,1.0,1.002487373651472
ARGLU1,2,0.0029184366504393846,9103.417000977573,18211.546930871304,10.99016369470976,18212.834001955147,0.409875425,1.0,1.0063437281566272
ARHGAP10,2,0.0017441424788471674,3561.4076964213955,7127.026783176218,36.21879861371896,7128.815392842791,0.70691525,1.0,1.0057216472196862
ARHGAP11A,2,0.003231250701189917,2544.372044492344,5094.917813143493,38.80698657938281,5094.744088984688,0.742646675,1.0,1.000913633260469
ARHGAP11B,2,0.0013703860012706061,1814.2212467478937,3633.7008992795495,34.870626465680544,3634.4424934957874,0.778733875,1.0,1.0031618921700163
ARHGAP12,2,0.001979535543604151,6038.648965078917,12082.37829933665,25.014481813606867,12083.297930157834,0.5697101,1.0,1.0043670914511031
ARHGAP17,2,0.00033819917543273645,1502.4191206433384,3008.636751387393,32.93108454772537,3010.8382412866767,0.8145979,1.0,1.0059574264733988
ARHGAP18,2,0.0065086153072673745,10275.4925754656,20556.350800841188,9.488132868926149,20556.9851509312,0.395471625,1.0,1.0090730652148265
ARHGAP1,2,0.000997284544814603,1916.69156122145,3839.213471470069,35.78893694888226,3839.3831224429,0.769004875,1.0,1.0026467597050424
ARHGAP21,2,0.0007166985000332216,1485.34264008542,2975.7243345268157,32.64249669497625,2976.68528017084,0.803491725,1.0,1.0017076742267947
ARHGAP22,2,0.00013667500876940298,1186.915721169366,2377.191847973893,29.781752528563114,2379.831442338732,0.8480097,1.0,1.0031443667527988
ARHGAP23,2,0.00016846228540322615,1101.437204397133,2206.194778178986,28.98763466455297,2208.874408794266,0.86018185,1.0,1.0034117017025403
ARHGAP24,2,8.196150805612501e-5,273.89501493293545,550.8207995528393,13.550108991454225,553.7900298658709,0.928805275,1.0,1.0026596509064916
ARHGAP26,2,0.0001831090628434617,1216.2100110592496,2436.2112770110593,30.076447101981643,2438.420022118499,0.83428645,1.0,1.002766813537605
ARHGAP29,2,0.007472489035871576,13322.495551806483,26650.639539637163,5.283446017641965,26650.991103612967,0.336773975,1.0,1.0004934214106413
ARHGAP30,2,8.87160406471625e-7,39.8395466317035,81.93042775440422,4.550116736818755,85.679093263407,0.969373175,1.0,1.0019602786172566
ARHGAP31,2,1.2818749939289506e-5,126.02525526424324,254.7037071734336,8.65227996588755,258.0505105284865,0.9495728,1.0,1.0021705417150306
ARHGAP32,2,0.0003194787842362134,1452.2251456989636,2907.65658068934,32.76339926772132,2910.4502913979272,0.846652625,1.0,1.007306416163244
ARHGAP35,2,0.0004907560000107511,3093.170065173386,6191.186120004701,37.970737716551746,6192.340130346772,0.724364875,1.0,1.0076852856421241
ARHGAP39,3,4.662290775269864e-5,1105.7712405047641,2215.201612258265,28.947608456840392,2217.5424810095283,0.8424302,1.0,1.0060083886501119
ARHGAP40,2,7.526351028110951e-5,264.4404630752498,532.3171044840998,13.276822792228364,534.8809261504996,0.9254046,1.0,1.0054337782601124
ARHGAP42,2,3.269530473001998e-5,661.7453934326072,1326.9389896195185,22.09179337557341,1329.4907868652144,0.8800504,1.0,1.0023641313375027
ARHGAP44,2,2.575194187854269e-6,501.87709653630236,1008.2027897640894,19.080183766729633,1009.7541930726047,0.89327055,1.0,1.0057705936309385
ARHGAP5-AS1,2,1.634363153185557e-5,814.8260405171678,1632.6232447832194,24.855478614645616,1635.6520810343357,0.883436325,1.0,1.0037685421707394
ARHGAP5,2,0.0002807762821083237,2819.411291169621,5643.424994048876,38.11714606851283,5644.822582339242,0.7323641,1.0,1.0023931958519097
ARHGAP8,2,0.0002127792988316151,1425.1099271845521,2870.773378264636,32.286422227986364,2856.2198543691043,0.795184325,1.0,1.0056655245850645
ARHGDIA,3,0.006250515497646074,10063.76323251661,20139.198009121767,9.539837823162276,20133.52646503322,0.3643756,1.0,1.007127553660015
ARHGDIB,2,2.2858776030865748e-5,556.8812499973965,1117.3313228942568,20.09206961488785,1119.762499994793,0.888691575,1.0,1.0042262336893502
ARHGEF10L,2,6.35439009755744e-6,541.0208245743128,1085.1206385670837,19.916455604418914,1088.0416491486255,0.8976766,1.0,1.0041897063043201
ARHGEF10,2,9.436433770641136e-5,2161.7461299697757,4335.494231333769,36.93104152371117,4329.492259939551,0.738014275,1.0,1.002556961108454
ARHGEF11,2,2.150981042441198e-5,900.7922926870532,1804.9082987119477,26.17146866893847,1807.5845853741064,0.8641226,1.0,1.0031688717132494
ARHGEF12,2,0.0006297487555434118,3395.703040654515,6797.810871529665,36.97429014734237,6797.40608130903,0.675670625,1.0,1.0053613710253027
ARHGEF16,2,0.00018262910585924137,2799.7728254392546,5603.738155673688,37.87482392673012,5605.545650878509,0.733825075,1.0,1.0045951237139215
ARHGEF17,2,0.0001224873981048869,1134.20222645577,2271.936172849972,29.151659729160038,2274.40445291154,0.840973275,1.0,1.0021549864704682
ARHGEF18,2,4.505401529927331e-5,940.2733479754291,1883.7785441474293,26.66140406036606,1886.5466959508583,0.856091225,1.0,1.0037138577113631
ARHGEF19,2,0.0009544210006266794,3483.3757021032957,6970.71918931057,36.48517414120546,6972.751404206591,0.721137925,1.0,1.0038050261867184
ARHGEF1,2,0.0005055676517598548,3346.4821405213543,6698.353267286888,36.788608234897396,6698.9642810427085,0.69216565,1.0,1.0054331204622737
ARHGEF26,2,2.239808609296504e-5,838.780828424726,1680.5372155892337,25.186536481741065,1683.561656849452,0.874150925,1.0,1.0030137457631663
ARHGEF28,2,3.520255119266724e-5,624.9070512918089,1253.5062358617831,21.39018003387874,1255.8141025836178,0.8828797,1.0,1.0019019802785878
ARHGEF2,2,0.00028979795981166955,1537.5733982747408,3078.2693817495656,33.274603518002955,3081.1467965494817,0.835373425,1.0,1.0042885215757804
ARHGEF35,2,0.0016066181413958117,5248.526019637142,10501.716571826862,27.645986944379864,10503.052039274284,0.619860825,1.0,1.0059082114418771
ARHGEF37,2,6.935898753589958e-5,780.398231163498,1565.7743349410614,24.344802431606208,1566.796462326996,0.8647401,1.0,1.003828273535763
ARHGEF39,2,0.0015052080068975711,1978.3102968410278,3963.442351453791,35.938028671929786,3962.6205936820556,0.77263725,1.0,1.0051076751564372
ARHGEF3,2,4.001490155744446e-5,1005.135235631543,2013.3210500411178,27.666317509689996,2016.270471263086,0.87167705,1.0,1.0037059960903112
ARHGEF40,2,0.00039238592481102635,803.3768368404417,1610.2419799643806,24.80080866127378,1612.7536736808834,0.8785742,1.0,1.0044427479426303
ARHGEF4,2,8.444559302827731e-6,617.3223490892476,1237.8802813511413,21.37400602988665,1240.6446981784952,0.885309625,1.0,1.0035699180180035
ARHGEF5,2,0.0012738337254590375,3508.3110756956066,7022.240866094572,37.457652005214086,7022.622151391213,0.702034,1.0,1.0031152844941313
ARHGEF6,2,9.62146336498676e-5,292.55737726527593,588.9165751234121,14.07536400625423,591.1147545305519,0.920945625,1.0,1.0041051274117565
ARHGEF7,2,0.0002503700984695103,1478.030234302811,2959.2465728765856,32.768221155481704,2962.060468605622,0.82997355,1.0,1.0051902564172674
ARHGEF9,2,9.770326856378327e-5,1265.4565636554269,2535.68314042011,30.757742730907076,2536.9131273108537,0.82333535,1.0,1.0030301977352913
ARID1A,2,0.0007321126948711015,3290.161313625954,6584.777729820628,37.74863762357831,6586.322627251908,0.727715225,1.0,1.0056499887324823
ARID1B,2,0.0006676765366825104,1913.598949487056,3830.453308891378,35.82104918546185,3833.197898974112,0.805545175,1.0,1.00213239271408
ARID2,2,0.00012669256040594496,2206.40773680108,4417.100213396449,37.12572812974911,4418.81547360216,0.7698638,1.0,1.005080457846116
ARID3A,2,0.0006289895159310162,1908.4059986400166,3819.8497384340194,35.80015567578075,3822.811997280033,0.82026045,1.0,1.0045356948246953
ARID3B,2,4.1086359225185445e-5,205.73354403477657,414.3224263885772,11.48186226371601,417.46708806955314,0.93720535,1.0,1.0027980454300152
ARID4A,2,0.001834344679262734,3799.7143811177107,7603.909461528935,36.21729825393132,7605.428762235421,0.705032575,1.0,1.0036509937955624
ARID4B,2,0.002517385086282424,7391.668863405827,14788.509250373349,15.559619431697998,14789.337726811655,0.5390561,1.0,1.004222124257178
ARID5A,2,0.0002251582837946492,2163.745709303857,4331.8651897710315,36.93591613497735,4333.491418607714,0.78468025,1.0,1.0055243140857557
ARID5B,2,0.003996293016192283,4421.588803953157,8848.938359127056,38.487232171242766,8849.177607906315,0.628721025,1.0,1.0015144881316966
ARIH1,2,0.0005527105570157615,2382.40050989073,4770.16258935488,37.66463450440461,4770.80101978146,0.747531175,1.0,1.0048188256866903
ARIH2OS,2,0.0003288405312033203,481.24789413367756,965.6627634035166,18.728451743388238,968.4957882673551,0.91221555,1.0,1.0016678161323864
ARIH2,2,0.001679225102747534,4101.889326130504,8219.08329410782,33.468544622828425,8209.778652261008,0.61763445,1.0,1.002770296695252
ARL11,2,5.676401858633011e-7,32.76421112737509,67.71456459099329,4.113665921843232,71.52842225475018,0.971674125,1.0,1.003847602131142
ARL13B,2,0.0007635926913189278,1800.3570683687512,3605.3353489683946,35.11340928227576,3606.7141367375025,0.78595825,1.0,1.003120042323013
ARL14EPL,2,0.00031113282989882717,1213.5826534968162,2432.126456670382,29.937107242549473,2433.1653069936324,0.82083945,1.0,1.0030415438799358
ARL14EP,2,0.001584823541952011,4017.6150255891316,8039.833181882393,34.11805219549173,8041.230051178263,0.7059395,1.0,1.0070657965171175
ARL14,2,3.120191379978153e-5,423.6410757414608,851.2528152707581,17.167357858881772,853.2821514829216,0.904795575,1.0,1.001138661438177
ARL15,2,4.625712921980199e-5,1102.8758573756081,2208.934534374046,28.907988815254672,2211.7517147512162,0.85336065,1.0,1.0010444508950267
ARL1,2,0.0009365602968173727,5911.319485585595,11844.604482116476,22.553388012126533,11828.63897117119,0.51509385,1.0,1.0055670639734822
ARL2BP,2,0.0017518707709809297,5584.600460883802,11176.033656023605,24.091885721239,11175.200921767604,0.573312725,1.0,1.0036434007083976
ARL3,3,0.0056537644939777,8782.824460137379,17592.195627501907,11.72254131276241,17571.648920274758,0.3938396,1.0,1.0100115167521888
ARL4A,2,0.00295295710857856,6491.445655620847,12987.991193624557,21.73407279572748,12988.891311241694,0.5713511,1.0,1.0086678328284673
ARL4C,2,8.710256282818275e-6,548.7172650774733,1100.462096400889,20.077329479136097,1103.4345301549465,0.90117385,1.0,1.005765996101556
ARL4D,2,0.00040337989063388813,2296.459088158974,4597.563700193077,37.42823255678369,4598.918176317948,0.780209625,1.0,1.0023288710348224
ARL5A,2,0.0036227873182725925,8153.416475777878,16311.677491462104,13.083225872762782,16312.832951555756,0.440900075,1.0,1.0032707220467785
ARL5B,2,0.0010622022224207205,2522.0486664300556,5048.715803681178,37.856955056056535,5050.097332860111,0.75333945,1.0,1.0019860518742723
ARL6IP1,2,0.05380323643505762,9545.14035603884,19128.194660018336,18.485884626439972,19096.28071207768,0.469498125,1.0,1.0016283300071558
ARL6,2,2.0431080793266864e-5,606.3532661482128,1216.1224093509343,21.088752664036534,1218.7065322964256,0.884818625,1.0,1.0028133312856802
ARL8A,2,0.0008453773618825755,3490.034969497973,6984.896767333123,36.942862548734766,6986.069938995946,0.701200075,1.0,1.0031638760337307
ARL8B,2,0.00028014391014327027,2388.3893607885298,4782.854716944256,37.69658565542943,4782.7787215770595,0.72798935,1.0,1.0019002947657758
ARL9,2,3.194713038659393e-7,25.43620505574678,53.16943945465353,3.640965353342081,56.87241011149356,0.973538175,1.0,1.003326895852372
ARMC10,2,0.0025054017773641795,7376.28368115163,14758.523890458453,15.59590742499883,14758.56736230326,0.466464625,1.0,1.0079262270581963
ARMC1,2,0.000773202404033032,4378.303592065553,8761.8083126576,34.3790196082952,8762.607184131106,0.64347165,1.0,1.005682355042866
ARMC2,2,0.00043212991769082595,536.4553375258837,1076.7867943037368,19.914021998396326,1078.9106750517674,0.892371025,1.0,1.00357580670583
ARMC3,2,8.901247960031762e-5,283.24737209528075,569.6485874368632,13.815855989387197,572.4947441905615,0.924572425,1.0,1.0026008712926102
ARMC4,2,3.7015542544718127e-6,407.76881701209885,819.2188893743295,16.934056663766356,821.5376340241977,0.9052617,1.0,1.0037984597537806
ARMC5,2,0.00010513914619319353,1334.4050245342635,2671.8265718653975,31.50079380052617,2674.810049068527,0.84788555,1.0,1.0042163975020897
ARMC6,2,0.000648721957784019,2503.048380018759,5010.839628075332,37.79234867189155,5012.096760037518,0.737134825,1.0,1.0033996290798213
ARMC7,3,0.0008023041706080961,1979.2767115637255,3961.682569211545,36.14799806664215,3964.553423127451,0.812493425,1.0,1.0044454714048676
ARMC8,2,0.0007528017104736135,2058.8290692686296,4121.50239355929,36.54809090100048,4123.658138537259,0.77919205,1.0,1.002666299652548
ARMC9,2,0.00020116182299264915,1358.2225159162745,2719.9258920114194,31.631867805073625,2722.445031832549,0.826887575,1.0,1.0020646075192283
ARMCX3,2,0.0011112962910493458,4527.383548674692,9059.303340012286,32.21386750769956,9060.767097349384,0.62280905,1.0,1.0101395062812395
ARMCX5,2,0.00016766453649987205,1521.9219650336167,3046.8920233068247,33.26551253278855,3049.8439300672335,0.83702905,1.0,1.0027615811982988
ARMCX6,2,0.0014411460330506784,4816.3883853347315,9637.38727565814,30.32615924429986,9638.776770669463,0.639516475,1.0,1.0138106701591554
ARNT2,2,3.4387509260862047e-6,428.76478218609867,860.6221804442933,17.432631192959356,863.5295643721973,0.90497495,1.0,1.005281864802256
ARNTL2,2,5.307937392342552e-5,1033.9819144423482,2072.95758745777,27.97001769980182,2073.9638288846963,0.839475375,1.0,1.0021997857713276
ARNTL,2,0.00021597987309870755,1202.06194456359,2408.370087046611,29.875539096484058,2410.12388912718,0.830311725,1.0,1.005532804000353
ARNT,2,0.00013936450515346564,1451.65168960662,2906.8970826233076,32.65582449806786,2909.30337921324,0.8238314,1.0,1.0019624055478908
ARPC4,2,0.006513778658060542,7227.097427195626,14567.56175905092,15.689540480898875,14460.194854391251,0.44422445,1.0,1.0084746101736761
ARPC5L,2,0.003923409250617235,7710.224601143942,15426.512972271543,15.003935986100004,15426.449202287884,0.50538395,1.0,1.0064446331718016
ARPC5,2,0.003320301930356722,8294.063804656833,16598.987646876732,12.970433416167927,16594.127609313666,0.42546295,1.0,1.0094892635331532
ARPP19,2,0.0023306493553917236,7492.941460624964,14991.407511944144,15.55615516239549,14991.882921249928,0.48911365,1.0,1.0106858241526022
ARRB1,2,0.00024909562650451847,1631.6376219367396,3267.122114371766,34.17934689296437,3269.275243873479,0.81205125,1.0,1.0028252625155418
ARRB2,2,0.002528373405454796,3902.378825535179,7814.964331580057,34.99786515534347,7810.757651070358,0.642087775,1.0,1.0036068928228268
ARRDC1,2,0.0028495595818075,5669.154239013221,11344.758687792664,24.294447432589042,11344.308478026442,0.562090475,1.0,1.0071456328587034
ARRDC2,2,0.00010029056823733435,2255.6209415936255,4514.849991905333,37.221749906584165,4517.241883187251,0.78774305,1.0,1.004252788562844
ARRDC3,2,7.139792275018561e-5,887.0790173593207,1777.0570758151944,26.018318587673605,1780.1580347186414,0.89378875,1.0,1.002430378088079
ARRDC4,2,2.8069245483518328e-6,481.91273740571256,966.6569277527998,18.64512740386151,969.8254748114251,0.90980365,1.0,1.0028467123638924
ARSB,2,6.273024074305877e-5,245.26646225116053,519.057838013559,12.708098383073052,496.53292450232107,0.925873725,1.0,1.002850253320219
ARSD,2,0.00023555925145284846,2043.3493248888649,4094.600193237247,36.44430961136956,4092.6986497777298,0.75155995,1.0,1.0022613011864892
ARSG,3,0.0002791703997655976,1239.4461435488863,2494.0236435726397,30.2579996086231,2484.8922870977726,0.81283075,1.0,1.0020237190185906
ARSJ,2,1.5180810925779955e-5,394.6459742733557,792.7715506266591,16.54388448869041,795.2919485467114,0.909352025,1.0,1.0035663301828535
ARSK,2,8.254166514078202e-5,1231.3649426326845,2466.144632285705,30.396226582996285,2468.729885265369,0.837376175,1.0,1.0061648784402195
ART5,2,0.0006135347503019793,1692.459843221135,3389.288920024462,34.727071030500134,3390.91968644227,0.80945165,1.0,1.0037567806958982
ARTN,2,0.00016484720160051116,1389.4953205436213,2781.9823511102304,31.98876560219032,2784.9906410872427,0.838031875,1.0,1.0030803789723137
ARV1,2,0.00034909214184555826,921.8045991319811,1846.980357176426,26.613533981758838,1849.6091982639623,0.8751232,1.0,1.0015965947111294
ARVCF,2,0.00019826010326425334,1368.8301129064498,2742.0401355071044,31.740820225318743,2743.6602258128996,0.813714625,1.0,1.0031051199809207
ARX,2,2.7854427566775064e-5,174.86399334227818,352.4932914202132,10.45133430600438,355.72798668455636,0.9418073,1.0,1.0015475432134198
ASAH2B,2,6.147982185058979e-5,956.4805859035188,1916.1851641811988,26.857036490341162,1918.9611718070375,0.858427075,1.0,1.0015961956980364
ASAP1,3,0.0010238171323824652,4344.293423939053,8694.755411769274,33.793963333848616,8694.586847878107,0.642158425,1.0,1.0126437744333543
ASAP2,2,0.00033295337810002176,2217.3970207039406,4439.430202955758,37.24829521220688,4440.794041407881,0.74867275,1.0,1.0034118909412764
ASAP3,2,4.5857600754137305e-5,609.2551252083488,1223.3876257897723,21.29729191425385,1224.5102504166975,0.88147815,1.0,1.0029916998409778
ASB13,2,0.00029480888301249724,1444.6363743971895,2893.023290713856,32.419297824649846,2895.272748794379,0.81812055,1.0,1.0035975924063703
ASB16-AS1,2,0.0009294723937100988,2026.4872651480598,4056.574776216307,36.3613798959451,4058.9745302961196,0.794572925,1.0,1.006502788085331
ASB18,2,8.659367908153739e-9,2.299062179614818e-5,1.2122662402339386,1.1441223993175577e-14,6.000045981243592,0.982256225,1.0,1.0031225531268413
ASB1,2,0.0005739716841258974,2032.3544634638386,4067.9168826655555,36.481793733777735,4070.708926927677,0.80354115,1.0,1.004400226190074
ASB4,2,1.2791079987947595e-6,46.71353079378146,96.04309337454045,4.951027226739568,99.42706158756292,0.96724905,1.0,1.0020876293156042
ASB6,2,0.00014415563630933007,1370.5266731378272,2744.042455164693,31.821991369284728,2747.0533462756543,0.8397672,1.0,1.002662750372313
ASB7,2,6.620277536185565e-5,1076.7581290254968,2156.446969455199,28.513763794109256,2159.5162580509937,0.865408875,1.0,1.0017684313974218
ASB8,2,0.00041740014871098657,1890.3483175942235,3783.763237007555,35.827865215334214,3786.696635188447,0.825086825,1.0,1.00270676898264
ASB9,2,0.00011435842808537615,1316.8717759880064,2654.822681153617,31.379399017595407,2639.743551976013,0.805637075,1.0,1.006448235169836
ASCC1,2,0.0002189446880624976,2321.9224951846613,4648.474972604321,37.4451498406309,4649.844990369323,0.759800575,1.0,1.0046261732935386
ASCC2,2,0.00036996879040556287,3242.3334904707326,6489.80249208243,37.05235070710228,6490.666980941465,0.70472785,1.0,1.0022813407350148
ASCC3,2,0.0015664323217561718,4606.603061413262,9217.822564707145,32.796226434199966,9219.206122826525,0.6118593,1.0,1.0174892859981752
ASCL5,2,7.860598312856384e-5,269.1695250081014,541.3754581221203,13.414513703343026,544.3390500162028,0.927879125,1.0,1.0041494478115895
ASF1A,2,0.0009965459810061421,4532.459125058012,9069.366588801955,32.48155471304919,9070.918250116025,0.64063555,1.0,1.0047997789232403
ASF1B,2,0.003091429992660853,3385.0980356933424,6779.094209273118,41.27916688240911,6776.196071386685,0.6973565,1.0,1.0019234100579888
ASH1L,2,0.0012119866169412136,4752.241057665233,9508.727473892137,30.93209806575886,9510.482115330466,0.644007725,1.0,1.004109751438301
ASH2L,2,0.00010256428779213041,2480.7013147410944,4965.695916918909,37.718114457781944,4967.402629482189,0.747178575,1.0,1.0041416769918134
ASIC3,2,6.000581421001538e-6,91.161176008393,216.57288441463322,7.184617943712006,188.322352016786,0.9552864,1.0,1.006434617797044
ASIC4,2,3.419496918393282e-5,190.42665687423403,485.1484703075054,10.974226539781752,386.85331374846805,0.93508635,1.0,1.0023201524852763
ASIP,2,2.007099820685727e-9,5.328850023920606e-6,1.4736529673118068,1.1441223993092332e-14,6.000010657700048,0.9822244,1.0,1.0023605937474405
ASNSD1,2,0.0009013445844025237,4850.0339283907315,9705.000870542815,29.458044963635558,9706.067856781463,0.63215805,1.0,1.0041834738741837
ASNS,2,0.0027933285515441136,3217.5396314392474,6467.268362086161,38.61032371445635,6441.079262878495,0.668931575,1.0,1.0036973706912298
ASPHD1,2,0.0006872572508774355,2138.144047085717,4282.401863862839,36.87699552745432,4282.288094171434,0.744047475,1.0,1.0034837081757992
ASPHD2,2,2.1050617925424147e-5,861.8485064365115,1726.667001778769,25.558445679663187,1729.697012873023,0.8747692,1.0,1.0043916157319879
ASPM,2,0.005845387303138546,3457.7805816779355,6921.619421627797,42.01079034642449,6921.561163355871,0.70530055,1.0,1.0003328594926266
ASPRV1,2,5.111425620896561e-6,85.10928686062972,173.17764691538164,6.912930320803578,176.21857372125945,0.957538325,1.0,1.002368048123737
ASPSCR1,3,0.0005146411841000012,4559.519967827389,9125.006515728193,31.623438016421016,9125.039935654779,0.61838165,1.0,1.0046481985919995
ASTE1,2,1.6782633268862052e-5,694.0565523634045,1391.0295175331055,22.753448542729327,1394.113104726809,0.889714925,1.0,1.0048286978928704
ASTN2,2,9.154760068082767e-5,882.5389947178636,1769.0373681807785,25.684522352806468,1771.0779894357272,0.859027025,1.0,1.0028270831671038
ASUN,2,0.0016840638578390354,3850.952620049992,7707.510818319856,35.56239322303447,7707.905240099984,0.693517825,1.0,1.0035660777522422
ASXL1,2,0.0012249147216228634,3606.0121780672866,7217.316523570313,36.92653581333372,7218.024356134573,0.701306375,1.0,1.0072786388510269
ASXL2,2,0.0004956201956799311,1815.701640951183,3634.4439319555618,35.28089866460402,3637.403281902366,0.81651915,1.0,1.0039499906568854
ATAD1,2,0.0012678639258161535,3565.410891837008,7136.269817713753,36.47858812126791,7136.821783674016,0.668227575,1.0,1.004191398677531
ATAD2B,2,0.0002358001405392087,1239.305075035661,2482.6930284790938,30.295217880659948,2484.610150071322,0.841915725,1.0,1.0051676064810569
ATAD2,3,0.012076545203055622,5617.5804370719925,11241.513737540343,40.461486119045944,11241.160874143985,0.6227882,1.0,1.0051277954750983
ATAD3A,2,0.0014411319332064906,3260.976105899958,6531.803177172866,38.13354384596435,6527.952211799916,0.66817745,1.0,1.004449818723135
ATAD3B,2,0.001121825204006667,1950.5507762521752,3909.5354285633957,35.951834930837784,3907.1015525043504,0.75948795,1.0,1.004402948766326
ATAD3C,2,3.5377432352740967e-6,424.59141605772186,854.2311670137387,17.331712400228138,855.1828321154437,0.9020462,1.0,1.0019393434121238
ATAD5,2,0.000429170872476792,1709.6008416202083,3423.6082050101973,34.291347859814294,3425.2016832404165,0.784046975,1.0,1.008673068410769
ATE1-AS1,3,4.294370513315818e-6,78.97397033686205,160.63576995471595,6.626020893723137,163.9479406737241,0.959101175,1.0,1.0032005823905494
ATE1,3,0.0017472671319733902,3352.0894160486287,6710.977748828141,37.88555159979223,6710.178832097257,0.665747775,1.0,1.0046883140152199
ATF1,2,0.0020479051794490086,3672.4033659558404,7350.757156684398,36.118287670558516,7350.806731911681,0.696603925,1.0,1.0037785795740943
ATF2,2,0.0007010678371903953,1640.9513161604254,3286.655819480749,33.982348427671994,3287.902632320851,0.798579325,1.0,1.0021983469899236
ATF3,2,0.0032707534775472846,6733.861283464589,13473.108462844106,28.439137837589243,13473.722566929178,0.5391698,1.0,1.0025163567643847
ATF4,2,0.007625914169085718,9548.586855931815,19102.36269955257,10.88961804062533,19103.17371186363,0.40382545,1.0,1.006151351342843
ATF5,2,0.00010640300464018424,2166.404307016657,4337.838613539885,36.975245905254766,4338.808614033314,0.75488435,1.0,1.0019815444607874
ATF6,2,0.0004342081678755287,2981.9055806214587,5968.420552150055,37.90371180021797,5969.8111612429175,0.713259975,1.0,1.0052420182513226
ATF7IP2,2,0.000260481871726283,2280.07907029692,4565.397389097136,37.403554872197944,4566.15814059384,0.7472474,1.0,1.006039760944746
ATF7IP,2,0.00022261222446553152,1382.699813836646,2768.7647055284247,31.860810843382364,2771.399627673292,0.835553825,1.0,1.0051163880601883
ATF7,2,0.00023360808039066483,2736.0040156815026,5475.4948647024985,37.900813671822,5478.008031363005,0.770344275,1.0,1.003766640502876
ATG10,2,0.0004254404192913584,2830.341564305508,5664.621754562714,37.861877496224885,5666.683128611016,0.734904375,1.0,1.0055258911207872
ATG12,2,0.006439953412150421,8575.468927106038,17156.09536981304,12.964771657234047,17156.937854212076,0.440623625,1.0,1.0034884541128684
ATG13,2,8.527130724275023e-5,2498.838983394003,5003.249643567795,37.7644755100055,5003.677966788006,0.751571725,1.0,1.0041558124747274
ATG14,2,0.00041341813389035397,3005.7258867988166,6015.843034667306,37.87319420138912,6017.451773597633,0.731542375,1.0,1.0045336246428074
ATG16L1,2,0.0002504649051421653,1190.5760074239743,2385.468518980457,29.709932053352773,2387.1520148479485,0.833639975,1.0,1.0025387868544031
ATG16L2,2,5.954591119765901e-5,1000.2402735157672,2056.0689301266666,27.479505723775418,2006.4805470315343,0.8327186,1.0,1.0069867795967102
ATG2A,2,0.00053385161484053,1760.2871870800543,3524.4139738824015,34.89590261356035,3526.5743741601086,0.7953789,1.0,1.005527632348837
ATG2B,2,1.2857260473777991e-5,465.83638440814076,936.3458428325013,18.201334296177844,937.6727688162815,0.896580325,1.0,1.0032366616243948
ATG3,2,0.0016579221341395797,5161.4552283444655,10328.868294919892,29.214931105794605,10328.910456688931,0.617410225,1.0,1.0036347966907058
ATG4A,2,9.379715289222843e-5,1284.7630364684887,2575.6281984270454,30.98081890210284,2575.5260729369775,0.817883875,1.0,1.003775943211813
ATG4B,2,0.0013356177790337343,3659.4140630448705,7335.362812385909,36.26164781175761,7324.828126089741,0.639441675,1.0,1.0021140085043798
ATG4C,2,0.0006609493599191724,2016.4492537952003,4035.9268717127097,36.36630657782165,4038.8985075904006,0.803659075,1.0,1.0078208650687726
ATG4D,2,0.0018029488988366594,3960.659450901231,7925.91225775324,34.33225210500011,7927.318901802462,0.70286395,1.0,1.0048484151486592
ATG5,2,0.0008193974684462431,4772.089614397857,9549.226695447724,30.270250529660657,9550.179228795714,0.628240175,1.0,1.008895935008763
ATG7,2,0.000182956760479449,1397.6511578416926,2799.422287639662,32.213143949437345,2801.302315683385,0.825447725,1.0,1.0046109599816904
ATG9A,2,0.0008280747174006268,2204.6117420805995,4413.321188706453,37.11891379877769,4415.223484161199,0.77577005,1.0,1.0020951163508862
ATIC,2,0.0012124411956235916,4951.196006385741,9910.36715310972,28.244329347917553,9908.392012771483,0.576711475,1.0,1.0051033832700595
ATL1,2,9.094424031723036e-5,797.334254452507,1597.9707201742258,24.631794349765155,1600.668508905014,0.876981725,1.0,1.0037471359943335
ATL2,2,0.001027062373826049,2029.0803861062675,4062.144502016578,36.360228227197396,4064.160772212535,0.7886137,1.0,1.0018517956070334
ATL3,2,0.0004293225907275206,2758.877732293821,5522.333537102048,37.97067042698716,5523.755464587642,0.733645425,1.0,1.0070182042871896
ATMIN,2,0.0011282390804777866,3527.718328340845,7060.477928512859,36.52516539765083,7061.43665668169,0.6769839,1.0,1.002902816746825
ATM,2,0.0002154154244186879,2100.234383894207,4206.237429312851,36.680889456052746,4206.468767788414,0.7543603,1.0,1.0027276114909605
ATN1,2,0.0003757758692472053,2617.9509182280995,5241.814598739777,38.09300825296563,5241.901836456199,0.723923575,1.0,1.0023699056828574
ATOH8,2,2.028230336404258e-5,610.0981915732359,1223.3987152519592,21.164727428569847,1226.1963831464718,0.894219925,1.0,1.0058360521429413
ATP10D,2,0.0012061328964352016,1869.1869673210817,3743.8366846105378,35.5094985497537,3744.3739346421635,0.776871325,1.0,1.0048793680765673
ATP11A,2,0.000200908918681476,2476.5641288703564,4957.876301304016,37.81326869531277,4959.128257740713,0.73369105,1.0,1.0034265101853703
ATP11B,2,8.830187762880456e-5,1200.3559054530347,2405.410238896126,30.01872184367307,2406.7118109060693,0.827368375,1.0,1.0033512490312861
ATP11C,2,0.0008148646200246237,2044.4484211358406,4093.1085038362717,36.46329608831872,4094.896842271681,0.77596495,1.0,1.004685155684553
ATP12A,2,3.549911807677834e-6,72.74762311585685,148.08369752183847,6.3262433415140435,151.4952462317137,0.960616525,1.0,1.0023740587734253
ATP13A2,2,0.0003995840030846392,2525.18132555771,5055.62966382445,37.890261059778176,5056.36265111542,0.726790125,1.0,1.0027876570066723
ATP13A3,2,0.00020681166670252153,2663.943937520124,5333.558526564502,38.022869843946886,5333.887875040248,0.7182866,1.0,1.004131310799073
ATP13A4,2,2.875744665362942e-6,66.42110650277814,135.27787826011712,6.011570998620808,138.8422130055563,0.962422725,1.0,1.0016780265520098
ATP1B1,2,0.002346343818286386,5415.074747880164,10835.311665940328,28.601333641329873,10836.149495760328,0.561958725,1.0,1.0026278507114745
ATP1B3,2,0.003814625298679105,8399.172389664689,16805.360150096647,12.54775322582212,16804.344779329378,0.417270075,1.0,1.0062857071774953
ATP2A1,2,9.998179559043518e-5,297.1739919342696,601.0520720654241,14.202396555989264,600.3479838685392,0.9184959,1.0,1.0023623320104167
ATP2A2,2,0.0007576378860961217,3405.6762229930428,6817.286706807139,37.15747962028283,6817.3524459860855,0.68104085,1.0,1.0049467568396024
ATP2B1,2,0.00421241252868946,6634.467519247342,13273.819144879099,19.88462096950343,13274.935038494685,0.5287319,1.0,1.0036509838556624
ATP2B4,2,0.00032230335758772334,1742.8425849115185,3489.2454719779344,34.88055274600638,3491.685169823037,0.80462095,1.0,1.006650292134791
ATP2C1,2,0.0009574164210268402,2307.3000629719922,4643.902389312206,37.4332110563845,4620.6001259439845,0.72776845,1.0,1.001737006320736
ATP2C2,2,0.00018335226653030888,1000.8707500859807,2012.3661974965466,27.296733026359295,2007.7415001719614,0.835708025,1.0,1.0030061621616622
ATP4A,2,3.551187664410623e-6,72.74762650325647,148.01049539598444,6.326390141720898,151.49525300651294,0.960654025,1.0,1.0032119628418805
ATP5E,2,0.030055065401362505,17214.274837511795,34437.376456007485,2.6607776109039087,34434.54967502359,0.23546168085326066,1.0,1.0102924526812938
ATP5G2,2,0.01515649624667459,15707.10602851432,31468.24251873584,3.501359880258315,31420.21205702864,0.23361699304310748,1.0,1.010095553551775
ATP5G3,2,0.014723124584938515,16134.099491848014,38976.238796859936,7.640516681897293,32274.198983696027,0.2338446211507805,1.0,1.0258144070404607
ATP5L2,2,0.001059436085389778,2003.6748361569796,4013.365352891307,36.23667788776095,4013.349672313959,0.761663925,1.0,1.0012756427069707
ATP5O,2,0.009606779563650079,14388.009535094723,43273.02354630084,13.619393597137531,28782.019070189446,0.236781375,1.0,1.0049515711115717
ATP5SL,2,0.0016238380536753255,5595.807693572395,11219.741583565288,23.058516383818304,11197.61538714479,0.53610455,1.0,1.0065675227854336
ATP5S,2,0.0008985150005535102,2797.5426713948737,5601.40403300614,38.47828358949091,5601.085342789747,0.702019725,1.0,1.0031731064698
ATP6AP1L,2,0.0003962525472564693,1546.2648889847574,3104.588775956471,33.27737424294655,3098.5297779695147,0.7873817,1.0,1.0046591830697809
ATP6V0A2,2,6.791816993915759e-5,1064.7550868411015,2133.9404605737845,28.349045216171223,2135.510173682203,0.8385297,1.0,1.0015919202282542
ATP6V0A4,2,3.2070948897569277e-7,25.436208343128246,53.16818228467893,3.6391749770701813,56.87241668625649,0.97350715,1.0,1.0019933897849627
ATP6V0B,2,0.006355464035913556,9753.19363950759,19511.14032660723,10.065258384977728,19512.38727901518,0.38238275,1.0,1.0071750016370242
ATP6V0C,2,1.7198182504069996e-5,142.6987262550538,301.4859686538646,9.29148589445456,291.3974525101076,0.9445793,1.0,1.0031559817119131
ATP6V0D1,2,0.0019026872249894658,4251.212985694393,8507.240688496042,31.798055620190983,8508.425971388786,0.679853425,1.0,1.0088196363867588
ATP6V0E2-AS1,2,2.8746861809111034e-6,66.42110369250192,135.24240702628492,6.012103024827963,138.84220738500383,0.962631575,1.0,1.002840217034808
ATP6V1A,2,0.00023371904033873763,2729.871199366894,5464.89916459168,37.90906650045908,5465.742398733788,0.72121335,1.0,1.0063818095064978
ATP6V1B1,2,5.999651877956194e-6,91.16117354045622,184.81275955530927,7.188196428621884,188.32234708091244,0.9567918,1.0,1.001927158010963
ATP6V1B2,2,0.0003185524585634239,2964.715669611544,5934.837597053062,37.92288793007256,5935.431339223088,0.707126375,1.0,1.003326537268875
ATP6V1C1,3,0.0014421624824294448,4807.949095708486,9623.035475443992,30.106996969765643,9621.898191416973,0.591937475,1.0,1.0032597459571755
ATP6V1C2,2,9.530939578411871e-6,576.0285751788571,1155.4141827608657,20.553349200601794,1158.0571503577141,0.88742755,1.0,1.0042588919158368
ATP6V1D,2,0.002108468960495732,5428.433446116743,10868.085053531928,25.537185897608097,10862.866892233485,0.5514623,1.0,1.005768859588832
ATP6V1E2,2,0.0003296663140083252,2664.637963510155,5334.009191142994,38.10785905421018,5335.27592702031,0.72198375,1.0,1.0020017903643963
ATP6V1H,2,0.0008460095178825053,3571.2012726424005,7146.557437911418,36.061583765352246,7148.402545284801,0.691162425,1.0,1.0027425093480122
ATP7A,2,8.275696899506459e-6,624.7229812352364,1252.6934725621177,21.51862560531205,1255.4459624704728,0.882052,1.0,1.0039659275593145
ATP7B,2,3.8702870190629105e-5,200.6677059033306,404.50260151680163,11.317095693642598,407.3354118066612,0.935353125,1.0,1.003167595358822
ATP8A1,2,3.5505247241161876e-6,72.74762474315,192.761374295033,6.321028641802314,151.4952494863,0.959654325,1.0,1.0041163864862541
ATP8B1,2,0.00010555876929859376,1308.6604351259698,2620.811145133607,31.2908881772404,2623.3208702519396,0.838701075,1.0,1.0034738331494837
ATP8B2,2,0.00022244896500428203,411.424042678603,826.4079510634788,17.127568009588895,828.848085357206,0.907496275,1.0,1.0018710972813623
ATP8B3,2,6.767016424190047e-5,902.0359778646846,1812.123487360648,26.02482233246014,1810.0719557293692,0.84724225,1.0,1.0057096021822431
ATP9A,2,0.00029180637794905815,1276.3017179721705,2558.8999666387217,30.667982379227354,2558.603435944341,0.812776575,1.0,1.0032784640094576
ATP9B,2,8.81530815837576e-5,908.6534855016239,1821.328064092311,26.088632917588953,1823.3069710032478,0.854094525,1.0,1.0041926193816753
ATPAF2,2,0.0010917765064568058,3708.4528825294155,7423.4834749272,35.44534417245504,7422.905765058831,0.676000525,1.0,1.0020657307343994
ATPIF1,2,0.012254824591377514,14130.216421303663,28265.608497361143,4.687596529761951,28266.432842607326,0.270589325,1.0,1.0086301395299722
ATRIP,2,0.00025788793688317346,886.503983911563,1776.4445049445183,26.071084629796257,1779.007967823126,0.872161575,1.0,1.0036012854701548
ATRNL1,3,9.995738460459018e-5,297.1739271231022,599.0010611817395,14.202847143832575,600.3478542462044,0.919927,1.0,1.0038246439156515
ATRN,2,3.96135326162074e-5,999.7049271744842,2003.0883073453201,27.53612402309339,2005.4098543489683,0.8492767,1.0,1.0016955874751263
ATRX,2,0.002460373308239446,8076.523336449935,16157.719562000977,13.706707489041731,16159.04667289987,0.446536125,1.0,1.0068328631505932
ATR,2,0.0001391430338383908,1047.360744024249,2099.08056780919,27.99364230257444,2100.721488048498,0.839680775,1.0,1.0054122699149308
ATXN10,2,0.0029092408055530917,5694.650734512388,11398.405069684872,23.276367990150064,11395.301469024776,0.545078225,1.0,1.0101251277250503
ATXN1L,2,0.0003126808076426932,1560.6503991584975,3124.504026311797,33.46154291681099,3127.300798316995,0.82886625,1.0,1.0080390371701786
ATXN1,2,0.00037580752419252053,2141.254413908894,4286.934475718332,36.88288308436568,4288.508827817788,0.76570945,1.0,1.008398586698519
ATXN2L,2,0.0009818827298102434,2768.024466349116,5540.709086753208,38.34542286793561,5542.048932698232,0.713096,1.0,1.0038659586527483
ATXN2,2,0.0016271371588348154,3947.8647720716986,7900.896900914891,34.82144366626925,7901.729544143397,0.7020314,1.0,1.0038414886871883
ATXN3,2,0.0005003550706284648,3247.1730451018657,6499.0579372589145,37.33941655746712,6500.346090203731,0.702121275,1.0,1.0053113080943703
ATXN7L1,2,0.0012550117959224407,812.7465573389109,1628.6989587354694,25.024353791582904,1631.4931146778217,0.893653,1.0,1.0034500109066917
ATXN7L2,2,9.76008453162052e-6,697.0634008893671,1397.2206727468665,22.879235132354147,1400.1268017787343,0.88445705,1.0,1.003070857820487
ATXN7L3B,2,0.001801246253708318,4940.204907689736,9884.853040892192,29.56267385258781,9886.409815379471,0.62254185,1.0,1.0121271153544578
ATXN7L3,2,0.00018277370797735272,1504.9584830421302,3013.4182295958553,33.08113318666226,3015.9169660842604,0.817249,1.0,1.0025701377826457
ATXN7,2,0.00018823915244661773,1196.1421543593076,2396.1881258519147,29.833119066604446,2398.284308718615,0.831619075,1.0,1.0055450133087835
AUH,2,0.002154058831740681,4363.222121240608,8731.529152411858,31.368278581624693,8732.444242481217,0.6669208,1.0,1.002760841326536
AUNIP,2,0.0005538547121257798,1065.1572919113923,2134.968941231242,27.92873675468882,2136.3145838227847,0.8394098,1.0,1.0023860460236562
AUP1,2,0.0036974005538429784,7798.026949948929,15608.521445427441,14.378302981257749,15602.053899897857,0.456518025,1.0,1.0063700960356539
AURKAIP1,2,0.011141929753073302,12852.018375582915,25709.00747696816,5.908269571084079,25710.03675116583,0.304113275,1.0,1.0100250455613682
AURKA,2,0.016033576728413247,5055.093956174755,10116.10403332872,44.526655240453096,10116.18791234951,0.6495121,1.0,1.000132604196605
AURKB,2,0.009889588038098009,4644.587724774448,9295.427969175249,43.958925617244276,9295.175449548897,0.656864175,1.0,1.0015033049051547
AURKC,2,2.045949896765924e-5,153.58303959634262,312.96880766988204,9.695260382367858,313.16607919268523,0.942861275,1.0,1.006582043570858
AVEN,2,0.0007977449330802307,1921.8389599355826,3849.191513341056,35.8385197203219,3849.677919871165,0.771079075,1.0,1.0030114712251759
AVIL,2,0.0002637339756918802,440.5779857451992,885.5855437994152,17.810109303687653,887.1559714903984,0.900665825,1.0,1.0018994477681495
AVL9,2,0.00047333886855081424,1899.4088000446225,3801.9842914809615,35.805941654675784,3804.817600089245,0.80964145,1.0,1.0051794060073822
AVPI1,2,0.0008832923001144362,4433.737184905652,8871.931879826754,33.66963659360148,8873.474369811303,0.65866935,1.0,1.009081300085797
AXIN1,2,0.00018859779900154343,1074.833652869648,2153.90536250915,28.30523735427048,2155.667305739296,0.840515275,1.0,1.0041683980932763
AXIN2,3,0.00018630317925195255,985.1236443064828,1974.425164740017,27.083418746702332,1976.2472886129656,0.8521373,1.0,1.0022995042172063
AXL,2,0.00157798617581252,2355.5326804975316,4717.44863178586,37.64886156183912,4717.065360995063,0.728182475,1.0,1.001056505436526
AZGP1,2,6.885450820884847e-5,254.89893468373168,514.378467904969,12.997012434933593,515.7978693674634,0.92585675,1.0,1.0021531351773252
AZI2,2,0.0011374582480142142,3397.7856244053596,6800.019836002803,37.03938135809395,6801.571248810719,0.692179175,1.0,1.0068676239255303
AZIN1,3,0.0007794145346017279,4768.67164166332,9545.243496743451,30.374681768082745,9543.34328332664,0.594958725,1.0,1.0039733906247306
B3GALNT1,2,9.192682132024349e-5,1177.4828107032095,2358.598037134359,29.73722351081344,2360.965621406419,0.832569125,1.0,1.0030071114774775
B3GALT1,2,8.872653961690182e-7,39.83954691045115,81.90047875930684,4.550459170433623,85.6790938209023,0.969828375,1.0,1.0040400520156376
B3GALT5,2,2.284840601224462e-6,59.98328143819211,122.49721045583641,5.6797729483829915,125.96656287638422,0.96377395,1.0,1.0024470719300493
B3GALT6,2,0.0011053553588425684,3659.985165149441,7325.272650047177,36.38828851055615,7325.970330298882,0.691721475,1.0,1.0034271325714126
B3GALTL,2,9.003165375098886e-6,598.6788459911814,1202.0040818235236,21.004375276988736,1203.357691982363,0.882624275,1.0,1.0029018374389285
B3GAT3,2,0.0009625545094675172,4877.257606061097,9759.014583338962,29.711464343509995,9760.515212122194,0.61819845,1.0,1.0043045798466974
B3GNT1,2,0.00020792712553794902,966.633524844241,1937.1558179239532,27.221286557400862,1939.267049688482,0.857455325,1.0,1.0018280453104125
B3GNT2,2,0.00013433314352659807,2555.599216031331,5115.217273233414,37.83700391095655,5117.198432062662,0.77500225,1.0,1.0032299722162124
B3GNT3,2,0.00040380374947382783,1589.3000265583673,3182.2413710081637,33.65573247487912,3184.6000531167347,0.813092975,1.0,1.0026857552781163
B3GNT4,2,0.0007476778493711663,1818.5849571690567,3641.257228591461,35.23610199550467,3643.1699143381134,0.806362825,1.0,1.0030241301095426
B3GNT5,2,0.00027154922266460713,1228.0057515242938,2460.3351685308935,30.138404056330554,2462.0115030485877,0.8274653,1.0,1.0015551295240135
B3GNT7,2,0.00020044128022617328,394.4894241770793,792.1758009707524,16.72022535856771,794.9788483541586,0.914905525,1.0,1.0017796057288637
B3GNT9,2,0.00020044129390243913,394.4894242133897,792.2564236948583,16.72033543868181,794.9788484267795,0.91280145,1.0,1.004366273799515
B3GNTL1,3,0.0011379181357478224,2235.6238561595683,4476.193394012414,37.17788510794633,4477.247712319137,0.758947725,1.0,1.0026923171898214
B4GALNT1,2,0.00028936419920981235,1372.7039240956149,2749.737809229087,31.70603940993837,2751.4078481912297,0.814637725,1.0,1.0023556039666548
B4GALNT3,2,3.982200723596287e-5,564.2328798159608,1133.7283861202575,20.17950109639674,1134.4657596319216,0.8845149,1.0,1.0027827856435527
B4GALNT4,2,4.04936924542373e-5,624.9210992718583,1274.0362891182524,21.378375442319825,1255.8421985437167,0.8746196,1.0,1.0033289116875508
B4GALT1,2,0.00021170217720006514,1325.6144252386832,2655.232494133625,31.275025367613193,2657.2288504773664,0.817104825,1.0,1.002960798301947
B4GALT2,2,0.0003144838416867084,3124.4996586537695,6352.2539058360135,37.401749693276635,6254.999317307539,0.660516375,1.0,1.0040023515679761
B4GALT3,2,0.0005174276918075815,4548.056906204868,9100.672257688968,31.225513348092207,9102.113812409736,0.6412569,1.0,1.0041444289258525
B4GALT4,2,0.0008384517337492513,1975.5134217550321,3954.9091640739557,36.1241146356493,3957.0268435100643,0.78277685,1.0,1.0028070804418188
B4GALT5,2,0.0018815489401697034,3764.2196592156843,7533.384453690182,36.37829980411469,7534.4393184313685,0.677031175,1.0,1.0120499651208765
B4GALT6,2,8.19682816044212e-5,273.8950329167062,551.7008322974704,13.54906208425136,553.7900658334124,0.923388925,1.0,1.0015634531774888
B4GALT7,2,0.0009044797472301602,3485.6360440315966,6976.256065262202,36.92015148983834,6977.272088063193,0.68283185,1.0,1.0033291085392475
B9D1,2,0.0022106311702168382,3882.504622293786,7773.993054972467,35.151382165540205,7771.009244587572,0.647571425,1.0,1.0042354739327426
B9D2,2,0.00031101531123674643,2545.0938930127536,5093.154924464935,37.778611706360444,5096.187786025507,0.783522,1.0,1.0019466080809483
BAAT,2,5.703271104463416e-7,32.764218261159854,68.16940262817525,4.110012507496294,71.52843652231971,0.97106365,1.0,1.0022548976434567
BABAM1,2,0.0037194687553626722,6874.405004485981,13788.208601530105,17.885713961566964,13754.810008971963,0.472792575,1.0,1.0059438425844658
BACE1,2,5.540793897062456e-5,620.777203666591,1246.1152690936387,21.25051663118063,1247.554407333182,0.8787775,1.0,1.0027741923988172
BACE2,2,0.00014139920261473283,2500.973961178061,5011.17336890066,37.81782969918157,5007.947922356122,0.7182913,1.0,1.0084089233998703
BACH1,2,0.000133379103345361,1291.6649988672386,2586.3499096572573,31.137882477947727,2589.3299977344773,0.860079425,1.0,1.0035754335612737
BACH2,2,5.133533405237919e-5,225.71091620207108,454.34713671345673,12.114914262530663,457.42183240414215,0.9357751,1.0,1.002666600823941
BAD,2,0.002586924659198205,6483.629910094977,12972.763357731987,20.32262855406958,12973.259820189955,0.515002525,1.0,1.0026182981096683
BAG1,2,0.0016516322932471567,5906.384611293856,11817.490712324012,23.821681146469,11818.769222587713,0.546624675,1.0,1.0081101543343636
BAG2,2,0.002071703963130665,5529.340426764311,11063.627575078586,25.29213124213234,11064.680853528622,0.61460885,1.0,1.0132625433798228
BAG3,3,0.0019605100827622315,4558.90754768666,9122.404797931415,33.447149893208554,9123.81509537332,0.61687955,1.0,1.005326622111742
BAG4,2,0.0005930794543114142,3356.8001963542397,6718.075689727837,37.15334705429121,6719.600392708479,0.72931825,1.0,1.0034493530607604
BAG5,2,0.0007988708744404824,2860.860810208162,5726.471645758459,38.12956646561875,5727.721620416324,0.753541225,1.0,1.0038278160047212
BAHD1,2,1.7385695574814086e-5,679.7401858443839,1362.656736277268,22.48937800795743,1365.4803716887677,0.880283025,1.0,1.0042573821231935
BAI1,3,3.416472773006321e-5,190.438325517496,392.1999985356077,10.978111666410767,386.876651034992,0.9357719,1.0,1.0036200355278742
BAI2,2,6.576870697229045e-5,250.09435951625434,504.65570726850854,12.854704378692228,506.1887190325087,0.9265939,1.0,1.0036726985513353
BAIAP2-AS1,3,0.0007409827139415372,1621.161423885781,3247.5648203175856,33.81779568262646,3248.322847771562,0.789719975,1.0,1.0041187627694232
BAIAP2L1,2,0.0011750431792775663,3770.1347813951156,7546.79010019391,35.60567062569401,7546.269562790231,0.664609925,1.0,1.0050259790850686
BAIAP2L2,2,2.2229358986506855e-5,158.96185738105584,326.29922925753954,9.889403742119466,323.9237147621117,0.94158755,1.0,1.005631112767849
BAIAP2,3,0.000977071820024094,4438.770532807151,8882.230487099398,32.835304791091986,8883.541065614301,0.6184993,1.0,1.0022754833230076
BAK1,2,0.0006058073807348459,2100.8852295586853,4206.369880417145,36.72032094087572,4207.770459117371,0.7614523,1.0,1.006602537663026
BAMBI,2,0.0008683219677566641,1420.3028896001842,2844.952365156839,31.978987107272122,2846.6057792003685,0.8198815,1.0,1.0013407466451973
BANK1,2,0.00010991101892404215,1206.4639293657272,2418.169553016453,30.055185297621644,2418.9278587314543,0.82389485,1.0,1.0014045417343884
BANP,2,0.0010060747881148757,2209.586880857429,4422.048122649332,37.100040054871016,4425.173761714858,0.80627205,1.0,1.0033061472318778
BAP1,2,0.00108018120720001,2030.108375637392,4065.133236896672,36.36097030332595,4066.216751274784,0.768987775,1.0,1.0039036903970855
BARD1,2,0.0008675385283330148,2380.1388859274625,4765.58407434894,38.04139598054458,4766.277771854925,0.748160825,1.0,1.0093680155274314
BATF2,2,2.521935428254576e-6,505.8350408581281,1014.5560599148815,19.168362503049604,1017.6700817162562,0.907295575,1.0,1.0012678841043186
BATF3,2,0.0009228734710600547,1782.3010589298972,3569.398514530438,34.98480329252297,3570.6021178597944,0.789867625,1.0,1.0030082909172897
BAX,2,0.009550820106972283,9448.185559660915,18902.73548800805,11.806828300122715,18902.37111932183,0.411345175,1.0,1.0075498372351546
BAZ1A,2,0.0012624714559150106,6063.458345268971,12132.094556121874,23.865916020025697,12132.916690537942,0.580439675,1.0,1.0113904073384932
BAZ1B,2,0.0031543102263783475,7214.677235557241,14434.311753366788,17.912974895751557,14435.354471114482,0.49931215,1.0,1.0039436473516072
BAZ2A,2,0.0013573410143741958,5242.318681842053,10490.0736555143,27.65522817568018,10490.637363684105,0.61210955,1.0,1.0055618279600997
BAZ2B,2,0.001626796220590716,3853.9835950039164,7712.74383519771,35.46967189475501,7713.967190007833,0.688504925,1.0,1.0085743904028404
BBC3,2,0.0042895287401538765,8153.398215779469,16312.556572128158,16.68991589970602,16312.796431558938,0.496446,1.0,1.0004145709047088
BBIP1,3,0.0023062855074410986,5536.149917685,11078.176536405814,25.162041406088953,11078.29983537,0.57570405,1.0,1.0116210804245382
BBS10,2,3.185497193631101e-5,907.8548408246969,1818.5669436742687,26.22124309091236,1821.7096816493938,0.8768717,1.0,1.0066725284039904
BBS12,2,5.1487363472254644e-5,869.238918326786,1741.6952431478676,25.56640705771267,1744.477836653572,0.877157775,1.0,1.0033231046906157
BBS2,2,0.00047933619449218583,1534.2434885035002,3079.7312262821547,33.13820136739587,3074.4869770070004,0.78860405,1.0,1.0050747724937392
BBS4,2,0.0005371309139526004,1696.1338017109401,3399.0127068709944,34.43486609241602,3398.2676034218803,0.780376775,1.0,1.0009947489795896
BBS5,2,0.00011974579189155431,319.9804426189066,644.24545086394,14.822343035026842,645.9608852378132,0.916362875,1.0,1.003671996270384
BBS7,2,0.0021021741915142698,3883.769031740287,7773.491746618533,35.00981468612302,7773.538063480574,0.64460755,1.0,1.0019636557827767
BBS9,2,1.5675192342554906e-5,722.3243361829376,1449.4278539697573,23.261868086641748,1450.6486723658752,0.868432475,1.0,1.0019965124973231
BBX,2,0.0026788785122902133,8408.428484637272,16821.76844873168,12.422578944842785,16822.856969274544,0.453563325,1.0,1.0032520464527641
BCAN,2,5.111454524851437e-6,85.10928693736972,172.68949228873814,6.913595836907169,176.21857387473943,0.958496225,1.0,1.0026649640605527
BCAP29,2,0.000996001584743941,4882.782082304726,9780.657480095606,30.102589958818637,9771.564164609452,0.57288825,1.0,1.0037029221020008
BCAR1,2,0.00019098675081894497,2390.9202517898234,4786.163295511672,37.74868392262803,4787.840503579647,0.758961675,1.0,1.0057529275648769
BCAR3,2,8.284749202071837e-5,947.1597162355389,1897.8249456888864,26.672986992075103,1900.3194324710778,0.864132875,1.0,1.0029821778042343
BCAS1,2,6.000902092580743e-6,91.15872241551014,186.51629389396373,7.187366192170179,188.31744483102028,0.955883475,1.0,1.0031170128664209
BCAS2,2,0.0017876315885131896,6353.904401427559,12712.545696024961,18.89198369693839,12713.808802855117,0.552563425,1.0,1.009057690685378
BCAS3,3,0.0003623556784039195,1618.4826608299938,3243.6082174283874,33.91390581855484,3242.9653216599877,0.789965025,1.0,1.0030528767449667
BCAS4,2,0.0009310318228814724,5242.348323481373,10494.483674907719,26.092351397071926,10490.696646962746,0.5740698,1.0,1.0050396095934648
BCAT2,2,0.0006444578321115365,4750.5801664029495,9510.027908443151,30.617881289459724,9507.160332805899,0.5898051,1.0,1.002549062975772
BCCIP,3,0.002991515982888876,6792.677712918691,13592.801628635376,18.31043047878044,13591.355425837382,0.5171294,1.0,1.0137261835275748
BCDIN3D-AS1,2,3.881277670153464e-6,390.73257907445935,784.3158216840991,16.526633261125717,787.4651581489187,0.91580635,1.0,1.0017889638216755
BCDIN3D,2,0.000935698827097157,1974.2399476314436,3952.295609977606,36.106980646994224,3954.479895262887,0.81248615,1.0,1.0025624407508464
BCKDHB,2,0.00021334594041192442,1538.6847749946196,3082.4363390061944,33.4537963586563,3083.369549989239,0.809813625,1.0,1.0021111089116397
BCKDK,2,0.002698709694501119,6567.789273711476,13141.747510949208,19.733001265218256,13141.578547422952,0.51600165,1.0,1.0116610813752351
BCL10,2,0.0011922031407105367,3796.0757978140846,7596.926703329752,35.538302302285295,7598.151595628169,0.716567875,1.0,1.0034528186849596
BCL11A,2,1.3196214996418968e-5,560.248950571283,1123.378450987754,20.31480097236633,1126.497901142566,0.90984425,1.0,1.0030163981359392
BCL11B,2,4.344720623411699e-6,355.9711127358789,714.8611831873604,15.660988003778728,717.9422254717578,0.91867265,1.0,1.0027941038879775
BCL2L10,2,5.694344705234899e-7,32.76421589120086,69.10903217329509,4.107215882392138,71.52843178240173,0.9709762,1.0,1.0025563412909462
BCL2L11,2,0.00018867980464474477,824.5917537506584,1653.4397781436564,24.632315436384097,1655.1835075013169,0.862362625,1.0,1.0018645665564565
BCL2L12,2,0.005257704436962283,6190.056645191909,12387.501218706795,30.94171320644975,12386.113290383819,0.5529663,1.0,1.0038894634980438
BCL2L13,2,0.0005443618203153549,3060.0708549237615,6124.223835108996,37.64642989696237,6126.141709847523,0.725025775,1.0,1.0048963762823346
BCL2L15,2,8.008417602997098e-6,103.03950962727207,212.8923023950971,7.7071988731570595,212.07901925454414,0.952997675,1.0,1.0036567235970826
BCL2L1,2,0.002512888642668878,5222.185838796737,10450.09642580691,29.808975643599613,10450.371677593474,0.6197485,1.0,1.0176911379880942
BCL2L2,2,8.256638544307567e-5,1275.8852811065622,2555.7941713856735,30.920189211861107,2557.7705622131243,0.82911095,1.0,1.0041068278310097
BCL2,2,2.4014386620623632e-5,164.3005155475279,331.3994035732777,10.081419629601582,334.6010310950558,0.94230575,1.0,1.0032445094143734
BCL3,2,0.0006788775576944763,1733.337348613598,3470.8038220264443,34.677062485889486,3472.674697227196,0.821693125,1.0,1.002484499873806
BCL6B,2,5.679106078017382e-7,32.764211845345336,67.77703914944155,4.112472884158642,71.52842369069067,0.971451075,1.0,1.0046680189868478
BCL6,2,6.072728848693432e-5,1118.2535494740487,2239.3389070599574,29.064230973687458,2242.5070989480973,0.8659336,1.0,1.0019581000330604
BCL7A,2,0.0009647412730306396,3098.1728775052356,6201.872208126617,38.39879570162433,6202.345755010471,0.7210777,1.0,1.0045760294347608
BCL7B,2,0.0008283290726791908,4958.400710789223,9922.006726544058,29.479796834689772,9922.801421578446,0.6353325,1.0,1.00980241756657
BCL9L,2,0.0003143943438567085,1301.4664910866256,2607.225647414656,30.938753218402017,2608.9329821732513,0.82824015,1.0,1.0050889918089734
BCL9,2,9.806893215502514e-5,1328.3186235244693,2659.7039664514045,31.470957778576974,2662.6372470489387,0.847758275,1.0,1.005285277610665
BCLAF1,2,0.004292886156555386,8412.794168580212,16830.337493207666,12.415854245000745,16831.588337160425,0.4411803,1.0,1.0080873714154388
BCORL1,2,8.599633859808769e-5,1211.6442904569774,2426.1581905797384,30.156772961070974,2429.288580913955,0.8581396,1.0,1.003313098965868
BCOR,2,0.0009546974899987695,2132.5038871239117,4267.863142505372,36.818864558720946,4271.007774247823,0.82468865,1.0,1.0019921050939884
BCR,2,0.0001440282933138817,1152.1224956417207,2308.0527595948224,29.344210521893768,2310.2449912834413,0.83704355,1.0,1.0034363221649218
BCS1L,2,0.0007538364141293184,2777.4186726178714,5560.107164003776,37.95722037499789,5560.837345235743,0.713210225,1.0,1.0035607994642775
BDH1,2,0.00012068752060928855,2243.547573890507,4493.490248565348,37.23145588993968,4493.095147781014,0.7390837,1.0,1.001410827365398
BDH2,2,0.00047226066755996597,2644.029494190479,5295.023801497612,38.358294361525324,5294.058988380958,0.71313465,1.0,1.0058040831049286
BDKRB2,2,5.999409292557065e-6,91.16117289639197,184.83210199728794,7.188808672056113,188.32234579278395,0.9572423,1.0,1.0024794322193393
BDNF-AS,2,8.032988881725627e-5,642.4060418596011,1288.1982907586216,21.93937446885028,1290.8120837192023,0.8876515,1.0,1.0045437255561074
BDNF,2,0.0016962199843786004,2315.33446477794,4635.177647068057,37.77406325579564,4636.66892955588,0.75148095,1.0,1.0039176039220865
BDP1,2,0.0029807045442820945,6587.429219140317,13179.886508222637,20.276598387688825,13180.858438280635,0.550153575,1.0,1.0076424307045093
BEAN1,2,3.4152033172114525e-5,190.4441645982401,385.0036141212481,10.979121321235878,386.8883291964802,0.93645395,1.0,1.0026185212429997
BEGAIN,2,0.0003220060061762554,477.22967166456243,958.0554719723862,18.639542784297475,960.4593433291249,0.90006725,1.0,1.0046094303023374
BEND3,2,4.354150290957255e-5,210.7699668651633,424.5088264316656,11.64377485061288,427.5399337303266,0.934989675,1.0,1.001760458000852
BEND6,2,0.0004566393822483332,1702.4439659957877,3410.728461084063,34.51411188259688,3410.8879319915754,0.783894675,1.0,1.0071969152453153
BEND7,2,0.00026922594633051135,1236.570207732308,2477.5617204323603,30.237072722451185,2479.140415464616,0.82786205,1.0,1.0039266314906417
BEST1,2,0.00016431220501493229,2177.697641859785,4359.705045112006,36.996802473883385,4361.39528371957,0.784176775,1.0,1.0034345759703749
BEST2,2,3.193780441465745e-7,25.436204808142225,53.069374691712376,3.645497435126084,56.87240961628445,0.973830375,1.0,1.0037027094369602
BEST3,2,2.5898922958856283e-5,169.6007776323363,342.0504684017732,10.26814201428756,345.2015552646726,0.941610475,1.0,1.0031238863420955
BET1L,2,0.00015536508626956078,2486.748216161129,4977.9119285217885,37.86057915537546,4979.496432322258,0.759083625,1.0,1.0016012351083459
BET1,2,0.0030190982948272013,4735.874514927469,9476.768092314771,29.564078633333494,9477.749029854938,0.631669625,1.0,1.0051774404773568
BEX2,2,0.0041621744834466675,7713.731277167966,15432.59095989843,14.589681519112101,15433.462554335933,0.47054485,1.0,1.006805854997869
BFAR,2,0.0008391822941619114,4115.478283091593,8235.236653351676,34.41248486744734,8236.956566183186,0.667499275,1.0,1.0025637512534242
BFSP1,2,0.0007490120490266396,2669.3676077908567,5344.614218131539,38.05294649508917,5344.735215581713,0.725267575,1.0,1.0020602024958916
BHLHB9,2,0.00012816254367193906,328.98015758843627,661.2477153775723,15.062262522982408,663.9603151768725,0.91786625,1.0,1.0027907936270914
BHLHE40-AS1,2,1.004391681188779e-9,2.6666599135562084e-6,1.620087387467205,1.14412239957562e-14,6.0000053333198275,0.982163975,1.0,1.0056553454732153
BHLHE40,2,0.0008020594061876115,1568.0530121690342,3140.532822921546,33.372189138892416,3142.1060243380684,0.8167153,1.0,1.005126918157907
BHLHE41,2,2.825377963156305e-5,736.6314782654146,1476.4020325759313,23.45599948199143,1479.2629565308291,0.87872625,1.0,1.0027677367893473
BICD1,2,0.0009132677758253657,2041.2966508852658,4085.962299413723,36.43087046844754,4088.5933017705315,0.8050637,1.0,1.0032182507999445
BICD2,2,0.0005588799727799207,1659.961181565809,3324.2137410613345,34.16135251450132,3325.922363131618,0.80025315,1.0,1.0018737710793868
BID,2,0.0020080311792314994,7493.314087014739,14995.654669265332,15.674033076651584,14992.628174029478,0.49748815,1.0,1.0063819470125375
BIK,2,0.005155328110676354,6279.2776551864035,12563.525847673895,23.954382888718364,12564.555310372807,0.54132165,1.0,1.0033659921574698
BIN1,2,0.0016862984659022297,3844.2557991240424,7694.5291373697355,35.92980039634115,7694.511598248085,0.665312025,1.0,1.003216674104883
BIN2,2,4.294752358059561e-6,78.97397135065985,160.61359465198316,6.62617640197782,163.9479427013197,0.959074275,1.0,1.003407157509861
BIN3,2,0.0002571077772658518,2667.412639564297,5338.704676010118,37.91291115956799,5340.825279128594,0.7581466,1.0,1.0032340982639658
BIRC2,2,0.0005671618577849224,3498.582576626745,7000.07497674294,36.123098111133544,7003.16515325349,0.73806895,1.0,1.0075761754982175
BIRC3,2,3.5072395825425814e-5,624.8574737816566,1253.3427743161744,21.390272248640386,1255.7149475633132,0.884114275,1.0,1.0024626992175978
BIRC6,2,0.0003105357789661573,2883.7217965314135,5771.588963268397,37.88919565672906,5773.443593062827,0.74696765,1.0,1.002923726256984
BIVM,2,0.00010427423119668954,966.347860168649,1937.80737867464,26.912199997059506,1938.695720337298,0.843244775,1.0,1.0047648446988726
BLCAP,2,0.00035354032556783116,3003.3817897259364,6011.384560382329,37.94284660444887,6012.763579451873,0.721048275,1.0,1.0015940927165252
BLID,2,1.2818527954755814e-5,126.0252546748743,254.66562433007493,8.652464833582052,258.0505093497486,0.950894175,1.0,1.0027957710428148
BLMH,2,0.0004455025957070022,2753.6909306187913,5513.837352321001,38.177589105805666,5513.381861237583,0.703722825,1.0,1.0037337286775039
BLM,2,0.0012351422405689877,1300.6375473114706,2607.1946451898384,30.606345726612677,2607.275094622941,0.8174635,1.0,1.0071339337006513
BLNK,2,1.4346032501892957e-7,17.76840405938386,38.087063114477814,3.1176056033452895,41.53680811876772,0.9760595,1.0,1.0028488420798525
BLOC1S2,3,0.006688790462448466,8592.327021403476,17190.213159463245,12.45871793218664,17190.654042806953,0.41989675,1.0,1.0041933292120762
BLOC1S3,2,0.00020065704319417767,1177.6387273669843,2358.249204197734,29.91360462969947,2361.2774547339686,0.874503725,1.0,1.0044012836075626
BLOC1S4,2,0.003357684133446378,5725.218775604661,11454.689879333575,23.881673980613932,11456.437551209321,0.6286048,1.0,1.0112779001265826
BLOC1S6,2,0.000895304552547899,4835.672331044619,9683.656738615513,30.971586741016175,9677.344662089237,0.591545575,1.0,1.0100715469766524
BLVRA,2,0.0006181681809285815,4333.844206530539,8674.82572449771,32.967807986748916,8673.688413061078,0.61041255,1.0,1.004303141031232
BLVRB,2,0.00480124229215755,9966.508270890761,19939.945265348786,9.64656707914146,19939.016541781522,0.37595475,1.0,1.006561669043054
BLZF1,2,0.000777698263056438,2548.31266532063,5101.2218925707675,37.93225221164151,5102.62533064126,0.740663875,1.0,1.0028085805885159
BMF,2,4.8666291889777497e-5,220.75788128604194,444.4480416227498,11.960440633520827,447.5157625720839,0.9357482,1.0,1.002476792754388
BMI1,2,0.0008473931342711882,3335.7645657190933,6677.197596233356,37.49758511423136,6677.529131438187,0.6779364,1.0,1.002558243645593
BMP2K,2,0.00013247879490327032,1080.755700757715,2165.2787154595862,28.448994209701446,2167.51140151543,0.84408495,1.0,1.0068967269028068
BMP4,2,0.012560319829117613,10814.600441636523,21634.988148070504,15.669740302232473,21635.200883273046,0.449492025,1.0,1.0003899540879382
BMP6,2,1.5661172813702985e-5,137.18931834673836,277.44303424513316,9.084897982572596,280.3786366934767,0.9466906,1.0,1.0020622917256257
BMP7,2,9.912233295691812e-5,1257.068576851183,2517.417928283867,30.660983690776447,2520.137153702366,0.836651475,1.0,1.001510658495827
BMP8A,2,1.0260959308907376e-5,114.6502750467592,232.63472550523906,8.194076816393537,235.3005500935184,0.951018625,1.0,1.002956331263896
BMP8B,2,0.00016698739193652903,1384.4768230413272,2780.5241739212343,31.93219761386288,2774.9536460826544,0.80404765,1.0,1.0048251147402316
BMPR1A,2,0.00027782014614466063,1402.1534443906964,2808.04427899383,32.01366821624326,2810.306888781393,0.8276266,1.0,1.0021795562424585
BMPR2,2,0.00020882325020208555,1510.663284296661,3024.3993149587477,33.10484622620271,3027.326568593322,0.827035025,1.0,1.0054023153362177
BMS1,2,0.003069556386863661,5652.935183968861,11311.438724989117,25.20697016722758,11311.870367937721,0.5872753,1.0,1.007533922450884
BNIP1,2,0.00017239745954546987,2637.866993409278,5280.034921760101,37.955941748317656,5281.733986818556,0.7574539,1.0,1.0069739818621255
BNIP2,2,0.0007436530416722773,4502.756747682711,9009.460117747272,30.685367381893872,9011.513495365421,0.6667528,1.0,1.0028761224633522
BNIP3L,2,0.0019360656299529393,6309.518007804896,17399.38476534212,21.155385355470113,12625.036015609792,0.48501855,1.0,1.0041193053154065
BNIP3,1,0.001303843283047954,4085.8642017279767,8176.289281591568,35.814446169748024,8177.728403455953,0.644647625,1.0,1.008719189420764
BOC,2,6.275149127897893e-5,245.25854549339894,493.50240535646884,12.711644026708564,496.5170909867979,0.931184975,1.0,1.0011756499314364
BOD1L1,2,0.0009401069243610103,4250.892087063075,8506.497226873787,33.963690657823044,8507.78417412615,0.63323315,1.0,1.0053385983438543
BOD1,2,0.0027462802984581404,5293.4574024562835,10592.862481444095,28.888114220254483,10592.914804912567,0.598974325,1.0,1.0067810410507547
BOK-AS1,2,1.7595518095952137e-5,355.34105886061445,716.0971444965072,15.568296767299518,716.6821177212289,0.910856325,1.0,1.0028412229147927
BOK,2,0.0005776297731743044,3188.1981825974844,6380.982252672847,37.700379186509494,6382.396365194969,0.709289375,1.0,1.0041748805856245
BOLA1,2,0.0011703499046200902,3635.3031657755396,7275.715934075195,36.30662091334045,7276.606331551079,0.713923175,1.0,1.0070609837333553
BOLA3-AS1,2,9.088445757173311e-6,108.87613438610181,220.30646705543185,7.955672292066477,223.75226877220362,0.95336955,1.0,1.0020073336138353
BOLA3,2,0.005515633092098276,9532.991721538745,19111.096507179212,11.448608817975163,19071.98344307749,0.407783275,1.0,1.0034952834525128
BOP1,3,1.2818777890696947e-5,126.02525533845423,258.9422278155609,8.650715510267124,258.05051067690846,0.948264125,1.0,1.0015626686057406
BORA,2,0.0010674777498900073,1734.8735077312163,3475.746468143689,34.167358643738865,3475.7470154624325,0.7888798,1.0,1.001423840204784
BPGM,2,7.948208775741743e-5,2306.6091271301484,4617.278564936328,37.362706577084694,4619.218254260297,0.761766525,1.0,1.0034784303775
BPNT1,2,0.0002299225639729499,2591.654532965154,5188.047292004165,37.845632980858944,5189.309065930308,0.737329125,1.0,1.0038447630475125
BPTF,3,0.0035802083084063674,9234.269022293158,18474.040313802816,10.63891135816419,18474.538044586316,0.433462975,1.0,1.0045321443896096
BRAF,2,7.435680009714116e-5,1155.400376359144,2314.036086555348,29.59015825874001,2316.800752718288,0.85428765,1.0,1.0019659875218674
BRAP,2,0.0002549732330992053,1619.083064619479,3241.1308217161154,33.989401424386955,3244.166129238958,0.8284214,1.0,1.0079599627957778
BRAT1,2,0.00034968665518682747,2864.099393729385,5732.276935549845,37.84494627717464,5734.19878745877,0.7253196,1.0,1.002954586665999
BRCA1,2,0.0015967955417502358,1600.9031985635415,3208.6816956694856,33.51480512387473,3207.806397127083,0.7915247,1.0,1.0074146320525637
BRCA2,2,0.0018029180146739733,1368.352242621935,2743.0082556977973,31.24243674396284,2742.70448524387,0.813287825,1.0,1.0027996300649369
BRCC3,2,0.00040913335908032206,2387.070868287281,4789.094217529407,37.56083147280843,4780.141736574562,0.721862075,1.0,1.0038408257160414
BRD1,2,6.689608685536079e-5,967.3266723152225,1937.765014600205,27.174261644928375,1940.653344630445,0.87527905,1.0,1.0022587926981683
BRD3,2,0.0019532793609594572,3870.216672442434,7744.895458030312,35.105325578690035,7746.433344884868,0.680634375,1.0,1.0061038969177027
BRD4,2,0.002006302699903624,4100.010444194123,8205.097915129723,34.20847136273367,8206.020888388246,0.6920703,1.0,1.0015472819734828
BRD7,2,0.003443707238885313,7462.668494565235,14931.642088657934,16.885235654787106,14931.33698913047,0.521284825,1.0,1.0099539738005034
BRD8,2,0.0018011514423482613,3637.7724234675106,7281.408056803838,37.30527483558046,7281.544846935021,0.68235565,1.0,1.0055967740216973
BRD9,2,0.000965373817960899,4365.470302038201,8737.534379339353,34.984896745241585,8736.940604076402,0.621385275,1.0,1.00197602489511
BRE,2,0.00024120984985824808,2638.4407218791666,5308.229257086923,37.89677528756566,5282.881443758333,0.6996452,1.0,1.0031668736638637
BRF1,2,0.0003070448939413904,1709.6005917080558,3422.1863497884724,34.65087614908525,3425.2011834161117,0.824837825,1.0,1.0023802145785619
BRF2,2,0.00025678688127754405,1459.9429834360894,2923.0154431529463,32.58966839992547,2925.885966872179,0.849855825,1.0,1.0082897818757632
BRI3BP,2,0.0009666685172808714,4172.069625737691,8348.779365497106,34.7959841526231,8350.139251475382,0.631824025,1.0,1.0084439937876968
BRI3,2,0.010603057982241796,10672.990710317168,21351.581289232043,8.644651957228557,21351.981420634336,0.357701225,1.0,1.0084458773563392
BRIP1,3,9.058672165660981e-5,566.6173577092296,1138.515233330111,20.111850398728656,1139.2347154184592,0.884173875,1.0,1.0024270722024713
BRIX1,2,0.0057856494296957646,7797.153703014264,15600.102817550433,16.391166368174304,15600.307406028527,0.4602149,1.0,1.0020508431509
BRMS1L,2,0.0005296715204724982,1981.2855496795312,3966.852665839692,36.23320020110305,3968.5710993590624,0.783869925,1.0,1.0025699972358788
BRMS1,2,0.0005028283028927695,4596.161616925932,9197.535999516169,31.24923679367241,9198.323233851865,0.631881575,1.0,1.0065408391793595
BROX,2,0.0020782217046408655,4079.4360282629514,8166.552440264447,33.963131978910916,8164.872056525903,0.64749185,1.0,1.0030638513318453
BRPF1,2,1.2895420233482902e-5,787.8825156324832,1578.6655951948221,24.40435746656923,1581.7650312649664,0.88786675,1.0,1.002903628432703
BRPF3,2,3.329177423542096e-5,847.9885850955166,1699.158472466684,25.397756892056574,1701.977170191033,0.8749296,1.0,1.0030094133590994
BRSK1,2,3.858127336256476e-6,529.3764652518271,1064.1207496168752,19.669254441932527,1064.7529305036542,0.888682775,1.0,1.002526187787267
BRSK2,2,1.0314561804313524e-5,545.3317911026352,1093.887386358816,19.922826009819023,1096.6635822052704,0.8911751,1.0,1.0090321518847372
BRWD1,2,0.0008769080784162991,4416.39157061535,8837.39806344543,32.51213705629786,8838.7831412307,0.6624127,1.0,1.009520814783604
BRWD3,2,6.120910127000057e-5,1090.354890691438,2184.6437225059,28.79149249860036,2186.709781382876,0.842183425,1.0,1.0034911609528379
BSDC1,2,0.00045732280080745265,4639.955345647869,9286.691070895618,30.48744586002565,9285.910691295738,0.605196575,1.0,1.0048806380917514
BSN-AS2,2,3.2118772716279644e-7,25.436209612850632,53.21892605334305,3.6320688783046013,56.872419225701265,0.9736466,1.0,1.00385751544877
BSN,2,1.738939437570965e-6,53.42005967569695,109.19768469459038,5.3281934257307615,112.8401193513939,0.965788975,1.0,1.0025301912189324
BSPRY,2,0.0006939372695063011,3393.0210170700957,6791.535361980672,36.97059822654239,6792.042034140191,0.68093225,1.0,1.0019432333933296
BST1,2,2.2204099690070245e-5,158.96179031762378,320.8726480820428,9.890582564966929,323.92358063524756,0.9426914,1.0,1.0030183707851261
BTAF1,2,0.0003668960896959244,1591.1927483256536,3185.873545819664,33.68372596922718,3188.385496651307,0.816106225,1.0,1.0020728898407918
BTBD10,2,0.0002547787317857097,2688.5415766924166,5381.736757400812,38.0105836847116,5383.083153384833,0.742123075,1.0,1.0027367510637917
BTBD11,2,7.529243849579935e-5,264.43180076926177,531.9511044198808,13.276982322724479,534.8636015385235,0.9266889,1.0,1.0025091244650552
BTBD16,3,3.223246284753074e-5,911.0672957888747,1827.0439493189342,26.269751974238208,1828.1345915777495,0.85007165,1.0,1.003152932380688
BTBD17,3,1.2800605195921288e-6,46.713533322724174,95.79132273394015,4.952154064388653,99.42706664544835,0.967354775,1.0,1.007074633799051
BTBD19,2,4.109012692235394e-5,205.73355403801253,425.4094248950653,11.47957398272333,417.46710807602506,0.93291005,1.0,1.0024082938614671
BTBD2,2,0.0002933196314297878,2619.2756321664347,5245.654423559315,37.888388245771246,5244.551264332869,0.718635375,1.0,1.003005699173077
BTBD3,2,0.00016980186137923578,1269.785998552441,2543.1914132583574,30.705633092647542,2545.571997104882,0.82991235,1.0,1.0022695586250217
BTBD6,2,0.00011866777660043658,2391.472810454466,4788.463861885978,37.59150782031154,4788.945620908932,0.738057375,1.0,1.0057686305757936
BTBD7,2,0.0010251697380524543,3262.0830225392087,6528.313251639946,37.253131620367554,6530.1660450784175,0.721436225,1.0,1.0117865484603052
BTBD8,2,1.6846329486697106e-5,567.8793213459783,1138.82793064629,20.471516822895115,1141.7586426919565,0.8996226,1.0,1.002540460011591
BTBD9,2,2.4760238709259458e-5,517.7564473067077,1039.2353097381879,19.271881958028708,1041.5128946134155,0.892751025,1.0,1.0031349359772532
BTD,2,0.00011431864503302566,1180.8349419528133,2368.0967847336633,29.73715440736868,2367.6698839056266,0.82296685,1.0,1.0037161237871275
BTF3L4,2,0.0024230060142283348,7831.868549038025,15669.51101973885,13.574355763290953,15669.73709807605,0.53378485,1.0,1.0033645607022417
BTG1,2,0.0031219687415704523,7981.118904742942,15967.84115120296,14.134544452046608,15968.237809485883,0.45785615,1.0,1.001207342957118
BTG2,2,0.0009171505912611464,3470.6371683089565,6947.143967559171,38.772405784681794,6947.274336617913,0.6894242,1.0,1.0061525508300746
BTG3,2,0.004717698941014803,7077.107798755625,14159.698474785955,19.66410214694776,14160.21559751125,0.487340925,1.0,1.0041068880314314
BTK,2,3.866171386774729e-9,1.0264685031886907e-5,1.5084367196226336,8.090167071531637e-15,6.0000205293700635,0.9821577,1.0,1.0018306131674322
BTN1A1,2,6.9595947058511216e-6,97.13606272360155,197.31969733959426,7.452637527427105,200.2721254472031,0.9548092,1.0,1.0023083176960528
BTN2A1,2,0.0001467306050841267,1452.3448358690935,2907.5384868606284,32.62786458814905,2910.689671738187,0.852607025,1.0,1.0038703884922988
BTN2A2,2,0.00032326354466471373,1678.7021331222797,3360.4058002380107,34.40653706968759,3363.4042662445595,0.821781075,1.0,1.0058793734368479
BTN3A1,2,3.871348912928613e-5,815.7989878555833,1634.9372798669501,24.751527750153556,1637.5979757111666,0.865605075,1.0,1.0017246952699175
BTN3A2,2,0.00014286233913101808,2452.8757756283953,4910.752690695435,37.76515143245928,4911.751551256791,0.736569275,1.0,1.0050574333239055
BTN3A3,2,3.4425626454790698e-6,428.7647923062137,860.6744692857308,17.43201384791927,863.5295846124274,0.903814825,1.0,1.006995128308026
BTNL9,2,0.00014722050023993242,1007.2033285617143,2020.060964783393,27.42796824942655,2020.4066571234287,0.838825875,1.0,1.0043282197246126
BTRC,3,0.0006792301194231506,2043.4724984725863,4090.6175628844703,36.61917783068196,4092.9449969451725,0.799878175,1.0,1.003167218091339
BUB1B,2,0.0020001545390580557,2063.1985778835074,4133.695858916618,36.460744611172,4132.397155767015,0.767460075,1.0,1.004892864397866
BUB1,2,0.0026409429412716312,2360.2390081424755,4727.253112338779,37.917480279508894,4726.478016284951,0.75308425,1.0,1.0015284147995005
BUB3,3,0.020687932577548925,10178.262891492812,20363.79157296772,11.106361343549763,20362.525782985624,0.40566615,1.0,1.0009451459347631
BUD13,2,0.0003942372622968963,1798.0787777705107,3599.0288704114632,35.21436068618938,3602.1575555410213,0.8274884,1.0,1.0043184297461918
BUD31,2,0.005377359622618568,9605.23761856622,19216.022929601004,10.024318102548577,19216.47523713244,0.4155939,1.0,1.003784095571619
BVES-AS1,2,1.0261398228716598e-5,114.6502762120913,231.8770188141406,8.194727449058835,235.3005524241826,0.95225045,1.0,1.0031022852032905
BVES,2,2.4028196593909064e-5,164.30055221300697,334.25841762264645,10.080180918515376,334.60110442601393,0.940909275,1.0,1.0023597490169187
BYSL,2,0.0011473862500025005,3619.359876203591,7243.621605467003,36.74211453375898,7244.719752407182,0.700157,1.0,1.004817582152505
BZRAP1,3,3.209290627160209e-7,25.436208926096526,53.34134013497268,3.6358758136923264,56.87241785219305,0.9734517,1.0,1.0021959519446828
BZW1,2,0.006442896511544106,8820.510399254514,17666.43180311816,11.694133061069822,17647.020798509027,0.405194475,1.0,1.0064553709652777
BZW2,2,0.00418319590234883,7727.422730413394,15460.504860597388,14.415268086981719,15460.845460826788,0.460386775,1.0,1.0098883325073897
C10orf107,2,0.00012816074187190082,328.98015280465717,661.178537041921,15.0624924773978,663.9603056093143,0.920173025,1.0,1.0018620068237316
C10orf10,2,0.0022013113453331515,1919.8859334513952,3846.639052542622,35.73533226497484,3845.7718669027904,0.778372175,1.0,1.0059254141953573
C10orf111,2,9.088457609607911e-6,108.87613441757003,220.32104435686801,7.9560980813838125,223.75226883514006,0.95412215,1.0,1.0023629972830574
C10orf113,2,1.3658363333891313e-9,3.626295465148144e-6,1.0856427271058149,8.090167070589817e-15,6.0000072525909305,0.982605025,1.0,1.0012535026515492
C10orf11,2,0.0005016475741233117,1552.178440174149,3111.3260490330176,33.288577258818265,3110.356880348298,0.7909712,1.0,1.0024480213925977
C10orf12,2,7.005281626656092e-5,1185.4851734031447,2373.930482534398,29.87810799740424,2376.9703468062894,0.8535689,1.0,1.0037336264003478
C10orf25,2,1.282363982701979e-5,126.02167692556515,254.68832032760292,8.652320534608235,258.0433538511303,0.949637875,1.0,1.0020910183754925
C10orf2,3,0.0005841503183990241,2033.2662933132194,4071.061460275567,36.402357162724186,4072.532586626439,0.759965,1.0,1.0035591105682653
C10orf35,2,0.0005105614239028951,3266.305494323346,6536.586014904734,37.12128473723434,6538.610988646692,0.723202225,1.0,1.007017359062551
C10orf54,2,0.00011555348440896635,2065.42043957631,4135.815320349786,36.557912258820544,4136.84087915262,0.757747725,1.0,1.0033761903230893
C10orf55,2,4.296326703748226e-6,78.97189947514951,160.38122102286766,6.626699672915566,163.94379895029903,0.96012775,1.0,1.0024818141590817
C10orf76,3,0.0004197748528487068,1871.349823099804,3749.0450272379403,35.66837971135175,3748.699646199608,0.7801709,1.0,1.002689238282886
C10orf88,3,0.00029864386460444904,2290.5894038511183,4585.6793677161295,37.39045418689598,4587.178807702237,0.76342735,1.0,1.0046775616077395
C10orf91,1,2.8615933437598884e-6,453.5301707868001,909.943700115764,18.007689567096428,913.0603415736002,0.90992885,1.0,1.0016734935028015
C10orf95,3,5.430497961632371e-5,646.8405265176408,1297.8356120775545,21.752351385430405,1299.6810530352816,0.877097925,1.0,1.0031336767573344
C11orf1,2,0.002600715365971317,6804.560863646859,13623.684968956875,17.600618649254606,13615.121727293717,0.4980174,1.0,1.0094762309440133
C11orf24,2,0.0014844362284429844,3337.4463289067576,6679.593433065417,38.108368279803265,6680.892657813515,0.6950022,1.0,1.0040311526010228
C11orf30,2,8.030828220765123e-5,966.207318396293,1935.8280804204853,26.955676484333328,1938.414636792586,0.85969905,1.0,1.004428772313343
C11orf45,2,3.4762242366536766e-6,424.5912527247805,852.1625009634587,17.3362524733756,855.182505449561,0.906324225,1.0,1.0030519864815772
C11orf48,2,0.008158490508866759,10573.61619859515,21156.083618241573,8.730880615687372,21153.2323971903,0.3634507,1.0,1.0070501198207777
C11orf49,2,0.00024937441987779097,3130.1033766062174,6266.6638593000525,37.315035157530964,6266.206753212435,0.7146731,1.0,1.0032722123587547
C11orf57,2,0.0012681362994071577,3830.973587550735,7666.772552135216,35.395018609354274,7667.94717510147,0.7036021,1.0,1.005454927323805
C11orf58,2,0.0049557125956941,10917.796678956958,21840.567444587312,8.322857476084218,21841.593357913916,0.3216737,1.0,1.0121101241031571
C11orf63,2,0.000222134457845124,1287.0452120788532,2577.901435918718,30.84682632279384,2580.0904241577064,0.831072575,1.0,1.004096269550826
C11orf65,2,4.675133104603684e-5,924.3465627875745,1852.2122757269142,26.420147745264345,1854.693125575149,0.85419125,1.0,1.004501869555097
C11orf68,2,0.000865479406531893,3215.5707735391807,6435.420185008198,37.643174208742444,6437.141547078361,0.718279625,1.0,1.0026101306956028
C11orf71,2,0.0001956086419994242,1466.6632419593193,2936.2196850392756,32.708050926437124,2939.3264839186386,0.83882975,1.0,1.0046749970798958
C11orf73,2,0.005916844232774066,7846.795634522043,15698.656853662415,13.991577929724357,15699.591269044085,0.44613885,1.0,1.0052375306776793
C11orf74,2,0.0016987669297288599,4042.0643996562276,8089.940561249475,34.196959739627054,8090.128799312455,0.664706825,1.0,1.002795078019318
C11orf83,2,0.0029268388581482883,7783.071090227998,15571.486188407835,17.441792963830935,15572.142180455996,0.4801195,1.0,1.0019011791758943
C11orf84,2,0.0009611963458821195,1900.5242368672039,3805.6471198974846,35.705521525917256,3807.0484737344077,0.7845848,1.0,1.0023485180142975
C11orf91,2,1.0964014171076283e-8,2.910945762420753e-5,1.619383973967829,1.401258041015727e-14,6.000058218915249,0.982184075,1.0,1.0040191159863179
C12orf10,2,0.0011921754709500662,7384.988236052301,14776.636439511663,14.920377080724442,14775.976472104601,0.5044153,1.0,1.0121801072483019
C12orf29,2,0.0006736559227583821,3400.4971871254843,6805.886843858641,37.1302595430274,6806.994374250969,0.704594175,1.0,1.0017345159954223
C12orf43,2,0.0008366695842439471,2940.1007628735506,5883.788885173997,37.72536290771966,5886.201525747101,0.742428525,1.0,1.0040751168952124
C12orf45,2,0.0009278309481664296,5933.345515436328,11871.29912455902,23.362452009592005,11872.691030872656,0.566841625,1.0,1.0060706201924203
C12orf49,2,0.00115531578540671,3219.9125724262894,6444.468932604393,37.37823776706412,6445.825144852579,0.6992063,1.0,1.0026253437878558
C12orf4,2,3.672386070000565e-5,842.5034456569107,1688.2436244851804,25.188563688947948,1691.0068913138214,0.86620635,1.0,1.006295771721311
C12orf5,2,0.0004885742476689178,2379.639404378993,4765.038202178458,37.81388259758075,4765.278808757986,0.744658075,1.0,1.0042497263262484
C12orf60,2,8.544416500459045e-5,1083.1965724992208,2169.522045170084,28.55755503119801,2172.3931449984416,0.8617726,1.0,1.0054641189849018
C12orf61,2,5.111143671015201e-6,85.10928611205279,172.67077334603334,6.913352664678723,176.21857222410557,0.958413575,1.0,1.0030112889153442
C12orf65,2,0.0012029775034321888,4860.636925184305,9725.671623633576,30.930804005713778,9727.27385036861,0.6414727,1.0,1.0034853072145469
C12orf66,2,0.00016052222827071428,1195.9073059358514,2395.358644071164,29.85910607339889,2397.8146118717027,0.8435702,1.0,1.002942422102625
C12orf73,2,0.0005405349194442995,4510.135558530233,9024.916717699789,32.765330711281734,9026.271117060465,0.654690425,1.0,1.0032943603818527
C12orf76,2,0.0003809298725055355,2929.9289012549243,5864.455199277302,38.11216381837503,5865.857802509849,0.745218725,1.0,1.0054920800972742
C14orf119,2,0.0027358373888184792,7868.149387585777,15740.803916862837,13.284385944508166,15742.298775171554,0.50375465,1.0,1.0076297534039391
C14orf132,2,0.00029513574704947157,1524.8609464375147,3052.9654755138376,33.15926689529301,3055.7218928750294,0.8287779,1.0,1.0030156096587841
C14orf142,2,0.0002939633830529241,2880.417653858854,5766.168366771975,38.067103049520966,5766.835307717708,0.708583775,1.0,1.0024867743489116
C14orf159,2,0.0001632629504878943,2762.7695586790924,5533.345022076886,37.91238220415822,5531.539117358185,0.708810375,1.0,1.001794954287614
C14orf166,2,0.006506968749960981,11198.10890074528,22401.15191196485,7.882684366890691,22402.21780149056,0.318097375,1.0,1.0084348926413746
C14orf182,2,0.0005303655797590722,1424.4298160415867,2853.832222460359,32.112187097751736,2854.8596320831734,0.8064365,1.0,1.0052839448791828
C14orf28,2,0.0002196625957345476,1480.082088337795,2963.115192350486,32.810602966904355,2966.16417667559,0.839862825,1.0,1.0034858771884523
C14orf37,2,0.00020583720360896479,398.74265161336115,801.5431494102522,16.82272673520882,803.4853032267223,0.906429375,1.0,1.0044723679706835
C14orf79,2,3.783029770250049e-5,935.8474379571348,1874.9065754449002,26.706001694523437,1877.6948759142697,0.866786675,1.0,1.0028364928794076
C14orf80,2,0.0007921215618882312,2967.5330197304706,5940.73962790876,38.71748209455394,5941.066039460941,0.715941675,1.0,1.0049413474137483
C14orf93,2,0.00022161554940412342,1569.1813559054021,3141.6794706810065,33.697687659651194,3144.3627118108043,0.83097235,1.0,1.0040507837418955
C15orf26,2,7.987472290243482e-6,103.03945401746671,208.62994973797075,7.708893413008509,212.07890803493342,0.954462525,1.0,1.0031941723990272
C15orf27,2,4.095893323794241e-6,377.8083892415814,758.6844014695585,16.20674326193345,761.6167784831628,0.910623775,1.0,1.0026834124625041
C15orf39,2,4.87858109130148e-5,1070.199003769104,2143.158848885609,28.46923724139215,2146.398007538208,0.87791355,1.0,1.0063452426289121
C15orf40,2,0.0018238933185001109,5315.395632436201,10637.801640260874,27.600991440767064,10636.791264872401,0.627674875,1.0,1.0142589737291137
C15orf41,2,6.338615319565978e-5,964.2025078215862,1931.9402574930518,27.12884751372615,1934.4050156431724,0.859274025,1.0,1.0044561900789526
C15orf52,2,1.1067636991615685e-5,517.9771840879879,1039.5039357804378,19.344514307471336,1041.9543681759758,0.892747925,1.0,1.0030642204403049
C15orf56,2,1.026147938610207e-5,114.65027642756415,231.9053781030799,8.194839079592668,235.3005528551283,0.9520121,1.0,1.008026086421477
C15orf57,2,0.0005108122568426379,3265.4216177994613,6535.447380125336,37.40931389960624,6536.843235598923,0.724130725,1.0,1.003208916577593
C15orf61,2,0.003605129426914824,6847.358384806281,13699.251814788231,17.51476890688877,13700.716769612562,0.550603825,1.0,1.0025627620616997
C15orf62,2,3.796389872740473e-9,1.0079415112125956e-5,1.0599348576287566,1.1441223993092332e-14,6.000020158830225,0.982914625,1.0,1.0015193529454864
C15orf65,2,0.0002962227619428484,1522.4065594716592,3048.074219817972,33.1380609654937,3050.8131189433184,0.829617825,1.0,1.0031398147192834
C16orf45,2,0.0006863942528924664,2968.231369467605,5944.478635219526,38.09459011895708,5942.46273893521,0.688264025,1.0,1.003148667645291
C16orf46,2,0.0011602269743976167,1957.818892066385,3920.448858721797,36.01394601463997,3921.63778413277,0.780948975,1.0,1.0032536564438714
C16orf52,2,0.00035601625531935297,2381.540017970969,4767.295978511184,37.72647907520873,4769.080035941938,0.75126885,1.0,1.006466967053594
C16orf58,2,8.910979747808532e-5,2264.5651924504723,4535.97493194812,37.24801972001578,4535.130384900945,0.73969525,1.0,1.0026851379380735
C16orf59,2,0.00031449995287276283,2202.337417840024,4409.939154451368,37.12184935556132,4410.674835680048,0.752962625,1.0,1.0042695122302854
C16orf62,2,0.00020395675213702772,1443.3037992845882,2895.185590936925,32.47651040932896,2892.6075985691764,0.79979265,1.0,1.00370106539251
C16orf70,2,0.00010015785787589701,1251.6251742297627,2506.226044524732,30.597292968930716,2509.2503484595254,0.847990525,1.0,1.0034458972119422
C16orf71,2,5.696296046280455e-7,32.76421640928191,67.86861866861032,4.115455612097417,71.52843281856381,0.9712057,1.0,1.0029108460620533
C16orf72,2,0.0009964647848290423,2178.7364901280976,4360.32536963618,36.992401213090645,4363.472980256195,0.814680125,1.0,1.0094312552632598
C16orf74,2,0.0013006657367411751,5913.790300956708,11833.278792195597,24.55821030276815,11833.580601913416,0.56218975,1.0,1.0100430464381895
C16orf86,2,8.887211410132118e-7,39.83955077545371,83.70715443357471,4.546163697864884,85.67910155090742,0.968872325,1.0,1.0025282968388212
C16orf87,2,0.0011728518114930858,3571.3891861298193,7147.021834043423,36.342200227139124,7148.778372259639,0.724216575,1.0,1.0032179754341368
C16orf91,2,0.00035958416041595795,4450.8719552575885,8906.188205925024,32.590025039347886,8907.743910515177,0.67628975,1.0,1.0039294824417233
C16orf93,2,0.00014867758931138037,1134.5726081146715,2279.8815725994696,29.111174215200847,2275.145216229343,0.823634075,1.0,1.004730969147586
C16orf95,2,0.00010896451308053808,928.0415664297599,1860.4744432435443,26.343567083469516,1862.0831328595198,0.848313825,1.0,1.0039584441189753
C17orf100,2,9.396170277629217e-6,579.8251071135616,1162.6540917468076,20.630485632860466,1165.6502142271231,0.891142175,1.0,1.00428863624541
C17orf104,2,2.4018194923172763e-5,164.30052565857116,331.80421865936853,10.08105440980504,334.6010513171423,0.941451525,1.0,1.0029190865445925
C17orf107,2,1.2780465775415782e-6,46.71352797570803,95.71462934106555,4.953560639396602,99.42705595141607,0.9676543,1.0,1.0017686825553054
C17orf49,2,0.00015760091643762724,1423.749482710836,2878.0872511768926,32.33217201179411,2853.498965421672,0.7933106,1.0,1.0037076251871067
C17orf50,2,1.0260647960934586e-5,114.65027422013034,231.91837895185384,8.1946234310454,235.30054844026068,0.951790775,1.0,1.006724898917441
C17orf51,2,0.00017510091696163938,1166.2282735523027,2335.5607513761515,29.772290930559635,2338.4565471046053,0.868284075,1.0,1.0036490039646735
C17orf53,2,8.824720573948372e-6,602.4238855133649,1207.7705286049998,21.082433732210305,1210.8477710267298,0.894082025,1.0,1.003540377702922
C17orf58,3,0.002278072502772881,5923.57009665514,11852.386491569212,23.69883319854701,11853.14019331028,0.535976,1.0,1.0065401805745025
C17orf59,2,0.001518400264100626,2235.2939449077126,4474.5497039324455,37.16803769354925,4476.587889815425,0.79797685,1.0,1.0027733075589524
C17orf62,3,0.0012056828307968378,4949.05014531186,9902.385546492083,29.0416903035493,9904.10029062372,0.617742075,1.0,1.0030193224500321
C17orf67,3,0.0005559135889679253,1485.3900728236263,2975.166803810963,32.69297995126529,2976.7801456472525,0.81336905,1.0,1.0098373689875564
C17orf70,3,0.0009448557133866689,1845.2784693837061,3696.5625347799187,35.37616962639133,3696.5569387674122,0.771866075,1.0,1.0025182386156863
C17orf74,2,2.0482033857234916e-9,5.43797998909587e-6,1.5407926294496261,8.090167070589817e-15,6.000010875959978,0.982030625,1.0,1.0026122313358763
C17orf75,2,0.0005202885994364286,2662.913376269804,5329.749457953413,37.8824211766863,5331.826752539608,0.750226875,1.0,1.0044208729614554
C17orf80,3,0.0006241113349178168,1924.093793970018,3851.2723760563676,35.89558444104763,3854.187587940036,0.804342825,1.0,1.0036959678967485
C17orf82,3,5.1110591523755584e-6,85.1092858876558,172.79980192144043,6.9134341396744485,176.2185717753116,0.95777945,1.0,1.0044348336170477
C17orf85,2,0.0008676544094864545,4409.065610565719,8822.770361930145,32.62849778912134,8824.131221131438,0.6442811,1.0,1.00695764376953
C17orf96,2,0.000653419143390733,3044.421257127303,6093.25975435425,38.126886029258436,6094.842514254606,0.71060805,1.0,1.0014389663937724
C17orf97,2,0.00022236202923441587,1472.2193341181498,2947.418904808193,32.73646913088545,2950.4386682362997,0.841321125,1.0,1.004733859908682
C18orf21,2,0.0006830686314518614,3641.7418184947715,7286.860328455876,35.69916289881632,7289.483636989543,0.731760875,1.0,1.0036770047926107
C18orf25,2,0.00010985904711031598,1369.2623745686396,2741.5307516254293,31.877054103961868,2744.5247491372793,0.8500674,1.0,1.0032413737860195
C18orf32,2,0.0006724869829966213,2113.814602732782,4231.9624360558155,36.81498704446176,4233.629205465564,0.7791204,1.0,1.0030575259854702
C18orf54,2,2.4136008851135713e-5,529.597417515172,1062.8605932730377,19.524523133738153,1065.194835030344,0.8922221,1.0,1.0040178246206897
C18orf8,2,0.0010149907526111844,2040.1393118322915,4084.399214307181,36.41432139128148,4086.278623664583,0.782019175,1.0,1.0054239869368822
C19orf10,2,0.006397857530787304,11392.022325151918,22798.446965481937,7.655579617833602,22790.044650303837,0.330045725,1.0,1.0131621049896746
C19orf12,2,0.0009150448817257165,2493.674632902443,4990.537775316756,37.75493563544825,4993.349265804886,0.78669925,1.0,1.0031282260228538
C19orf24,2,0.0031052333615167946,7890.400257189787,15786.752153518397,13.984290874861674,15786.800514379574,0.527616025,1.0,1.001635414600262
C19orf25,2,0.0016908901889168802,5149.850783886023,10304.268457171713,28.461773660701184,10305.701567772046,0.610290725,1.0,1.003124233824512
C19orf26,2,0.00010931972754539099,611.8304006972727,1227.9818096203803,20.96956469208957,1229.6608013945454,0.881967775,1.0,1.0047897873698368
C19orf38,2,2.4014650871987702e-5,164.30051624911528,331.932795729171,10.080924701893434,334.60103249823055,0.941453375,1.0,1.0020389497254845
C19orf40,2,0.0004606376927564354,1551.9257055851165,3108.032165312835,33.31385743876644,3109.851411170233,0.8111461,1.0,1.0021406075154757
C19orf43,2,0.008016179192534294,11757.660091653413,23520.83876655697,7.037276158457431,23521.320183306827,0.3328139,1.0,1.0067091815396432
C19orf44,2,7.870490270368148e-6,639.4291954889088,1281.7563294822125,21.802501807144658,1284.8583909778176,0.893379825,1.0,1.002925624003402
C19orf45,2,8.76779882160462e-6,606.160924644343,1216.11479370244,21.15456890502211,1218.321849288686,0.88236185,1.0,1.0018400293257144
C19orf47,2,5.061051922769394e-5,879.07407670747,1761.3776587147072,25.721662109950387,1764.14815341494,0.8680957,1.0,1.0036009437863902
C19orf48,2,0.005444001276361862,9708.409218528326,19422.268085671843,10.428426178308587,19422.818437056652,0.4208477,1.0,1.0050630842494648
C19orf52,2,0.0005340819773102847,2627.3588598914403,5258.465220380576,37.89401949573271,5260.7177197828805,0.779009925,1.0,1.0034669459848669
C19orf53,2,0.018306946026320443,13127.877119280898,26261.95089747534,5.641714549868568,26261.754238561796,0.283622475,1.0,1.0061598768391047
C19orf54,2,0.00013900731087272076,1175.3786870718586,2354.20556738657,29.64018444704274,2356.7573741437172,0.8432631,1.0,1.0046316290626625
C19orf57,2,1.5664296543510906e-5,137.189326640241,277.5532686932539,9.084743552602536,280.378653280482,0.9465909,1.0,1.0028308410503406
C19orf66,2,0.0006193811629788046,3051.3642156549536,6109.606852538343,37.75453551009044,6108.728431309907,0.6879285,1.0,1.0063988498076972
C19orf68,2,0.00016009723163332417,1074.7758660390714,2153.623998041988,28.33572750938217,2155.551732078143,0.843564025,1.0,1.0042350326541256
C19orf73,2,1.2895157665002847e-5,794.6513064593345,1592.1933563841653,24.51849959524719,1595.302612918669,0.889237825,1.0,1.00327547404175
C19orf81,2,0.0007313893681914703,4604.336631185954,9214.76077521422,32.37760099509621,9214.673262371907,0.6284518,1.0,1.005965307601984
C19orf82,2,0.00010605123764121352,2092.5705957054483,4190.806163995193,36.65722053117911,4191.141191410897,0.7531336,1.0,1.0032840566730854
C19orf83,2,0.00012717048361483597,969.526128817676,1943.4016733844971,26.922606563862608,1945.052257635352,0.8474528,1.0,1.0025962793655485
C19orf84,2,3.1949162772748275e-7,25.436205109706634,53.081649485093514,3.6455944384823233,56.87241021941327,0.97364985,1.0,1.0054752224914942
C1D,2,0.0014821455300657834,6181.8240973869,12368.619605314,21.762544636045693,12369.6481947738,0.5530378,1.0,1.0078592766873011
C1GALT1C1,2,0.00023227987995657232,2933.258017083616,5874.086419887063,37.78351376799795,5872.516034167232,0.702172375,1.0,1.004385991110912
C1GALT1,2,0.0005167749402726706,3033.4259691121106,6070.518693835874,37.64745675475595,6072.851938224221,0.7359512,1.0,1.0018034688105673
C1QL4,2,9.406089074042118e-5,1028.6508876129208,2061.089842541571,27.809736889860112,2063.3017752258415,0.841947725,1.0,1.0031299911667382
C1QTNF1,3,3.2998286135823157e-6,525.4766034245188,1054.76384946866,19.587794187040252,1056.9532068490375,0.89108615,1.0,1.0021320774509013
C1QTNF2,2,1.8788683818543172e-5,148.16261686542006,299.3154898140355,9.497120002176356,302.3252337308401,0.94468185,1.0,1.0023933447795497
C1QTNF3,2,3.870260954041408e-5,200.6677052113043,404.18503718177504,11.317766081049905,407.3354104226086,0.939762,1.0,1.0014499428018993
C1QTNF6,2,0.0009123246698399249,1793.66602734171,3591.9285529842905,35.05817071492961,3593.33205468342,0.7972326,1.0,1.0057533093768931
C1QTNF8,2,3.5509517771063656e-6,72.74762587697568,147.8969175349944,6.327414220985195,151.49525175395135,0.96161965,1.0,1.0034697302205595
C1RL-AS1,2,7.00351654413158e-6,672.0724064832142,1366.521571363485,22.412911753694225,1350.1448129664284,0.869019875,1.0,1.0032403510875683
C1RL,2,0.0004001346448799239,1596.8299760987045,3197.467715102734,33.716503518943114,3199.659952197409,0.80952995,1.0,1.0067910956050317
C1R,2,7.530017602647196e-5,264.43182130853694,547.0086992493,13.274328692316846,534.8636426170739,0.922957075,1.0,1.003430168949292
C1S,2,7.994515923947925e-6,103.03947271831419,210.21791969508712,7.707712093486841,212.07894543662837,0.953307925,1.0,1.0026700736234342
C1orf101,2,1.7387822387639044e-6,53.42005925833412,109.27975738976728,5.327909683198365,112.84011851666824,0.9655896,1.0,1.007781254830492
C1orf106,2,4.1414446307246064e-5,778.4157181655992,1560.150216324577,24.12559105970934,1562.8314363311983,0.8773515,1.0,1.0013263791589446
C1orf109,2,0.0012951280778181605,3269.9008119786804,6544.486249249374,38.13703321038571,6545.801623957361,0.692357775,1.0,1.003183342498751
C1orf112,2,1.9350771289063378e-5,632.3951137693316,1268.2552173178115,21.59510904290541,1270.7902275386632,0.88133795,1.0,1.0030848976014746
C1orf115,2,6.93089996641115e-5,2239.828494420432,4483.957160121742,37.18040355285048,4485.656988840864,0.758687025,1.0,1.004840159997756
C1orf116,2,4.5772288504410976e-5,497.12404779723295,998.369016432905,18.766810354473886,1000.2480955944659,0.897469475,1.0,1.001386795469539
C1orf122,2,0.003940532907180168,7784.159146898483,15576.246158486978,14.755212119481081,15574.318293796967,0.50739775,1.0,1.0057779227662509
C1orf123,2,0.001314938906764463,4943.866978385847,10055.752780888546,29.314284253667438,9893.733956771694,0.552394925,1.0,1.005349471761657
C1orf131,2,0.0017307919637891277,5439.996753894605,10885.1888314771,26.120378979351766,10885.99350778921,0.633146575,1.0,1.0064102742642762
C1orf159,2,0.00017076068459083096,1025.7996533244877,2055.9933483790305,27.661057480534076,2057.5993066489755,0.8417243,1.0,1.0064862046077283
C1orf162,2,4.587105367479674e-9,1.2178764750658536e-5,1.275883527815606,8.090167070589817e-15,6.000024357529501,0.982392225,1.0,1.0029621561740572
C1orf174,2,0.0007265085728614337,4395.5883761036475,8795.47333610828,32.684014490422406,8797.176752207295,0.64930355,1.0,1.0071045070039757
C1orf177,2,3.222403226111316e-7,25.43621240749155,53.62368539139677,3.6375532937568043,56.8724248149831,0.973407725,1.0,1.0018031440536026
C1orf194,2,2.7065679658550917e-8,7.185937949345269e-5,6.254817367967219,0.0,6.000143718758987,0.9815228,1.0,1.0029304122524871
C1orf198,2,0.0004768300528088616,1895.3261863487555,3794.457285718515,35.78707402589145,3796.652372697511,0.7915919,1.0,1.0018017275033764
C1orf204,2,7.857644772796626e-5,269.1783773644839,541.4276258901446,13.414349188954954,544.3567547289678,0.92672485,1.0,1.0028965516326833
C1orf210,2,0.0002468688445584554,1488.302788782445,2979.96770917417,32.86539529604885,2982.60557756489,0.819868575,1.0,1.0045297516643323
C1orf213,2,0.0005450263993540524,3143.959985667913,6292.218561902024,37.70505857501398,6293.919971335826,0.752722575,1.0,1.0031056746808118
C1orf216,2,0.00111718238478425,2166.093417683645,4335.495666063431,36.93500929405062,4338.18683536729,0.7956335,1.0,1.0043867688802877
C1orf21,2,0.0008717987829468485,1989.1411893570496,3982.3433970096603,36.18926006467583,3984.282378714099,0.7804157,1.0,1.0041254767506
C1orf220,2,5.676408776920123e-7,32.764211129211894,67.72659936011603,4.11723776061283,71.52842225842379,0.97181285,1.0,1.0028009958088953
C1orf226,2,7.857658662444878e-5,269.178377733254,541.397932360764,13.414487728820395,544.356755466508,0.92782585,1.0,1.0033589105745024
C1orf233,2,8.260757879017786e-5,975.6543543450916,1991.21414178554,27.076053287517954,1957.3087086901833,0.835713675,1.0,1.0072522537586848
C1orf234,2,3.5489862620604622e-6,72.74762065853324,147.9024953601408,6.327193746235501,151.49524131706647,0.961935775,1.0,1.0030210479104718
C1orf27,2,0.000436516416258222,3110.3510917680505,6226.229202364469,37.63651888906536,6226.702183536101,0.6979642,1.0,1.0073133912587418
C1orf35,2,0.003142950217214098,5209.599624070936,10423.792563509174,29.25182615607694,10425.199248141873,0.594910175,1.0,1.0043751880744323
C1orf43,2,0.005842961719671452,11063.262542355636,22131.446491551418,8.122309365542419,22132.525084711273,0.3292267,1.0,1.0208094688474527
C1orf50,2,0.0012258103142605017,3673.653985774628,7351.964713849574,36.19610546796757,7353.307971549256,0.69174295,1.0,1.0024508494707196
C1orf52,2,0.000896186954061689,4940.047835376401,9885.44074783589,30.056380124733767,9886.095670752802,0.64073195,1.0,1.0048997985262123
C1orf54,2,4.510442877784721e-5,945.3667300637842,1893.9446949484616,26.84858189933578,1896.7334601275684,0.867160225,1.0,1.0040911386644769
C1orf56,2,2.6868123126496755e-5,481.6667058964275,967.0520752172812,18.489771322051055,969.333411792855,0.8996304,1.0,1.0040802574967258
C1orf61,2,0.00011772493626742356,1390.8513755553315,2784.8375470113615,32.068347303786815,2787.702751110663,0.838314375,1.0,1.0036143140656921
C1orf74,2,0.00028338419236106834,997.643092207642,1998.2909650341664,27.66865377072201,2001.286184415284,0.88685775,1.0,1.0050606631353798
C1orf85,2,0.0005555131902049893,3304.7389523712263,6635.404613938111,37.19502675302184,6615.477904742453,0.656553975,1.0,1.0065272953401034
C1orf86,2,0.009038372263065612,10505.053835601571,21089.251362977502,8.962178684779065,21016.107671203143,0.34031975,1.0,1.0104226600644928
C20orf144,2,5.234017226483968e-9,1.3896315736314935e-5,1.6290567316926203,1.1441223993092332e-14,6.000027792631473,0.982335425,1.0,1.002622458976587
C20orf194,2,4.949881033460268e-5,895.3602742922736,1796.2914609641625,25.972437000424232,1796.7205485845473,0.849452475,1.0,1.0043405617975028
C20orf195,2,0.0001951203130159869,390.2228709990433,783.743696373992,16.616164582356234,786.4457419980866,0.91198185,1.0,1.006190960808337
C20orf196,2,0.0001939789800526629,1365.216282221774,2733.449241658402,31.907753657111694,2736.432564443548,0.8603476,1.0,1.003928157509189
C20orf24,2,0.003952100956476044,6897.984328533072,13800.818671409785,17.709411869308706,13801.968657066143,0.52254325,1.0,1.0016302108851804
C20orf26,2,2.2950862979272e-6,59.98330864051685,122.79129799217989,5.6790438230746085,125.9666172810337,0.96349255,1.0,1.0018062267933918
C21orf2,2,0.00034093072543015624,3026.5285087788,6058.339962047791,37.80210820052805,6059.0570175576,0.700558625,1.0,1.0034090950141235
C21orf58,2,0.0004242200050017463,1130.6126540042794,2266.2522213541415,28.851102318391526,2267.225308008559,0.8292583,1.0,1.0056316786185033
C21orf59,2,0.0015434210500779222,6502.918757921898,13010.949497781407,18.38810977249334,13011.837515843796,0.54598335,1.0,1.005431321875549
C21orf91,2,0.00018844774536315746,1400.9040344883622,2804.816023787728,32.07796865269469,2807.8080689767244,0.8414358,1.0,1.004981301781219
C22orf23,2,0.00010377086982226722,301.7716055136543,606.7386745380788,14.330320259305049,609.5432110273086,0.9218134,1.0,1.0046716861249767
C22orf29,2,0.0003046219340761002,1501.8703097367668,3007.176141349249,32.945070826649186,3009.7406194735336,0.82733455,1.0,1.003959559459231
C22orf39,2,0.002789696996581016,5634.442431308796,11273.792693620993,24.481003873070506,11274.884862617591,0.58516095,1.0,1.0153400860014403
C22orf46,2,0.0002687698230337105,2515.9708924101287,5036.950362547753,38.06883881955744,5037.941784820257,0.73735265,1.0,1.0031771358618349
C2CD2L,2,0.00014485213774751178,1016.5374607439994,2037.321946888142,27.56374440053404,2039.0749214879988,0.843057175,1.0,1.0033829879713105
C2CD2,2,6.151178084641503e-5,1112.373885430596,2227.677182928845,28.98709379891143,2230.747770861192,0.85882595,1.0,1.0046778137165155
C2CD3,2,4.5857537413028295e-5,609.2551250401782,1222.1662043920232,21.298403380437822,1224.5102500803564,0.88692925,1.0,1.0065048846731182
C2CD4C,2,0.00010092538615018115,822.4923059921939,1649.5500371841724,24.716027531062686,1650.9846119843878,0.858260025,1.0,1.0022507826944365
C2CD4D,2,4.296342809938042e-6,78.97397557330959,160.3960274958121,6.626722589052418,163.94795114661918,0.959545175,1.0,1.0022455652691415
C2CD5,2,4.3842558736202594e-5,754.2393077080006,1515.7976079933974,23.699676743282286,1514.4786154160013,0.862293075,1.0,1.0031053923679174
C2orf27A,2,0.0001297053867881131,1095.7653577978945,2195.215506933506,28.648991713668288,2197.530715595789,0.84347755,1.0,1.0024662989246012
C2orf42,2,0.00021715207115588955,1083.7724173240838,2171.8746376596027,28.395827669133585,2173.5448346481676,0.8440234,1.0,1.0041333316674868
C2orf43,2,0.0003357311485472068,1792.2401997480388,3588.07480145633,35.21861374317912,3590.4803994960776,0.805549825,1.0,1.0070317243283162
C2orf44,2,5.580239662600649e-5,822.6833651401512,1648.841322104769,24.814593674240758,1651.3667302803024,0.8780746,1.0,1.004642449076701
C2orf47,2,0.0019797517013593227,4374.802915150378,8753.005713862265,31.452093437450717,8755.605830300756,0.68585285,1.0,1.0048651043043415
C2orf48,2,2.5909692244172875e-5,169.5956950715739,342.07652560808583,10.268077895591773,345.1913901431478,0.941143175,1.0,1.0032108710072956
C2orf49,2,0.001115815543014213,3627.4748040380696,7259.394235254291,36.28607795324057,7260.949608076139,0.7174531,1.0,1.0016523257852499
C2orf50,2,0.0002637328361740597,440.5779827197794,884.4963355756199,17.810776778500035,887.1559654395588,0.906611775,1.0,1.0047727499981693
C2orf54,2,3.213910226555603e-7,25.436210152600168,53.34576554701116,3.632346629781232,56.872420305200336,0.97366885,1.0,1.0024395205207135
C2orf61,2,2.5216192818507917e-6,505.83504001875934,1014.5281077265939,19.16869435227823,1017.6700800375187,0.910371975,1.0,1.0014172521611968
C2orf68,2,0.0006880619347928428,1780.923153042492,3566.056024507545,35.00200361218996,3567.846306084984,0.797873925,1.0,1.0049086654766075
C2orf69,2,0.000948360928217775,1753.732277793411,3511.991354020113,34.794232123539935,3513.464555586822,0.80380255,1.0,1.004089393612917
C2orf70,2,7.848724950999874e-5,1130.550856482055,2264.34715377289,29.18197886818829,2267.10171296411,0.84452265,1.0,1.0048677795556928
C2orf72,2,6.27274235912902e-5,245.26645477162262,493.7424566062293,12.711177128871443,496.53290954324524,0.928768575,1.0,1.003171816127523
C2orf76,2,0.0005169833049692934,3431.9414629065304,6867.308338993173,36.433955495735844,6869.882925813061,0.7186428,1.0,1.004082078828693
C2orf78,2,1.7390330659190182e-6,53.42005992428022,109.22002524443565,5.327636975308916,112.84011984856043,0.96551005,1.0,1.0031149047101193
C2orf81,2,0.0002515769199774406,432.3085449957846,867.9954945160994,17.619063074258953,870.6170899915692,0.906736425,1.0,1.0043582748942497
C2orf82,2,3.666811088247303e-6,411.994085600818,827.556222943307,17.035231671757764,829.988171201636,0.904989175,1.0,1.0019891888279884
C2orf88,2,1.2528656023694965e-5,469.8953776916029,943.5061550581142,18.293400069685894,945.7907553832058,0.897304675,1.0,1.0049015326873547
C3,2,3.549206173295666e-6,72.74762124239757,148.5482033341285,6.325761084240143,151.49524248479514,0.960463775,1.0,1.004276523488276
C3orf17,2,0.00014985209069580404,2473.0961110384733,4950.323829214145,37.735872707787074,4952.192222076947,0.758919525,1.0,1.007706145365068
C3orf18,2,0.00017955622063029532,1233.269900735968,2471.29374199224,30.275886925127438,2472.539801471936,0.8214559,1.0,1.002251009943714
C3orf33,2,0.0007778350566147061,2191.410495774833,4385.793905235991,37.088818706275816,4388.820991549666,0.811870475,1.0,1.0024323478364496
C3orf35,2,2.0459408788095417e-5,153.5830393569159,309.8630217283623,9.69658458748048,313.1660787138318,0.9454434,1.0,1.003780102069094
C3orf38,2,0.00041987475620674163,2902.610795061547,5808.902045926563,37.83615226411351,5811.221590123094,0.7707345,1.0,1.0027759005929167
C3orf52,2,7.58412663897985e-5,829.4079325538795,1662.7478784381656,24.875295462537107,1664.815865107759,0.861497025,1.0,1.0025399337357206
C3orf58,2,0.00036274154519523637,1359.3860366541633,2723.0012935085547,31.529462876376435,2724.7720733083265,0.8289983,1.0,1.005506942980474
C3orf62,2,9.934289353505077e-5,1133.8944196289267,2271.5432550561363,29.183618386461674,2273.7888392578534,0.83792445,1.0,1.0018174255225245
C3orf67,2,2.4687360951462495e-6,513.7205936131992,1030.882076395092,19.33743166722507,1033.4411872263984,0.8943748,1.0,1.0026649059134884
C3orf80,2,9.995791320544099e-5,297.17392852653745,597.515395213241,14.203913028489033,600.3478570530749,0.92243015,1.0,1.0065395265522645
C4orf26,2,2.876121397121385e-6,66.41940955180489,135.868266117981,6.010780116878681,138.83881910360978,0.96189,1.0,1.0015085964363826
C4orf27,2,0.0027707656243162473,5652.206144032787,11310.163105346537,24.660435275048336,11310.412288065574,0.5902952,1.0,1.0070353264973193
C4orf29,2,0.00014202715013066075,1032.0055313028738,2068.2515309053247,27.78116427703836,2070.0110626057476,0.84185205,1.0,1.0038457636748988
C4orf32,2,0.0006499708679705778,2945.8731187956323,5896.223365313372,38.22231227922012,5897.746237591265,0.70893895,1.0,1.0026176065330972
C4orf33,2,0.0002998376078525961,1434.220042240557,2873.8921485882215,32.30941802450913,2874.440084481114,0.803793875,1.0,1.0037723265908227
C4orf36,2,0.00011991604058988133,875.8234061103215,1759.0947823681138,25.530670418053543,1757.646812220643,0.8491736,1.0,1.0023563841507122
C4orf46,2,0.00024094045881534868,1845.9557664481108,3696.7017056779428,35.27347919887397,3697.9115328962216,0.7783239,1.0,1.0055566034296812
C5AR2,2,3.2263439726533105e-7,25.436213453759756,53.29137450685993,3.6377559083905946,56.87242690751951,0.9734065,1.0,1.0023683922427462
C5,2,5.680174891646954e-7,32.76421212911535,67.88055858946261,4.112085050764893,71.5284242582307,0.97133865,1.0,1.0039438864154
C5orf15,2,0.0004916983415677016,4637.443961830808,9289.247120072214,30.154361133248358,9280.887923661616,0.591195675,1.0,1.0090174647163914
C5orf22,2,7.242469178323429e-5,1028.3354828689978,2060.0953010871176,27.846258030359394,2062.6709657379956,0.849824175,1.0,1.0016361092412305
C5orf24,2,0.003493021254368588,8033.879641327837,16072.552206511906,13.956574699983998,16073.759282655674,0.451440875,1.0,1.0039125955418085
C5orf28,2,0.0006885020567543145,2100.2143621028904,4203.5899645439,36.82626701296089,4206.428724205781,0.814779525,1.0,1.003219353892617
C5orf30,2,0.0002473950370367313,1564.4645476900555,3131.803147214549,33.54028908928963,3134.929095380111,0.83807435,1.0,1.0014604219824566
C5orf34,2,1.3144790951196935e-5,449.4116334735562,902.1747272160601,17.83242431974204,904.8232669471124,0.90222175,1.0,1.0034265781357585
C5orf42,2,0.0001405848122917408,1016.7441372905171,2036.8609085554997,27.884936024628892,2039.4882745810341,0.86082675,1.0,1.0007054683182144
C5orf45,2,0.0004318056069577271,3303.092134717244,6609.963418543081,37.023278373217174,6612.184269434488,0.722186125,1.0,1.0023182039286755
C5orf51,2,0.0002750110579341058,2412.1884915215496,4828.6428315126695,37.75984961658995,4830.376983043099,0.753648825,1.0,1.0042141258255082
C5orf55,2,0.00013178585707163625,1417.9252807790156,2839.009145059441,32.31501715168151,2841.850561558031,0.835640025,1.0,1.0032475183318412
C5orf63,2,0.00016074370114823515,1494.1308722681085,2991.395227426413,33.00614884160883,2994.261744536217,0.8320111,1.0,1.0018442703498955
C5orf66,2,1.1504235094813048e-5,120.36555715231664,243.35810319183503,8.42680590184952,246.73111430463328,0.950974525,1.0,1.0024275918917427
C6orf106,2,0.0002651756520527387,1441.5690996632595,2888.6094355691557,32.40713090052029,2889.138199326519,0.805267825,1.0,1.0040836549813172
C6orf120,2,0.000536899058549091,2822.3309549192595,5648.936103788753,38.1472026022592,5650.661909838519,0.733402725,1.0,1.003621715623442
C6orf132,2,0.00034379274281778546,1637.8792103489193,3278.735164740694,34.07604084102096,3281.7584206978386,0.833074875,1.0,1.00515705695689
C6orf141,2,0.0002655643413531094,1436.2567716206984,2875.94749769583,32.356030610108704,2878.5135432413967,0.830454625,1.0,1.0023837680738503
C6orf163,2,2.2201608358819853e-5,158.96178370313933,322.08987841988966,9.890066042514576,323.92356740627866,0.9420442,1.0,1.0011963382527402
C6orf195,2,4.354209821827507e-5,210.7699684457079,424.4691599215807,11.643696698886023,427.5399368914158,0.935326725,1.0,1.0050464502927212
C6orf1,2,0.0025538681906130435,3892.0258143834694,7820.651916186985,36.10931450281871,7790.051628766939,0.62577775,1.0,1.0039542044911423
C6orf203,2,0.001033181179325206,3529.138992031928,7063.245425674277,36.599071086624264,7064.277984063856,0.71814745,1.0,1.0035967492320643
C6orf211,2,0.0007358975377445209,3053.029211385713,6113.530905736743,38.00408114044885,6112.058422771426,0.691692675,1.0,1.003195051229947
C6orf223,2,0.00020653451905682784,2113.7695057306396,4232.460183030904,36.7986540739058,4233.539011461279,0.762766675,1.0,1.0068266944330393
C6orf226,2,0.0016422140441920004,3226.620699314782,6457.909604538153,37.97298860955632,6459.241398629564,0.68341225,1.0,1.0036123694828771
C6orf52,2,0.00019001409692114945,1316.9194927113344,2659.785651023774,31.189996210267488,2639.838985422669,0.8045481,1.0,1.0028008891930085
C6orf57,2,0.0005726152105918864,1763.174729803724,3531.6027165984583,34.90181298795892,3532.349459607448,0.7840405,1.0,1.0036420656696732
C6orf58,2,1.2173391563691205e-5,478.0318891257032,959.2721190370213,18.478103770932673,962.0637782514063,0.9012597,1.0,1.0031305216279087
C6orf62,2,0.001187802540899805,3503.818187847193,7013.431433430434,37.472162272767264,7013.636375694386,0.688550075,1.0,1.006450934211336
C6orf89,2,0.0007650882695723977,3317.7575652000005,6642.445188235139,37.12219352920138,6641.515130400001,0.681762425,1.0,1.0032150958521142
C6orf99,2,0.0009753822607853061,1780.1170743428588,3565.495338705987,34.96128731696253,3566.2341486857176,0.78522745,1.0,1.0026151405333095
C7orf25,2,5.133547410492186e-5,225.71091657391057,454.35393323008583,12.114960150159602,457.42183314782113,0.934757275,1.0,1.002057614117231
C7orf26,2,0.0005847259878207109,1618.0776262364661,3240.5489197433235,33.82693174839662,3242.1552524729323,0.807956425,1.0,1.008637993470538
C7orf31,2,3.7876222632120623e-6,399.2781003333023,801.5054110513182,16.73133866897991,804.5562006666046,0.90946375,1.0,1.002564263488269
C7orf43,2,2.6739082914577428e-5,838.1202987038123,1687.807700692533,25.23479717381742,1682.2405974076246,0.852560375,1.0,1.0027007917533064
C7orf49,2,0.0020174812228841627,3835.6726667770554,7676.864979290923,36.489876706175785,7677.345333554111,0.69633885,1.0,1.00193603962034
C7orf50,2,0.005008280018729787,6486.296423271691,12978.700709825494,21.60302000651786,12978.592846543383,0.5078641,1.0,1.0073899227441179
C7orf55-LUC7L2,2,0.0005599865696212701,4844.235438619565,9694.451493752262,28.489080886653948,9694.47087723913,0.6137183,1.0,1.0100371926048446
C7orf55,2,0.0030989691546155014,7858.405138940762,15723.45501327693,13.942092451420704,15722.810277881525,0.48330475,1.0,1.0063606281717505
C7orf57,2,2.271698654443452e-6,59.98324654632341,122.37163048338658,5.679981139969302,125.96649309264681,0.964006675,1.0,1.006465530647193
C7orf60,2,0.0006619007699748121,634.3725286523236,1272.031297070682,21.86979629743778,1274.7450573046472,0.900005175,1.0,1.0019322615742832
C7orf61,2,1.0061945602871747e-5,556.9118167529923,1117.937667996512,20.160418167036664,1119.8236335059846,0.886531825,1.0,1.004142764727972
C7orf63,2,0.00013686718407379314,337.91319597963974,680.8580459664784,15.295515606695602,681.8263919592795,0.91333985,1.0,1.0029919726850791
C8G,2,5.528380605116098e-6,306.49043880099117,618.840762169025,14.358021985662948,618.9808776019823,0.917580625,1.0,1.0032494797078582
C8orf33,3,0.003467073956056396,6721.622551524229,13465.465283135372,19.892494845827013,13449.245103048457,0.500853375,1.0,1.0147985983515388
C8orf37,3,0.0004096209675333192,1599.3348536474016,3203.0277953251384,33.73851050402646,3204.669707294803,0.7968947,1.0,1.0024017107318328
C8orf44,3,0.0007829653513069459,1996.43071504002,3995.9106606849646,36.23615561390399,3998.86143008004,0.810545525,1.0,1.0045473597324506
C8orf58,2,3.090014854106258e-5,920.6679070684503,1844.1748527691261,26.41797632043831,1847.3358141369006,0.879423025,1.0,1.0015333908765842
C8orf59,3,0.013356832699912898,13786.723474293858,27579.339885512578,5.011020761937931,27579.446948587716,0.2695592,1.0,1.0018482464295615
C8orf76,3,0.001184983421534125,5253.131209068508,10510.669195177079,25.83188932360028,10512.262418137016,0.6357746,1.0,1.0023120625721733
C8orf82,3,0.0028371679616773626,6639.897768694179,13288.584916680738,20.40906105338099,13285.795537388358,0.531077225,1.0,1.0063066483538274
C8orf88,3,3.1929174288024e-7,25.43620457901236,53.048181854908414,3.6414925738035957,56.87240915802472,0.973756725,1.0,1.0036047058895845
C9orf114,2,0.00016554209282725285,2670.935254405237,5345.801121233122,37.91636449454476,5347.870508810474,0.75130265,1.0,1.0028470443590338
C9orf116,2,0.0008361998210392962,4392.450717781441,8791.450113789822,32.25606985961982,8790.901435562882,0.6126299,1.0,1.0099906562154397
C9orf117,2,1.1504501455261169e-5,120.36555785950362,243.5059134264645,8.426529825171977,246.73111571900725,0.9502602,1.0,1.0064435396957423
C9orf142,2,0.0016859106560573127,6944.383047610276,13894.540888328098,19.687175629522436,13894.766095220552,0.51073315,1.0,1.0041630494830809
C9orf152,2,1.3945786752488823e-9,3.7026063827857823e-6,1.2168948865885234,1.401258040798223e-14,6.000007405212766,0.982520225,1.0,1.0039872794588627
C9orf156,2,0.00042297542618490705,1810.2390283856614,3623.3890721550947,35.28258144461172,3626.478056771323,0.8239258,1.0,1.0083887378059428
C9orf163,2,3.5491143668951277e-6,72.74762099865157,147.89215748453984,6.327561030695543,151.49524199730314,0.962294625,1.0,1.0017632446281581
C9orf173,2,7.216991461920776e-9,1.916111233139966e-5,1.0898714111400345,0.0,6.000038322224663,0.9826287,1.0,1.0024002702984252
C9orf37,2,3.526968129333482e-5,862.359588255146,1727.7845775905694,25.509717945051136,1730.719176510292,0.867993625,1.0,1.0042431685985989
C9orf3,2,0.00035099931533119107,1550.821056048106,3105.174090960306,33.34932086315306,3107.642112096212,0.820282625,1.0,1.001600771848677
C9orf40,2,0.0011822551970440294,2467.547340143364,4939.444724266755,38.123362696192835,4941.094680286728,0.73299245,1.0,1.0077062659587293
C9orf41,2,0.00024082220512012048,2364.7561206330806,4734.231197138039,37.5977709708227,4735.512241266161,0.7374234,1.0,1.0030173803167228
C9orf43,2,7.526346365182874e-5,264.4404629514491,532.6880258443681,13.276641546274838,534.8809259028982,0.924744125,1.0,1.0043266995491966
C9orf66,2,2.4014171961126353e-5,164.30051497760695,331.3608117100083,10.08157407513245,334.6010299552139,0.942916525,1.0,1.0026198857478275
C9orf69,2,0.00027369622715385354,2771.304102546155,5545.769766751198,37.83792143384098,5548.60820509231,0.7650102,1.0,1.0046508928201212
C9orf72,2,0.00015880462839057793,1410.8763977780845,2824.997846355808,32.21073813621107,2827.752795556169,0.82836615,1.0,1.0037792282935927
C9orf84,2,2.4024068312404557e-5,164.29562032840812,331.73384451628147,10.081002883198826,334.59124065681624,0.941683775,1.0,1.00554296934082
C9orf85,2,0.0020628672615931073,3410.1602560071915,6824.778755809701,37.34413173118662,6826.320512014383,0.68328605,1.0,1.0054247764343818
C9orf89,2,0.003836270167421587,7817.500159818859,15639.952775552581,13.806199838735196,15641.000319637718,0.462670125,1.0,1.006440836152159
C9orf91,2,0.0004642472080657218,551.8909428141327,1107.1228925530984,20.234168893892935,1109.7818856282654,0.902015725,1.0,1.0020741045980999
C9orf9,2,0.0005857062332978538,3678.3453020375246,7361.001245637169,35.33229783125542,7362.690604075049,0.6989647,1.0,1.0079515595349238
CA12,2,3.1717585538451196e-5,679.8766422671108,1363.7521212661402,22.428164619986564,1365.7532845342216,0.873617725,1.0,1.0051713856871864
CA13,3,2.1457791235866023e-5,828.1685161813061,1660.523692412856,25.075292956958737,1662.3370323626123,0.862454975,1.0,1.0047800306960668
CA14,2,2.4014306365501725e-5,164.30051533445055,331.7221153435048,10.081151230669482,334.6010306689011,0.94166635,1.0,1.0035373991838707
CA2,3,0.00250834210030504,3202.3435733957267,6471.71156437824,39.43408712486559,6410.687146791453,0.67902205,1.0,1.0024319863430107
CA3,3,7.987637288287104e-6,103.03945445553651,208.5472774246487,7.708901892093814,212.07890891107303,0.955664875,1.0,1.001584068663988
CA5B,2,8.694664467146354e-6,548.7385479645068,1100.7029550530722,20.077234130330954,1103.4770959290136,0.89394615,1.0,1.0020393119989275
CA8,2,4.5531088389857115e-6,533.2670636729006,1070.6155545721633,19.752561253135937,1072.5341273458012,0.889980625,1.0,1.0023797062178745
CAAP1,2,0.0008602745780687713,3634.2589198254373,7273.606811324343,36.048088642062474,7274.5178396508745,0.687977775,1.0,1.00504249944367
CAB39L,2,4.235028188453057e-5,771.5080963156919,1547.1490909532092,24.00310423980441,1549.0161926313838,0.864739625,1.0,1.0039383087158493
CAB39,2,0.000823855093844271,2036.217306064079,4075.936477206839,36.42421798930097,4078.434612128158,0.7863606,1.0,1.0061002378923463
CABIN1,2,0.0005863052778967098,2520.735130326608,5047.58009078687,37.824449684976976,5047.470260653216,0.72387335,1.0,1.0019116010543174
CABLES1,2,2.7647124157786243e-5,747.1522487974928,1497.5531556466956,23.639267262189538,1500.3044975949856,0.873697825,1.0,1.006171910808516
CABLES2,2,0.00011037320825434222,810.7839771593882,1625.2988833927634,24.855375541198555,1627.5679543187764,0.868846125,1.0,1.0027617923151921
CABP1,2,5.4076978256146847e-5,230.63763536749636,464.5293451827198,12.266656640716263,467.2752707349927,0.93055865,1.0,1.0029946390905293
CABP4,2,5.678552796935801e-7,32.76421169844921,68.67853492451373,4.10676440280603,71.52842339689842,0.971019175,1.0,1.0023803289433362
CACFD1,2,0.00019400881327462445,1053.4665766475832,2111.1980599406006,28.015210199306576,2112.9331532951664,0.843283,1.0,1.0020136374322437
CACHD1,2,0.00019511960529926262,390.2228691200554,783.7715958642035,16.6161964130249,786.4457382401108,0.9123131,1.0,1.0031250758337014
CACNA1A,2,0.0001646994269526498,364.3330813031327,732.1409719211076,15.973541293311628,734.6661626062654,0.91279795,1.0,1.0024356764128088
CACNA1B,2,7.526437066211605e-5,264.4404653595614,531.9599320774881,13.277106382919857,534.8809307191228,0.927284625,1.0,1.0019531493403935
CACNA1C,2,5.743391548382781e-9,1.5248704560956285e-5,1.9227451706203296,0.0,6.000030497409122,0.982070125,1.0,1.0025614745585298
CACNA1D,2,9.10460867086617e-6,108.87617729863766,221.14650881538768,7.954878368930341,223.7523545972753,0.952244025,1.0,1.0022720036173638
CACNA1G,3,2.9881295748725247e-5,180.09148731836893,363.8325727344782,10.629897263712106,366.18297463673787,0.938368425,1.0,1.0015937593254345
CACNA1H,2,1.2829976696139457e-5,791.2018797053348,1586.0400542415402,24.46037475184359,1588.4037594106696,0.866958075,1.0,1.0032222763858576
CACNA1I,2,3.247054101131354e-7,25.436218952298866,53.28852373014454,3.632536389778586,56.87243790459773,0.973541875,1.0,1.0022573551286942
CACNA1S,2,1.5081980109812553e-10,4.004265719155233e-7,1.7727788924467902,8.090167070589817e-15,6.000000800853144,0.982302975,1.0,1.002988114801321
CACNA2D4,2,0.0001458592198570857,346.7817078876868,696.8431222881113,15.52668696018875,699.5634157753736,0.915392,1.0,1.0050299940879
CACNB1,2,3.4924927185630607e-5,628.6266679411111,1261.1770882540309,21.460433223526195,1263.2533358822222,0.87994555,1.0,1.003059995857784
CACNB2,2,7.98772588546699e-6,103.03945469076203,208.76429744889,7.708425360797582,212.07890938152406,0.953829575,1.0,1.0056226875902576
CACNB3,2,0.00046874877183705505,1676.1766150345347,3356.354639796129,34.31376104678251,3358.3532300690695,0.79817165,1.0,1.0036913303385515
CACNB4,2,3.85743397712502e-6,529.3764634109585,1062.8632533658265,19.669904950653052,1064.752926821917,0.89100985,1.0,1.0042756278335416
CACNG7,2,5.879095885433859e-9,1.5608999575826895e-5,1.3366027421673605,1.1441223993258824e-14,6.000031217999152,0.98214065,1.0,1.00219402114733
CACNG8,2,1.2413330325784574e-5,469.89507155953777,943.0143958169657,18.29839944692887,945.7901431190755,0.9045661,1.0,1.0016538507951134
CACTIN-AS1,2,1.7401837490817888e-6,53.42006297934401,109.25246376318117,5.328874443099048,112.84012595868802,0.96562005,1.0,1.0020262435827823
CACTIN,2,0.00023148892906951874,1355.9104235450238,2715.688715464032,31.57635406281364,2717.8208470900477,0.822349425,1.0,1.0017006482869755
CACUL1,3,0.001491766341613371,4939.076002315944,9882.657019728225,30.142821988598037,9884.152004631887,0.60307735,1.0,1.0058557991132109
CACYBP,2,0.00971744984358489,10437.291121253811,20880.663747264014,9.220288205958292,20880.582242507622,0.36907055,1.0,1.0018458509202226
CADPS2,2,0.00010935171534411274,931.2634349538777,1867.6654709471143,26.38939776131104,1868.5268699077553,0.846520175,1.0,1.0037769117910873
CAD,2,0.00043069375709175876,1609.5090877316218,3224.5184470230997,33.80079794030245,3225.0181754632436,0.790733425,1.0,1.005732172720102
CAGE1,2,8.889979229878802e-7,39.83955151030985,82.1470600712534,4.549414281358173,85.6791030206197,0.968994725,1.0,1.0017972074783321
CAHM,2,4.717712004400395e-9,1.252552537168305e-5,1.0177352613808186,8.090167070590047e-15,6.000025051050743,0.982920625,1.0,1.0025412689278856
CALCB,2,4.606818985572262e-5,215.77781475233925,434.5606922995043,11.802965621474122,437.5556295046785,0.934363575,1.0,1.002473753527439
CALCOCO1,2,0.00023409413186720505,2545.0919005655996,5099.319682713919,37.95404279458411,5096.183801131199,0.7159095,1.0,1.0021922614925176
CALCOCO2,3,0.0029642638904691363,5842.01108860386,11692.370361447225,22.723194652522977,11690.02217720772,0.5602466,1.0,1.0054119850107945
CALCRL,2,0.00011564370654799912,315.45486449623326,634.0386255395264,14.701882317592617,636.9097289924665,0.920907075,1.0,1.0031217646251989
CALCR,2,5.681979546946264e-7,32.764212608251334,67.87933010531911,4.113064339284916,71.52842521650267,0.971378225,1.0,1.0032520912161071
CALHM2,3,0.0004421901935063655,4316.231149890349,8637.092382053606,34.003523876460825,8638.462299780698,0.647251575,1.0,1.0040659856567675
CALHM3,3,4.861292124329751e-6,338.21868087702063,683.7389182954147,15.195513642997968,682.4373617540413,0.912799925,1.0,1.0034008061166761
CALM2,2,0.08027069596651681,14267.400281964337,28547.165336457012,4.824379342220813,28540.800563928675,0.31421022723074554,1.0,1.0048064450207963
CALML4,2,5.68885314988726e-5,235.53870658804945,474.33789432034405,12.416660443163813,477.0774131760989,0.929940425,1.0,1.0061238561952024
CALR,2,0.00805101197702928,12098.75152351337,24251.25043093073,6.795891692364688,24203.50304702674,0.306585175,1.0,1.0070349886881553
CALU,2,0.002185276447380181,5727.934246750256,11653.120399913676,22.56219395334608,11461.868493500511,0.502748025,1.0,1.0054928876274494
CALY,1,1.2790901163304827e-6,46.71353074630352,95.76380284023568,4.953688911119869,99.42706149260704,0.967491525,1.0,1.00150134601735
CAMK1D,2,9.25651593140408e-5,1034.779477641207,2073.1938688548603,27.89396996115724,2075.558955282414,0.846478425,1.0,1.0048374527983306
CAMK1,2,0.000792541319584514,3143.927875120112,6294.623004885814,37.884040520897855,6293.855750240224,0.68002325,1.0,1.0041390283756335
CAMK2B,2,2.3088930628067186e-5,549.1336517889697,1101.7685714439604,19.93384985398071,1104.2673035779394,0.891098675,1.0,1.001546135948598
CAMK2D,2,0.0003937255205332072,2783.5663969901248,5573.823169023765,38.34052428195178,5573.1327939802495,0.70684395,1.0,1.0060497748212773
CAMK2G,2,0.0006105692249658467,3230.812418405886,6468.646041797707,37.51523761317072,6467.624836811772,0.68689685,1.0,1.0034221389701803
CAMK2N1,2,0.0007298519465533547,4710.14237567273,9426.14682949088,31.857947103358665,9426.28475134546,0.63061245,1.0,1.0042439620551413
CAMK2N2,2,3.359899067820937e-5,650.776699839776,1305.9375056348347,21.882034487972174,1307.553399679552,0.875825075,1.0,1.0030038509976342
CAMK4,2,0.00013966177843183588,1044.2984530443382,2093.024737966417,27.949869866564736,2094.5969060886764,0.8405992,1.0,1.0023383063078541
CAMKK1,2,3.948523933576983e-5,601.8044707822648,1206.8944784564221,21.151682727800257,1209.6089415645297,0.89075175,1.0,1.004567580518087
CAMKK2,2,0.00025944708016534555,1367.0334862478846,2738.855017898464,31.665941143433187,2740.0669724957693,0.811271,1.0,1.0021430191689928
CAMKMT,2,0.0009648914154640945,1998.5090448106153,4003.0757185071466,36.21804667143679,4003.0180896212305,0.7633129,1.0,1.003855937494733
CAMLG,2,0.0036773890099504225,8055.5395861344205,16116.332940390705,12.837854835115477,16117.079172268841,0.515503375,1.0,1.0067218251939718
CAMSAP1,2,0.000567662830598574,1770.082844003503,3543.7762728609605,34.953741758121275,3546.165688007006,0.807024775,1.0,1.003294475793547
CAMSAP2,2,0.0004633185342359686,1860.9881580742326,3724.935940323671,35.58141681046507,3727.9763161484652,0.8165027,1.0,1.0016483652711632
CAMSAP3,2,0.00033438367392039274,1016.0039053977268,2035.213555696255,27.928545714438453,2038.0078107954537,0.873392875,1.0,1.0020510141180317
CAMTA1,2,0.008138578119649022,8985.119483258914,17975.72797203122,11.380896627019041,17976.238966517827,0.447351225,1.0,1.0031904136263365
CAMTA2,2,0.00024335691570131655,1460.634414085152,2926.3441645122834,32.8139130710839,2927.268828170304,0.81241765,1.0,1.0038534599886257
CAND1,2,0.0015062270243928544,4086.4515372925125,8176.417103427583,33.25980645576137,8178.903074585025,0.695439175,1.0,1.0053418951215343
CAND2,2,1.2809330396140968e-6,46.71353563926483,97.31917549090055,4.949884650927842,99.42707127852967,0.966928025,1.0,1.0021827307230458
CANT1,3,0.001800796657263769,3898.6183694982724,7802.932335070281,35.45339282516372,7803.236738996545,0.663937675,1.0,1.0023843293077672
CAPN10-AS1,2,9.702654616334934e-5,842.7118262736743,1689.5120916884116,25.051435181273582,1691.4236525473486,0.8706289,1.0,1.0060251491539849
CAPN10,2,0.00022083405791331688,1592.0161211912275,3189.268021559644,33.86888526969882,3190.032242382455,0.8063543,1.0,1.003907011297423
CAPN15,2,1.4352455852607707e-5,753.67841088647,1510.5714904254312,23.81748484064417,1513.35682177294,0.872125175,1.0,1.0022914874665414
CAPN3,2,5.409712423641458e-5,230.63028937234105,464.41232783315985,12.266761488416178,467.2605787446821,0.930762575,1.0,1.0018637099355352
CAPN5,2,1.5986146835612417e-5,715.320990073072,1436.5918440660892,23.13545183246454,1436.641980146144,0.868131525,1.0,1.0036193995799685
CAPN7,2,0.00014278745929975018,2322.083734795267,4647.406263514192,37.4071769478526,4650.167469590534,0.775205675,1.0,1.0029851085153776
CAPN8,2,1.719579271604567e-5,142.69455918776868,290.7332158136434,9.292691886363112,291.38911837553735,0.944938275,1.0,1.0020591548454265
CAPRIN1,2,0.0033279829658972152,5694.295525444632,11395.200049415249,24.54385306668471,11394.591050889265,0.5787884,1.0,1.005201469717491
CAPS2,2,0.0006326567350523918,623.3707216700051,1251.1652311162597,21.657998700289017,1252.7414433400102,0.8823565,1.0,1.0038659364659293
CAPZA1,2,0.003112820783787976,7433.794431831571,14873.558761092936,15.884225007309789,14873.588863663143,0.4652109,1.0,1.001584131482224
CAPZA2,2,0.0034802316960651255,7511.798682274624,15028.422529093259,14.315337140563068,15029.597364549249,0.474625975,1.0,1.003292301375986
CARD10,2,0.00011433151751847317,1177.954420972012,2359.4047051297025,29.705983377582946,2361.908841944024,0.835624175,1.0,1.0039371514864655
CARD14,3,1.2836979137943789e-6,46.71354298000578,97.41674241064443,4.949472964716845,99.42708596001157,0.966960325,1.0,1.003194282076176
CARD8,2,0.0006469094692675962,2088.303052340188,4179.891545660379,36.70820506013773,4182.606104680376,0.797650125,1.0,1.001904135378195
CARD9,2,8.894438128136886e-5,283.2662055049383,570.063772515176,13.815467466169627,572.5324110098766,0.922941575,1.0,1.00377713735219
CARF,2,3.13289252714591e-5,683.4801621768105,1370.5105225251655,22.49530586597193,1372.960324353621,0.87589625,1.0,1.003415304200349
CARHSP1,2,0.005768507747240883,9233.343369509712,18471.702777746763,11.03057779883051,18472.686739019424,0.4103066,1.0,1.00912048193792
CARKD,2,0.0008119971741210101,2001.1236923570073,4005.81575384864,36.25301153798774,4008.2473847140145,0.787078025,1.0,1.0040706979756486
CARM1,2,0.0004976066328860407,1757.6658146772843,3523.276945921612,34.889527118230205,3521.3316293545686,0.775477575,1.0,1.0029516120078812
CARNS1,2,1.7189625048664358e-5,142.69870353500968,290.22321206778133,9.292896665781926,291.39740707001937,0.9448956,1.0,1.0039252934794285
CARS2,2,0.0008079239346581427,3504.6583271405316,7023.6068148112445,36.75317318120761,7015.316654281063,0.651606075,1.0,1.0061534753150756
CARS,2,0.000942368563035941,4135.174175393187,8274.941181845821,34.947443274554395,8276.348350786375,0.637261975,1.0,1.0046297654102425
CASC10,2,0.00017015305359272014,1155.2082793156978,2314.3211587302953,29.352280428590607,2316.4165586313957,0.837509,1.0,1.0040717297969635
CASC11,3,1.2824151750860063e-5,126.02167828446699,254.8011222410929,8.651877072849748,258.043356568934,0.9490936,1.0,1.002134631041435
CASC16,2,1.7391574093804078e-6,53.42006025441211,109.78682232970631,5.3263987622206725,112.84012050882421,0.965363625,1.0,1.0018596374005118
CASC1,2,4.356023219045949e-5,210.7633810305467,424.4374582309268,11.643617782747786,427.5267620610934,0.9353954,1.0,1.0033631412506143
CASC2,3,8.253534055708109e-5,798.8916350068703,1602.40041049625,24.36805269893514,1603.7832700137405,0.8599548,1.0,1.0022948206180629
CASC3,2,0.0009774002259161508,3396.1067651037306,6797.75143591687,37.66326373334071,6798.213530207461,0.68908025,1.0,1.0052473316604515
CASC4,2,0.0018232174487237947,4540.047814957861,9089.84500130795,32.32828591157128,9086.095629915722,0.591575675,1.0,1.003507236238449
CASC5,2,0.0009613964759432581,2232.211221998827,4470.888660774725,37.31811055430015,4470.422443997654,0.758645,1.0,1.001521163563479
CASC8,3,0.0019301746274910231,3793.566947760383,7765.738504012346,37.51465704783991,7593.133895520766,0.632690225,1.0,1.0038498103101399
CASC9,3,2.492020444806435e-5,834.7355214929311,1673.2078390684508,25.18236826301785,1675.4710429858621,0.865055825,1.0,1.0051397081147115
CASD1,2,1.1537187691689544e-5,502.12606541853404,1007.8463040345663,19.003445020068586,1010.2521308370681,0.894331675,1.0,1.0036659987696368
CASKIN1,2,9.621428008928359e-5,292.5573763265726,588.6063502286049,14.075571140447662,591.1147526531452,0.921197125,1.0,1.002703512342688
CASKIN2,3,0.0001702122033259747,1031.9738991984134,2067.2561670668856,28.097970255908365,2069.947798396827,0.86583665,1.0,1.0047683137964882
CASK,2,7.57687247646784e-5,1044.7801702356837,2093.7519062782626,28.222983169981294,2095.5603404713675,0.8463278,1.0,1.003812272786351
CASP10,2,1.7639283285571218e-5,346.4320096813967,696.7131667466355,15.344076871549516,698.8640193627934,0.91411345,1.0,1.0015750964546029
CASP2,2,0.000893106706949505,1919.7895391256905,3843.701808493212,35.81671820224497,3845.579078251381,0.7891951,1.0,1.0032437562970478
CASP3,2,0.00036223962768186567,1601.2534231016323,3206.086536811984,33.77298985658606,3208.5068462032646,0.80988875,1.0,1.003215044044596
CASP4,2,0.0005098210108253771,3870.0233173176944,7746.546951080597,37.31832942585402,7746.046634635389,0.6492403,1.0,1.0039853279125441
CASP6,2,0.0006558960546965995,3542.182722084787,7090.588702611674,36.233278061689596,7090.365444169574,0.676636075,1.0,1.0051370948233833
CASP7,3,0.000679370763555805,3448.0287280044745,6900.652376118095,36.66241146969233,6902.057456008949,0.69263175,1.0,1.0076772377315242
CASP8,2,0.0011692406160759465,3324.0936860879146,6652.492322761824,37.65488270439137,6654.187372175829,0.69857095,1.0,1.0037144659177635
CASP9,2,0.0002960434551531181,1442.0923867141319,2888.264927924773,32.391482819520405,2890.1847734282637,0.812891775,1.0,1.0025737696980064
CASS4,2,8.090741870625867e-9,2.1480919666511678e-5,2.0710434619919424,8.090167070589817e-15,6.000042961839333,0.981865,1.0,1.0051686953750791
CAST,2,0.005476558041169456,8884.595378717826,17784.55897216136,11.491821068812873,17775.190757435652,0.42141515,1.0,1.0038627544395429
CASZ1,2,2.163070457195453e-5,579.9004249565951,1163.1027275757212,20.56354969764958,1165.8008499131902,0.8937039,1.0,1.0017113550201622
CATSPER1,2,0.0004354310908289535,1668.5015526862692,3340.7133809854886,34.27344488173691,3343.0031053725384,0.802162675,1.0,1.0038647511630212
CATSPER3,2,5.6932456752662334e-5,235.5236404722125,499.94130627350455,12.413895267672352,477.047280944425,0.92756685,1.0,1.0022915440684361
CATSPERB,2,2.070481041786223e-8,5.497127165942422e-5,16.342688632035536,0.0,6.000109942543319,0.9813775,1.0,1.0020832875637187
CATSPERD,2,8.871584367101723e-7,39.83954662647378,81.96433645878597,4.552397082942501,85.67909325294757,0.969484075,1.0,1.0022240718618136
CAV1,2,0.008117835701219949,13350.854883897662,26707.132747398566,5.616364752010212,26707.709767795324,0.34169825,1.0,1.0015367177347132
CAV2,2,0.004931115080643571,10476.451436203437,20963.889619893103,9.22174009167025,20958.902872406874,0.3843401,1.0,1.0055776320273517
CBFA2T2,2,4.4545388367111136e-5,1066.5231965006178,2136.0725762247653,28.46957851629447,2139.0463930012356,0.86771535,1.0,1.0034431451281332
CBFA2T3,2,0.00026454756801794546,1597.2658333570942,3197.725410992013,33.80537450304831,3200.5316667141883,0.818908725,1.0,1.0034598029020236
CBFB,2,0.0018436240950638946,4678.464003519256,9362.289978474415,31.860649279144127,9362.928007038512,0.613198875,1.0,1.0069882896108218
CBLB,2,2.3166234430260067e-5,825.4773311558479,1653.8095596849694,24.967371981931244,1656.9546623116958,0.88174985,1.0,1.0026794225809927
CBLC,2,0.001679413106178172,4344.725976525042,8695.829720456899,32.57638170097391,8695.451953050084,0.6215881,1.0,1.0038361932609878
CBLL1,2,0.0008495884126965875,2232.3334317264953,4467.665678454654,37.25627796437955,4470.666863452991,0.815045575,1.0,1.0044235491127038
CBLN3,2,4.743567209491219e-6,333.7384447488171,671.1787093365731,15.081727395501094,673.4768894976341,0.914684875,1.0,1.0033769963048533
CBL,2,0.0005537044222212758,1729.9890695067802,3463.8444113863256,34.67930516512099,3465.9781390135604,0.8055841,1.0,1.0047193558281844
CBR3,2,0.0009023660543249348,1444.6725107830719,2894.7027577076174,32.20328997519547,2895.3450215661437,0.8053125,1.0,1.0022585842362046
CBR4,2,0.0006035622853240372,4863.519442823854,9732.26282466875,28.77469941562216,9733.038885647708,0.6196644,1.0,1.0026609442729058
CBS,2,1.4442980150405623e-9,3.834611229932693e-6,1.57681661575797,0.0,6.00000766922246,0.982431775,1.0,1.0031017736420145
CBWD1,2,0.0004278658548278486,4463.127558295141,8933.831029188617,32.876401693441316,8932.255116590282,0.611100475,1.0,1.0058856196956998
CBX1,3,0.00633613754551417,10092.914102841814,20674.92214613545,10.053946795340021,20191.82820568363,0.384195725,1.0,1.0057371755093187
CBX2,3,0.0003068011785544496,1514.8051476788928,3032.9174240399843,33.06626063120416,3035.6102953577856,0.82388965,1.0,1.009254465017521
CBX3,2,0.013486048061620466,11251.066878614507,22510.19952191551,8.117483027723768,22508.133757229014,0.348516775,1.0,1.005917182735021
CBX4,3,0.0009726670071937507,2128.6889538973,4260.296468212509,36.8000949178821,4263.3779077946,0.8081677,1.0,1.0069437122458331
CBX5,2,0.0031569062419752347,4947.771442535979,9900.64172406814,33.666489144372015,9901.542885071958,0.587688075,1.0,1.0073372643964051
CBX6,2,0.0023945087753612787,4164.007597912392,8334.039018355666,34.168264020003605,8334.015195824784,0.669663825,1.0,1.0035452456548861
CBX7,2,0.00019659355460119074,1464.087812431584,2931.7591005666754,32.68739427041888,2934.175624863168,0.81744835,1.0,1.0030942272302097
CBX8,3,0.00024612407765029675,2809.451020543483,5623.167247891461,38.01319125182772,5624.902041086966,0.75578955,1.0,1.003130540320511
CBY1,2,0.0016158613602447447,3962.0175658175735,7929.383215657268,34.702564469252216,7930.035131635147,0.66110015,1.0,1.0038470691015906
CC2D1A,2,0.0004104487841137875,2448.600357748528,4901.8596064100875,37.67550840842184,4903.200715497056,0.744481025,1.0,1.0020564466005255
CC2D1B,2,2.1457536105173344e-5,828.168515503934,1659.8385130080633,25.07563853635342,1662.337031007868,0.869174975,1.0,1.0031134379299256
CC2D2A,2,8.980668099257376e-5,2272.3559175274017,4548.675280005521,37.27206297330443,4550.7118350548035,0.766165575,1.0,1.0049858398754208
CCAR1,2,0.002592831371168661,6569.887977409855,13147.011287835623,20.227904347027966,13145.77595481971,0.53230705,1.0,1.012503902559794
CCAR2,2,5.110373551589627e-5,2246.1751979241753,4496.55012574558,37.19266092406574,4498.350395848351,0.7588433,1.0,1.004054812712842
CCAT1,3,0.0006679788157406338,1773.3928043224216,3550.6089658643195,34.95706187075086,3552.7856086448433,0.802106,1.0,1.0021157898351325
CCBE1,2,1.8788984530541538e-5,148.1626176638104,299.17926027181295,9.497288255630483,302.3252353276208,0.945088775,1.0,1.0023310554684226
CCDC101,2,0.000666063658917601,1964.6731401463944,3932.523236442002,36.10382755526689,3935.346280292789,0.80120895,1.0,1.0023942318149792
CCDC102A,2,0.00041616210860055875,1564.310020259346,3132.4407583343323,33.437102644612104,3134.620040518692,0.821115075,1.0,1.0040054883566427
CCDC102B,2,0.000142555054041881,749.4017285387655,1503.4542602296956,23.430808241285288,1504.803457077531,0.86554145,1.0,1.0010460354972053
CCDC106,2,1.878886143603354e-5,148.16261733699451,299.0517704048477,9.49765687154566,302.32523467398903,0.9460071,1.0,1.0015691314369686
CCDC107,2,0.0009819015710280554,4734.002785327103,9472.731643849118,30.33890871003533,9474.005570654206,0.6378855,1.0,1.0100460719876219
CCDC108,2,0.0002650535583851384,1348.0862440454673,2700.3791444462736,31.468648134384615,2702.1724880909346,0.8192027,1.0,1.0058569283421315
CCDC109B,2,0.0009199923856398874,4543.995045542954,9114.760359767493,33.77056384174282,9093.990091085909,0.598099675,1.0,1.0054817990862999
CCDC110,2,6.191122953685034e-5,761.1297905994812,1526.0699603112635,23.775831247218193,1528.2595811989625,0.8742988,1.0,1.0026296497784837
CCDC112,2,0.001234133707019645,5004.868159021694,10014.558900745811,28.719605991900423,10015.736318043388,0.63322855,1.0,1.0045025896270494
CCDC113,2,0.0004749031137635517,1526.5551633720663,3057.862748204377,33.08338448133026,3059.1103267441326,0.800300075,1.0,1.0034849964631782
CCDC115,2,0.003345552619015075,4338.481130737484,8688.926593496764,32.49351967843634,8682.962261474968,0.62128755,1.0,1.0030109969119816
CCDC116,2,5.135489975517349e-5,225.70375975471364,454.31057266894953,12.114565732799573,457.4075195094273,0.9344793,1.0,1.0033818334797728
CCDC117,2,0.00014566889575627864,2227.9359043442846,4460.149950849765,37.167736710668244,4461.871808688569,0.76935595,1.0,1.00253792177165
CCDC11,2,1.658868865125197e-5,701.1725713972047,1405.9715803402526,22.881352643394855,1408.3451427944094,0.874134825,1.0,1.0030529606814902
CCDC120,2,3.6703645089490476e-5,606.1850660050753,1216.7360589663583,21.02120588957295,1218.3701320101507,0.88080565,1.0,1.0025393080488862
CCDC121,2,0.0002761771138324639,448.8009045253354,900.774245513248,17.999562025619387,903.6018090506708,0.9127044,1.0,1.0041359897754938
CCDC122,2,0.0005018566881908428,1806.6597591644083,3616.5106688516134,35.22172981201104,3619.3195183288167,0.810519225,1.0,1.006841507593472
CCDC125,2,0.0007394750741240316,2831.870950270372,5667.1337107922855,37.799769433988146,5669.741900540744,0.7504668,1.0,1.0034832040321315
CCDC126,2,9.789500833870418e-5,1300.489864653653,2604.0517400047,31.197931956137865,2606.979729307306,0.849939825,1.0,1.0026704176386816
CCDC127,2,0.0003827286113545824,3104.62568231111,6213.194187006458,37.60208908814529,6215.25136462222,0.75684925,1.0,1.003438898655367
CCDC12,2,0.002807039205179138,6973.54822713202,13951.67474530736,16.61391248651043,13953.09645426404,0.56634195,1.0,1.0115599027712505
CCDC130,2,0.00014541378706762112,2612.6779280604087,5229.39142086428,37.87945732927456,5231.355856120817,0.74448975,1.0,1.002954143957013
CCDC132,2,4.9837741636299984e-5,867.7000932292308,1738.9424202126781,25.71371565434609,1741.4001864584616,0.864374,1.0,1.0018390856114936
CCDC134,2,0.00020044131708773906,394.4894242749467,792.2483871747537,16.720382787010276,794.9788485498934,0.9130475,1.0,1.003433519371309
CCDC135,2,2.7854405881687792e-5,174.8639932847043,352.83623375572483,10.45090978474923,355.7279865694086,0.93981095,1.0,1.0046720720558502
CCDC136,2,0.00011593801761952483,1034.9883497777403,2074.2270659190626,27.857473320601628,2075.9766995554805,0.839910775,1.0,1.0014745541242922
CCDC137,3,0.003697656758538833,6439.941861369176,12884.799489654892,22.183899823254624,12885.883722738352,0.5287176,1.0,1.0073639858687378
CCDC138,2,0.0002752519114537028,1572.413005591106,3148.1564692790093,33.58722388655473,3150.826011182212,0.816033625,1.0,1.0032811313325845
CCDC13,2,1.8788929656405287e-5,148.1626175181196,299.21383874066925,9.497114314197573,302.3252350362392,0.9451229,1.0,1.0047314990994967
CCDC142,2,1.0083657494677758e-5,553.0609534883783,1109.2111836204301,20.08348753566214,1112.1219069767567,0.89235275,1.0,1.002869681131614
CCDC146,2,7.557281149824413e-5,1003.6588642217367,2010.5492845639785,27.49788525182999,2013.3177284434735,0.86328865,1.0,1.0027233862559024
CCDC147,3,1.5661297848760248e-5,137.18931867870643,279.1944809278568,9.084488544696175,280.37863735741286,0.946157225,1.0,1.0043152032333105
CCDC148,2,4.110354451499568e-5,548.7024784789953,1101.577129729422,19.862240311402477,1103.4049569579906,0.88836935,1.0,1.0024670392925175
CCDC149,2,3.624243211964891e-5,849.1685717647781,1701.4852455037153,25.297164163744974,1704.3371435295562,0.866045975,1.0,1.0082303870795442
CCDC14,2,0.0028514770713981724,5235.6103211695945,10476.627012761468,28.681917748451088,10477.220642339189,0.57681905,1.0,1.008540811189705
CCDC151,2,7.526527883735999e-5,264.44046777076665,532.2568839003271,13.276956366062562,534.8809355415333,0.92531845,1.0,1.002003427098149
CCDC153,2,0.0012213350212572365,1953.8722063899393,3917.8817720993784,35.97055534988839,3913.7444127798785,0.756061675,1.0,1.0026086314895122
CCDC157,2,8.263551098152093e-6,689.9564532180686,1383.0418691427599,22.74964384131216,1385.9129064361373,0.88350115,1.0,1.0026444558904963
CCDC15,2,3.715816392029921e-5,598.6366746631547,1201.141810981069,20.875752076674022,1203.2733493263095,0.883886725,1.0,1.0017624482019138
CCDC160,2,1.2806953755035453e-5,457.64713458549045,918.5416998947983,18.020789143686258,921.2942691709809,0.9037936,1.0,1.0016756720281232
CCDC167,2,0.002749652553370242,6814.74144577148,13641.489646894152,21.343256616502046,13635.48289154296,0.502215525,1.0,1.005500719729744
CCDC171,2,0.00034531823631522504,1402.5382575026322,2809.3135379748874,31.97599759908779,2811.0765150052644,0.817752475,1.0,1.0019090637908397
CCDC174,2,0.002013559534241431,4294.269516616947,8592.459569753935,32.26271849554915,8594.539033233894,0.712358325,1.0,1.0038496667039378
CCDC176,2,6.738293907979915e-5,1211.0422824555508,2427.1325284887407,30.1916703902232,2428.0845649111016,0.826558725,1.0,1.0026255239133737
CCDC183-AS1,2,7.87760036532903e-9,2.0915028969948574e-5,1.8185577392073318,1.1441223993092332e-14,6.00004183005794,0.98210025,1.0,1.0023106279325473
CCDC183,2,1.2589453987192975e-5,473.9785648973267,955.4283353388897,18.38081597274644,953.9571297946534,0.8947175,1.0,1.0035530119840599
CCDC18,2,0.0022590875193876725,2486.2521050750324,4978.6756106552075,38.41816002186814,4978.504210150065,0.735056475,1.0,1.0020105602740081
CCDC19,2,2.2201059864698054e-5,158.96178224688742,320.6796104999958,9.891108323843712,323.92356449377485,0.94407375,1.0,1.004721401173888
CCDC22,2,0.0004949639509533862,1698.2112043999825,3401.1075966334997,34.469181137114205,3402.422408799965,0.788140625,1.0,1.0043489845444726
CCDC23,2,0.0012067259026352333,5218.158677800115,10442.286200203558,27.019911652219033,10442.31735560023,0.6112156,1.0,1.0064252158943292
CCDC24,2,0.0006447765145362715,3219.797041022822,6553.8315170814585,37.560547824354046,6445.594082045644,0.654876925,1.0,1.0044807582803164
CCDC25,2,0.0028941748994138245,7465.903990758219,14940.138519327378,15.428841683000902,14937.807981516438,0.46920545,1.0,1.003882709842727
CCDC28A,2,0.001126083881944269,2776.4676604574574,5560.049750168565,37.870878155065526,5558.935320914915,0.7313722,1.0,1.0048559323683244
CCDC28B,2,0.0009065454877730364,2047.5435180657767,4098.506117832558,36.4593970773278,4101.087036131554,0.794472975,1.0,1.0035937626868794
CCDC30,2,5.270471401187505e-5,616.6747708328448,1236.5479450021794,21.443856983054445,1239.3495416656897,0.89448345,1.0,1.0034396098017728
CCDC34,2,0.004029913281157222,5630.706454759286,11268.960364767378,32.26006668484739,11267.412909518573,0.57720015,1.0,1.003489087717477
CCDC38,2,3.194345429046279e-7,25.436204958146426,53.112817792801884,3.635195091842002,56.87240991629285,0.973571875,1.0,1.0032798196554042
CCDC39,2,3.1941630328511994e-7,25.43620490972024,53.55960752626322,3.632132198134164,56.87240981944048,0.9734267,1.0,1.0021000821031145
CCDC40,3,2.6472793898528704e-6,497.8900859061166,1001.5700849052499,18.992800216892885,1001.7801718122332,0.892955025,1.0,1.0029914993993132
CCDC42B,2,1.7388823557299686e-6,53.42005952414466,109.3871195987763,5.327980988939004,112.84011904828932,0.96539595,1.0,1.0015168232244556
CCDC42,2,5.719753941668115e-7,32.764222637353136,74.4354231650553,4.1024201648813206,71.52844527470627,0.97075865,1.0,1.0029874372806664
CCDC43,2,0.000647877790826187,4494.575699178788,8993.506420179188,32.09554076395793,8995.151398357577,0.64272855,1.0,1.0053252173147602
CCDC47,3,0.002102324666836183,6558.780252440806,13131.68455635894,19.463094848592256,13123.560504881612,0.5006975,1.0,1.003120694144911
CCDC50,2,0.0015876403905426548,5014.361676952497,10034.305154859941,29.786799476318816,10034.723353904994,0.602024925,1.0,1.0044170945082913
CCDC51,2,0.0009633373920441405,4629.165128576992,9262.63908400966,31.39872702021479,9264.330257153984,0.637045325,1.0,1.0088667183295794
CCDC53,2,0.0018824679145291242,4025.2822246880296,8060.433021014709,34.25951565374285,8056.564449376059,0.6282125,1.0,1.0050639326346755
CCDC58,2,0.004853627350201187,7016.932026619187,14038.82781222911,17.338959123425848,14039.864053238374,0.530125025,1.0,1.00518488829889
CCDC59,2,0.004242405244895434,7781.369837282403,15568.037543806455,14.621194379201981,15568.739674564806,0.499216175,1.0,1.0024745312618277
CCDC61,2,0.00010765800050807743,306.35076959706515,616.6736177321948,14.454753922415865,618.7015391941303,0.9188428,1.0,1.003741976286987
CCDC62,2,3.41494449764863e-5,190.4441577265807,384.01144761284183,10.979615619984486,386.8883154531614,0.937284575,1.0,1.0046278565394073
CCDC63,2,7.202334807855613e-5,259.68081119164236,522.4258371731347,13.138819678999267,525.3616223832847,0.929209125,1.0,1.0024454601376296
CCDC64B,2,0.0018985152094575018,3632.0285367921283,7268.8261258295215,36.36566454217158,7270.057073584257,0.6679123,1.0,1.0036311571174477
CCDC64,2,3.41635400802757e-5,190.43832236487964,384.2445099568549,10.979506100077222,386.8766447297593,0.9367623,1.0,1.0015647818428803
CCDC65,2,3.5593048423242293e-6,72.74764805436384,150.53611047069046,6.325027564477386,151.49529610872767,0.96013195,1.0,1.0041188746491005
CCDC66,2,0.0002594124190679187,2522.462972821378,5048.8101812360865,37.783625277828826,5050.925945642756,0.779006475,1.0,1.002814343837129
CCDC68,2,0.0004826957962232664,1778.6854787106708,3561.315079496783,35.045002809487315,3563.3709574213417,0.79418105,1.0,1.0021889204164691
CCDC69,2,7.055951154344309e-5,970.4466226839445,2132.552521445964,27.20651445156684,1946.893245367889,0.8337467,1.0,1.0036579197546107
CCDC6,2,0.0009664846001954668,4573.0300815604505,9150.636456335431,32.71790169989434,9152.060163120901,0.6375279,1.0,1.0017465759389594
CCDC71L,2,0.00016431489417658915,2359.653983843488,4723.62048809696,37.56523227660125,4725.307967686976,0.772775825,1.0,1.002705088731534
CCDC71,2,0.0010124093674358453,3153.0695872564293,6310.555460889704,37.617056129473056,6312.1391745128585,0.749251425,1.0,1.0028593320807102
CCDC73,2,2.2709942436686515e-6,59.9832446761128,123.52294051800337,5.677898555936809,125.9664893522256,0.963427275,1.0,1.003477032601832
CCDC74B,2,2.3929072146472946e-5,815.4405642546193,1644.6604264924374,24.79666613828216,1636.8811285092386,0.854446525,1.0,1.0037861396873065
CCDC77,2,0.0008039712252392381,1437.1663243857247,2879.5941586319586,32.155748206700686,2880.3326487714494,0.80658775,1.0,1.0035312948986026
CCDC78,2,8.263598796294208e-6,689.9564533447071,1385.4325132554425,22.747384230103318,1385.9129066894143,0.87101565,1.0,1.0028191905391206
CCDC7,2,0.00017958584339353953,377.34137395769096,758.1947573809989,16.298921453348434,760.6827479153819,0.910677025,1.0,1.0042102169696503
CCDC80,2,5.1376820526316574e-5,225.6966081802109,454.43787777851554,12.11423363634378,457.3932163604218,0.9323486,1.0,1.0043513092615877
CCDC81,2,2.8752056030895633e-6,66.42110507156781,135.23490598811136,6.0118605803161085,138.84221014313562,0.962543575,1.0,1.0015219588690347
CCDC82,2,0.0003010762983493192,2647.197386948121,5299.520680190109,38.0004235051204,5300.394773896242,0.72077095,1.0,1.0022287352833557
CCDC85A,2,1.7408541495587196e-6,53.42006475925728,109.40462248457959,5.326401327334567,112.84012951851456,0.96536845,1.0,1.0023766396068552
CCDC85B,2,0.015025031943665923,12658.076465994807,25321.728290458217,6.211105647342318,25322.152931989614,0.318250875,1.0,1.0071535289744011
CCDC85C,2,0.00012993746807610394,1095.7149080928818,2195.283591442834,28.647161621838265,2197.4298161857637,0.8385903,1.0,1.0030824363433788
CCDC86,2,0.0012987483395670441,3446.24592866416,6898.341082645655,37.8267703602565,6898.49185732832,0.687231425,1.0,1.0061074562335393
CCDC87,2,1.2775972767416037e-6,46.71352678281441,95.71480092824369,4.954356322572198,99.42705356562882,0.967695375,1.0,1.0041387117815637
CCDC88A,2,0.0003723548061204056,2371.6172125088187,4749.2140940940535,37.75773275939283,4749.2344250176375,0.738325525,1.0,1.0023713661555178
CCDC88B,2,0.000506397004482395,4369.680921273469,8746.795700958,33.285720009634915,8745.361842546938,0.627376925,1.0,1.0069368871447915
CCDC88C,2,0.0003827584412072233,1696.731982199144,3396.5012706985767,34.5100518186227,3399.463964398288,0.82384565,1.0,1.004001030265675
CCDC90B,2,0.0008918659498007741,6039.119724999289,12082.722469503435,21.294010830600747,12084.239449998578,0.56881725,1.0,1.0069877725672072
CCDC91,2,0.0016573049197099354,4299.9568474390235,8603.38159990118,31.68464991712391,8605.913694878047,0.69372205,1.0,1.0089524797118437
CCDC92,2,0.0004625951493325373,1808.2707903318283,3620.7429918156618,35.25020129458147,3622.5415806636565,0.78718805,1.0,1.0073265388627484
CCDC93,2,0.0001690876734442437,2150.2385132722397,4304.892596179251,36.89497106087265,4306.4770265444795,0.76187915,1.0,1.0036407899499138
CCDC94,2,0.0005968192470936177,3476.2404198613367,6956.173515600526,36.44582606937853,6958.480839722673,0.721820975,1.0,1.0026829549364056
CCDC96,2,1.2818502848215986e-5,126.02525460821644,254.69101432018604,8.652439162672696,258.0505092164329,0.95017575,1.0,1.0024476354246854
CCDC97,2,0.00037724378280428107,1827.4947853596982,3658.106358134504,35.41758721781234,3660.9895707193964,0.816086925,1.0,1.0091771174616135
CCDC9,2,5.066486283537041e-5,951.662738689675,1906.447101841563,26.942003592356116,1909.32547737935,0.870086125,1.0,1.0044085388605544
CCER2,2,1.4208753005971352e-5,131.63230889232364,266.14766622249806,8.871238709269676,269.26461778464727,0.947895375,1.0,1.0050920607015692
CCIN,2,2.8743765074276246e-6,66.42110287031882,135.24255153630713,6.01225122329746,138.84220574063764,0.9625596,1.0,1.0030483286493275
CCK,2,0.0005015198763172064,1235.9276133490955,2477.0912254758973,30.095403582379042,2477.855226698191,0.819989425,1.0,1.0021892963334498
CCL26,2,3.4173827501146916e-5,190.4442224621837,393.5372219870675,10.977860426010059,386.8884449243674,0.935698825,1.0,1.0026528440620894
CCM2L,2,8.894460638250307e-5,283.2662061025818,569.9620919569937,13.815411955326569,572.5324122051636,0.922607325,1.0,1.0025649971274446
CCM2,2,0.0014468572830640184,3807.1324933464493,7618.634037878357,35.134548296164326,7620.264986692899,0.682967275,1.0,1.0107009792776014
CCNA2,2,0.004484398242584799,3345.520848150674,6697.037866860202,41.862155881697355,6697.041696301348,0.6927243,1.0,1.0009036292225506
CCNB1,2,0.031098940126333983,5752.055884414466,11513.71698274668,44.70380363339113,11510.111768828932,0.733800175,1.0,1.0014720448116818
CCNB2,2,0.01991133002516462,6258.67235929311,12524.947555582376,37.59350538601271,12523.34471858622,0.598553975,1.0,1.0040734318936981
CCNB3,2,5.688855779230114e-5,235.5387066578585,476.46325135989656,12.415856455837313,477.077413315717,0.92874985,1.0,1.0035386808988216
CCNC,2,0.001919399436620541,6564.473978289794,13134.942303783055,18.644512794400818,13134.947956579588,0.51698195,1.0,1.007329717239809
CCND1,2,0.0059598831129801695,12283.08641809301,24571.237458766045,6.578701757894498,24572.17283618602,0.325557775,1.0,1.0037407164518395
CCND3,2,0.000528585821133011,2924.627564798559,5855.328710543488,37.918384503561306,5855.255129597118,0.6995994,1.0,1.0029681214267707
CCNDBP1,2,0.0015847509476693631,5642.584575591592,11291.697817582351,22.80212376820222,11291.169151183183,0.590063825,1.0,1.0033660988456075
CCNE1,2,0.0007930275852908852,2240.770988792527,4485.925220725358,37.35140330938288,4487.541977585054,0.74718645,1.0,1.0053379060982714
CCNE2,3,0.0008306036070305785,727.1602226625711,1460.862630723075,22.603648129558906,1460.3204453251421,0.86940715,1.0,1.005488580065672
CCNF,2,0.0009207249569675801,1943.5653540779308,3892.6275969386757,35.781494908611315,3893.1307081558616,0.774957725,1.0,1.0038349637487864
CCNG1,2,0.00439978080985084,9411.793250127339,18828.975487499833,10.392722649535571,18829.586500254678,0.4132089,1.0,1.0033349524614135
CCNG2,2,0.0013961827317351286,4258.28189831958,8521.029857608035,35.1607210898583,8522.56379663916,0.6459588,1.0,1.0065777271557312
CCNH,2,0.0026493649148143753,5310.813329152863,10626.372470126611,26.76666913911594,10627.626658305726,0.574822275,1.0,1.0040774740214582
CCNI2,2,1.5661180279867008e-5,137.18931836656103,277.03856319583315,9.085572454111933,280.37863673312205,0.948458475,1.0,1.0023471633526444
CCNI,2,0.012650431538848397,11834.083513829824,23675.24501859653,6.983354976751762,23674.16702765965,0.319487025,1.0,1.0061802564484104
CCNJL,2,0.00033154723461219275,915.4280416074618,1834.0312925895462,26.51631060891229,1836.8560832149235,0.882046475,1.0,1.0039255213957734
CCNJ,2,2.1457545413544066e-5,828.1685155286478,1659.446706944483,25.075503048032967,1662.3370310572957,0.877752125,1.0,1.004762435474249
CCNK,2,0.0018442276893634094,4040.0914623671797,8086.188878346051,34.543295084389044,8086.182924734359,0.6602464,1.0,1.0046065024830921
CCNL1,2,0.002400574942174609,7323.014078872531,14650.93821390246,16.398053985320875,14652.028157745062,0.497491825,1.0,1.0020681648926242
CCNO,2,0.0014190827574754453,2700.292314221453,5405.37267107488,38.22038344794473,5406.584628442906,0.730190375,1.0,1.0033974806778212
CCNT1,2,0.0001252608523833009,2430.430356270072,4864.928728353643,37.66901774008726,4866.860712540144,0.777309925,1.0,1.00379965430304
CCNT2-AS1,2,4.942371074701097e-6,320.19518003595266,643.7753332223577,14.726520201252628,646.3903600719053,0.917060325,1.0,1.0025888436326018
CCNT2,2,0.0006998462436164749,2141.53113874126,4286.050507437587,36.94718454760225,4289.06227748252,0.8173601,1.0,1.004448379778071
CCNYL1,2,0.00024986056762625646,1197.5796638439363,2399.1332690370145,30.160866362548692,2401.1593276878725,0.840454175,1.0,1.0037245779582693
CCNY,2,0.00038038550540185466,2491.605632283419,4988.873147715181,37.86961044789238,4989.211264566838,0.72336835,1.0,1.0011146712996633
CCP110,2,0.0010909269088335695,1925.6048014459639,3856.7762198023397,35.826771999925,3857.2096028919277,0.769612625,1.0,1.0045920995479662
CCPG1,2,0.0007673414373742303,1851.0643655375197,3706.713105619959,35.43275893563937,3708.1287310750395,0.781120425,1.0,1.0022169951394457
CCR10,2,3.3158410949058586e-5,402.3475709102264,809.0170108252796,16.657671216176176,810.6951418204528,0.9053607,1.0,1.0036351372784298
CCR1,2,1.7387481801936671e-6,53.42005916790861,109.16075633676672,5.328904455111466,112.84011833581722,0.96594325,1.0,1.0027514369822934
CCR6,2,3.2166735069392313e-7,25.436210886251107,55.21004711150314,3.6317301495305903,56.872421772502214,0.973136175,1.0,1.0042784610035556
CCR7,2,1.2778098692673966e-6,46.71352734724756,95.72700841791541,4.955532186949926,99.42705469449513,0.96788125,1.0,1.0027922228099007
CCRL2,2,3.1948872358607124e-7,25.436205101996137,53.03516662662208,3.645323104422133,56.872410203992274,0.974037075,1.0,1.00328211227611
CCRN4L,2,1.2424646698145108e-5,469.9123954758074,943.0604017017168,18.29898605051846,945.8247909516148,0.905796025,1.0,1.0042610595628392
CCSAP,2,0.0008913832479366814,1521.1384000846638,3047.2945077661034,32.929357296469405,3048.2768001693275,0.802535875,1.0,1.0051485877962196
CCSER1,2,2.473284868024776e-6,509.7828052726208,1022.5235382602079,19.25412259077767,1025.5656105452417,0.903003575,1.0,1.0045831175725761
CCSER2,2,0.0012332857655726912,3876.067011696878,7756.168197115419,34.74197623444067,7758.134023393756,0.711679375,1.0,1.005828240030072
CCT2,2,0.008023869396823109,11120.669228622712,22246.516269484215,7.974921628293047,22247.338457245423,0.3365374,1.0,1.0045810664000072
CCT4,2,0.005721058439802938,9910.392943340428,19825.76872580651,9.751772848395275,19826.785886680856,0.371646475,1.0,1.0034034534873428
CCT5,2,0.006602128763477841,10029.618704237466,20064.597275041415,9.648665533016265,20065.23740847493,0.36538485,1.0,1.005313819785191
CCT6A,2,0.006166495139771868,11424.985535425812,22856.114993826657,7.566828598654282,22855.971070851625,0.317790925,1.0,1.0046023750028694
CCT6B,2,2.563565473396373e-5,509.8123854415442,1024.9503068949743,19.099721754306493,1025.6247708830883,0.891037975,1.0,1.0025725859639827
CCT8,2,0.004756346241696963,11244.60277901831,22499.452614120884,7.675649254738272,22495.20555803662,0.342105675,1.0,1.0069268870407173
CCZ1B,2,0.00014208052407823838,1163.8383177009928,2332.426687816786,29.490511708993875,2333.6766354019855,0.8282852,1.0,1.0023173365824607
CD101,2,3.195300178087717e-7,25.4362052116323,53.22774376664621,3.6359135622038625,56.8724104232646,0.973587775,1.0,1.0029447633055253
CD14,2,1.4284635725780129e-7,17.768402429299456,38.10783077837242,3.112143073583657,41.53680485859891,0.975895325,1.0,1.0022992858872752
CD160,2,2.3225284941325256e-8,6.166313151921855e-5,3.076795775900727,1.1441224078336094e-14,6.000123326263038,0.982016475,1.0,1.001531769318862
CD163L1,2,0.0025718177358801417,6647.327239314893,13300.47682008814,22.165561127875236,13300.654478629785,0.5057894,1.0,1.0042706956197605
CD164,2,0.0024949378669550997,6895.54894710537,13994.756289730425,16.365216995493547,13797.09789421074,0.4471441,1.0,1.006762993680812
CD22,2,2.9449689772522207e-5,501.8341178198055,1031.515935448419,18.92070979467864,1009.668235639611,0.88968235,1.0,1.0015299821588053
CD27-AS1,2,0.00011204562687284972,908.5766479363899,1821.9150382426083,26.045054136143367,1823.1532958727798,0.850240775,1.0,1.0035035203242526
CD274,2,4.110208529529332e-5,205.72714102916908,414.27495510836826,11.482112309540959,417.45428205833815,0.939331225,1.0,1.0029990858375832
CD276,2,0.0005126884171150492,3225.2311179692997,6455.366912089252,37.400019306042516,6456.462235938599,0.701997425,1.0,1.0040780131667282
CD2AP,2,0.002009510022915905,4045.820647199477,8098.0541721277605,34.688756895904845,8097.641294398954,0.6622249,1.0,1.0055878184315934
CD2BP2,2,0.00046194408065623906,4546.275377730415,9097.374690705192,30.986939357638516,9098.55075546083,0.655765075,1.0,1.006702785341837
CD300C,3,1.1506641851568685e-5,120.36556354225583,244.99765814721297,8.425845545083774,246.73112708451166,0.94957705,1.0,1.002537351892838
CD320,2,0.0038467066954836035,6799.390989174043,13633.990273097395,19.2157949839214,13604.781978348086,0.486989425,1.0,1.006622425259551
CD33,2,2.339947954258267e-5,822.1374165737986,1647.818161694541,24.912460411493008,1650.2748331475973,0.8635046,1.0,1.001400554433586
CD36,2,3.250400376683989e-7,25.436219840735024,53.07844208245019,3.636589969569783,56.87243968147005,0.9736928,1.0,1.0026005838043595
CD37,2,5.1110976306851075e-6,85.1092859898157,173.70924988850368,6.912561871049051,176.2185719796314,0.9574157,1.0,1.0020589797247414
CD3EAP,2,0.001358413550715566,4272.17090084677,8549.386563505703,36.38454633577151,8550.34180169354,0.6451801,1.0,1.0046323067292935
CD40,2,0.001428190351464166,4406.010973203083,8817.400939228108,31.35172894965962,8818.021946406167,0.64016485,1.0,1.0060427045759106
CD44,2,0.005734896450929529,8107.363368570236,16252.404230429578,13.433726094152608,16220.726737140472,0.444661725,1.0,1.0059314869858216
CD47,2,0.0010568631535290834,4811.890827562266,9634.687592350989,30.469877068848216,9629.781655124532,0.583529325,1.0,1.0053271548164782
CD55,2,0.0013653125878378654,3192.7553988959667,6400.701741221289,37.857892901497905,6391.510797791933,0.666130375,1.0,1.0090956478515674
CD58,2,0.0005742942897912541,2347.8023391775764,4699.939072128268,37.46660987155991,4701.604678355153,0.75657995,1.0,1.0032379899172394
CD68,2,7.472260931083643e-5,846.089640497115,1697.0225727714308,25.145791890477298,1698.17928099423,0.85434085,1.0,1.0030762718734716
CD70,2,3.479249081978003e-5,632.3385404221497,1269.0452981951985,21.53076730042928,1270.6770808442993,0.878120875,1.0,1.001865995970608
CD72,2,2.9881337299954546e-5,180.09148742868746,363.48426543530206,10.630283345809165,366.1829748573749,0.9388266,1.0,1.0034865094072136
CD74,2,1.4205016613699601e-5,131.63229897220214,266.6477294093725,8.870927825339002,269.2645979444043,0.947578025,1.0,1.0032368365624729
CD79A,2,1.7189307281767493e-5,142.69870269133858,288.12037249516266,9.294036516456996,291.39740538267716,0.9469613,1.0,1.0042773250426564
CD79B,3,3.838744383728801e-6,407.76918125189206,819.4936246302751,16.934435633938666,821.5383625037841,0.9047908,1.0,1.0028488562113869
CD7,3,1.2841084922343281e-5,126.02531456362325,265.1218255510225,8.650457732729492,258.0506291272465,0.9480069,1.0,1.007251166943902
CD83,2,0.00022061417870969008,1477.3609396926558,2957.9337901599565,32.78767589952933,2960.7218793853117,0.8226984,1.0,1.0058659739070268
CD8A,2,0.00010769503950071705,306.35086793559066,649.3658769970272,14.451510223912097,618.7017358711813,0.916023025,1.0,1.003631481170424
CD96,2,1.7189455530762367e-5,142.69870308493967,288.3818482752604,9.293539374549518,291.39740616987933,0.945731875,1.0,1.0077441590928866
CD97,2,0.0002847883487264348,2867.0135065056584,5738.884280635693,37.97603369657704,5740.027013011317,0.72713485,1.0,1.0039070787383777
CD99L2,2,0.0001076596452165983,306.3507739637663,616.9859118773365,14.45463154547868,618.7015479275326,0.918584175,1.0,1.0047189739229818
CDADC1,2,0.0004787260661046594,1783.307352530672,3569.8540619389787,35.076672094095386,3572.614705061344,0.8072627,1.0,1.003683530322785
CDAN1,2,3.7369403509923455e-6,403.530200760949,810.1782361161182,16.833866696242733,813.060401521898,0.9069601,1.0,1.0051920628611442
CDC123,2,0.001789396211163735,8431.853130588534,16869.88233362127,12.218000434026258,16869.706261177067,0.471172675,1.0,1.0073866502903772
CDC14A,2,4.551161375613512e-6,342.68092309759976,688.3724413117665,15.318617220989443,691.3618461951995,0.916658325,1.0,1.0036457038870925
CDC14B,2,3.3388832315125254e-5,888.4827958864329,1780.6717416918377,25.921012188253815,1782.9655917728658,0.85680185,1.0,1.0033118143509117
CDC16,2,0.0003635075734571335,2914.4225889475983,5842.987668619113,38.05451082079242,5834.845177895197,0.6860459,1.0,1.0051039266838717
CDC20,2,0.028705612654815617,7053.509978548815,14121.764828422327,42.588011419839766,14113.01995709763,0.655839675,1.0,1.090151270824845
CDC23,2,0.0004449102761706837,3044.752618831824,6094.781207485373,37.90317722100605,6095.505237663648,0.700840025,1.0,1.002924165209968
CDC25A,2,6.429542216418778e-5,544.0466631909599,1092.2949243630878,19.705022266514153,1094.0933263819197,0.8904201,1.0,1.0047198755289033
CDC25B,2,0.007664616371664146,5544.428872326971,11094.583843865945,34.43040150802677,11094.857744653942,0.578171125,1.0,1.0010902309069265
CDC25C,2,0.0016122597124607553,1614.994470716222,3237.0863993252997,33.0720568062026,3235.988941432444,0.797939025,1.0,1.0034569890252658
CDC26,2,0.003165261129428522,6887.77261095807,13780.517273331463,17.315248642665317,13781.54522191614,0.54572615,1.0,1.005563134419019
CDC27,3,0.0044825777240254955,6227.341825899595,12460.316804767306,26.87723317164805,12460.68365179919,0.52840525,1.0,1.0048914173432544
CDC34,2,0.001814606360538916,5262.835102730292,10531.000387265056,28.606808289544407,10531.670205460585,0.62559375,1.0,1.0110878921123192
CDC37L1,2,0.0015496967622752645,3924.6409207795973,7853.248362216496,34.45927720863427,7855.281841559195,0.7007292,1.0,1.0046779736194256
CDC40,2,0.003974668132176077,7004.960491887937,14014.707534373312,16.182665641807066,14015.920983775874,0.5123147,1.0,1.0046724744859952
CDC42BPA,2,0.002073795509700124,3840.2663115227797,7686.371870184244,34.94579215907821,7686.532623045559,0.679836275,1.0,1.0092490820412292
CDC42BPB,2,0.0017353936714523215,3615.605735206403,7238.310549920975,36.68533964987397,7237.211470412806,0.651781625,1.0,1.0012791102116532
CDC42BPG,2,9.760291867264178e-6,697.0634014398433,1400.0325385364438,22.876784511344432,1400.1268028796867,0.870694575,1.0,1.0036700749392917
CDC42EP1,2,0.003986995253152583,6151.970706260167,12308.816167373116,25.092339160390118,12309.941412520335,0.543670025,1.0,1.0026402603223463
CDC42EP2,2,0.0005618459758873328,3018.6408545324416,6041.493058925969,38.24488894233066,6043.281709064883,0.745680875,1.0,1.0060617592159158
CDC42EP3,2,0.0009258031937962652,2882.5589172315003,5769.371735058878,38.37514804865956,5771.117834463001,0.72785305,1.0,1.0075565008449159
CDC42EP4,3,0.0006772513097790773,3133.6768794869263,6271.050898638961,37.48551774678082,6273.353758973853,0.7430938,1.0,1.007703922676642
CDC42EP5,2,9.406699120546317e-5,700.6146770124103,1406.1385634167582,22.64976867596075,1407.2293540248206,0.869560725,1.0,1.0031400445479568
CDC42SE1,2,0.0003901301513801105,2573.517677278409,5151.373735175915,37.92461077519305,5153.035354556818,0.75626645,1.0,1.00392355976984
CDC42SE2,2,0.0008269795834838066,3516.545014689437,7038.1806970193165,36.651780454687234,7039.090029378874,0.702673625,1.0,1.0040883499462065
CDC42,2,0.004105983337003273,9583.6240491546,19188.322026996484,10.346877361447273,19173.2480983092,0.36450095,1.0,1.0072618013421937
CDC45,2,0.0015432331611458128,1294.5884992523584,2601.5665147614254,30.46135805678291,2595.1769985047167,0.813971975,1.0,1.0023220065581877
CDC5L,2,0.002081128712525217,5532.86972249185,11069.9957250103,23.734737131733848,11071.7394449837,0.61592595,1.0,1.004820378727884
CDC6,2,0.002733931523637009,2137.513301209588,4281.265572862463,36.88559699851102,4281.026602419176,0.760443625,1.0,1.0034734107293757
CDC73,2,0.0009307171839066084,4684.6752628966005,9373.696083634293,31.10630028318447,9375.350525793201,0.622545,1.0,1.0039407226378763
CDC7,2,0.00016726974785635898,1041.1475819086334,2086.548975643888,27.875116380729363,2088.2951638172667,0.843973225,1.0,1.0037564882205496
CDCA2,2,0.0035960194536214544,3400.550135744125,6807.038570864217,41.99001115318005,6807.10027148825,0.6960176,1.0,1.0001770234871317
CDCA3,2,0.005309755011573679,3323.709111755871,6653.65644505386,41.74106594754213,6653.418223511742,0.70480625,1.0,1.0010940225549552
CDCA4,2,0.004690350464730529,4131.994323320382,8269.599812321345,39.3401195131735,8269.988646640764,0.652716075,1.0,1.0027703847402958
CDCA5,2,0.0012256545467074415,2665.91078318629,5338.323014774041,39.47445759672852,5337.82156637258,0.730607425,1.0,1.0006342485675008
CDCA7L,2,0.0020951666328862806,5485.358427418796,10977.473624531414,26.633724933905512,10976.716854837592,0.610933275,1.0,1.00307762095382
CDCA7,2,0.0020769067689519654,3097.2252808403327,6200.831642911183,39.094556239506694,6200.4505616806655,0.70017855,1.0,1.006383867811459
CDCA8,2,0.0029451200186459683,3276.8755228936175,6559.961566004338,41.542382939297106,6559.751045787235,0.7096095,1.0,1.0002362103671472
CDCP1,2,0.0019118889144101815,4096.3755898016125,8197.970738138794,33.96372873866568,8198.751179603225,0.66830385,1.0,1.0063057501888255
CDH15,2,6.779583501084345e-5,1199.717679695093,2403.461759171295,30.054052546098706,2405.435359390186,0.83321575,1.0,1.0045521018006867
CDH1,2,0.0009107461297727187,1953.6344184433055,3915.872206823695,35.9794109081166,3913.268836886611,0.760509625,1.0,1.0011769275953315
CDH22,2,0.00016469985822696243,364.333082448166,731.9634134662813,15.973881838793057,734.666164896332,0.914215425,1.0,1.002391957199458
CDHR2,2,3.0039073473452385e-9,7.975374007201608e-6,1.5082627933815105,1.401258040852599e-14,6.000015950748014,0.9821734,1.0,1.002337356915263
CDHR3,2,0.00020700329567606876,1119.1236316087723,2246.9397682502417,29.21894307629534,2244.2472632175445,0.829146725,1.0,1.0062330276681035
CDHR4,2,4.299265954839085e-6,78.9739833342593,161.44483202127014,6.625429613047089,163.9479666685186,0.958747575,1.0,1.0033880163678508
CDIP1,2,2.15353691249022e-5,583.7056823846158,1171.2565773206352,20.636648873875114,1173.4113647692316,0.884785825,1.0,1.005919556446407
CDIPT,2,0.0021057915283842904,5363.451846585552,10742.083185525327,27.374040611644745,10732.903693171103,0.55487265,1.0,1.0100103369859041
CDK11A,2,0.0009455244999069404,4252.852128747724,8511.690330915819,34.24191524327934,8511.704257495448,0.616641775,1.0,1.0054386509425302
CDK12,2,0.0019391210751191336,4101.863200000251,8209.148822543444,35.41796060201337,8209.726400000502,0.642565075,1.0,1.00444548682649
CDK13,2,0.0004847887959251719,1959.8704449810673,3922.715750324862,36.18368381349387,3925.7408899621346,0.827454175,1.0,1.0043946855973047
CDK14,2,5.039416586089554e-5,672.4826583428376,1349.1994015093592,22.235705952917755,1350.9653166856751,0.8744075,1.0,1.003886239097218
CDK16,2,0.0009413601725949275,4153.262251942051,8312.4091935715,35.13413351937101,8312.524503884102,0.622269,1.0,1.002475691631368
CDK17,2,0.00016773599984752305,1164.0778290335975,2331.9405819553695,29.465313166941865,2334.155658067195,0.842596675,1.0,1.0050425515434973
CDK18,2,0.00011906084413688098,1399.037453093007,2802.8202461421897,32.15742478017445,2804.074906186014,0.816286425,1.0,1.0040200405039994
CDK19,2,0.0011404550542822983,1977.9307734855872,3961.5437281607446,36.10807426800151,3961.8615469711744,0.766898275,1.0,1.002227400996256
CDK1,2,0.010185580668961606,4267.413206518896,8541.526408641877,43.61649124623597,8540.826413037792,0.685670775,1.0,1.006944164801113
CDK20,2,0.0006519101972453786,630.7297542363527,1264.9029699616208,21.799136468655565,1267.4595084727055,0.891972425,1.0,1.003898640562183
CDK2AP2,2,0.005507081990631852,8210.892244911876,16426.547790715376,14.50664882764956,16427.784489823753,0.451391575,1.0,1.003383202277151
CDK2,2,0.0008303075175008885,2813.454772936524,5634.517090057207,38.50724589236978,5632.909545873048,0.698246075,1.0,1.0038267461355648
CDK4,2,0.005819687452089854,9863.004035795846,19900.373610461753,9.97669412564281,19732.008071591692,0.361306375,1.0,1.0187075094483113
CDK5R1,2,3.424767228175522e-6,428.7647450593807,860.3662544398912,17.435516118740377,863.5294901187614,0.913014325,1.0,1.0028350740987124
CDK5R2,2,4.624740667684872e-6,338.2180528329032,679.4061859071322,15.203770036654738,682.4361056658064,0.917866275,1.0,1.002084951601913
CDK5RAP1,2,0.00017290236404922943,2756.345604784038,5517.585184001687,37.930527935497764,5518.691209568076,0.725357725,1.0,1.0024618137400951
CDK5RAP2,2,0.0015783187184890924,3222.68393347725,6450.674378379818,39.451345200324994,6451.3678669545,0.682054475,1.0,1.0097954376864047
CDK5,2,0.002143111632972387,4163.703530696738,8345.531695005435,33.62765577312231,8333.407061393476,0.611808925,1.0,1.0044615289983865
CDK6,2,0.002328367162217845,3672.8480055568048,7351.598342813664,37.77566965549,7351.6960111136095,0.68914025,1.0,1.0062475011512018
CDK7,2,0.0021602538173472975,5584.356856041764,11173.222826820811,23.86614605645087,11174.713712083529,0.61062895,1.0,1.0020720203092104
CDK8,2,0.0011911851705174018,1978.1177291712222,3961.034284550063,36.11441357122521,3962.2354583424444,0.78462495,1.0,1.00758702686821
CDK9,2,0.0016596061325368737,3939.6114124834867,7883.851136053304,34.59919152904378,7885.222824966973,0.68215295,1.0,1.0027579302201135
CDKAL1,2,0.0001508702355062879,1238.5262373095543,2480.438270967648,30.37236026920086,2483.0524746191086,0.837695025,1.0,1.0027899845077528
CDKL1,2,7.874088707625673e-6,639.4292050427598,1281.8516884072226,21.802073746969622,1284.8584100855196,0.887580925,1.0,1.005828753303558
CDKL2,2,7.687927599390288e-5,994.3935137390696,1992.3791141061254,27.36505239107311,1994.7870274781392,0.8483513,1.0,1.0025906573412187
CDKL3,2,0.00034315310652246545,2635.776647644463,5275.589411440932,37.91636803033141,5277.553295288926,0.759501075,1.0,1.0021243220285845
CDKL5,2,7.202216708027082e-5,259.6808080560919,522.3816772805632,13.138421844981846,525.3616161121838,0.9284484,1.0,1.001590540149768
CDKN1A,2,0.039728871760449855,7712.169004322025,15433.04130247567,32.7041848098853,15430.33800864405,0.5562743,1.0,1.0017961116550287
CDKN1B,2,0.001032030895619812,3358.066401615821,6720.545808726542,37.85743204723356,6722.132803231642,0.72414525,1.0,1.0054541855045318
CDKN1C,2,0.0010815892795736331,4553.345227562905,9111.670710787621,33.463955274436486,9112.69045512581,0.626375675,1.0,1.0065193186400787
CDKN2AIPNL,2,0.0028588990077006793,6440.836459156657,12898.979147451957,20.679036995726804,12887.672918313314,0.4989951,1.0,1.0040188565739607
CDKN2AIP,2,6.95885932742184e-5,1188.338936375716,2379.5186924748386,29.91217045521935,2382.677872751432,0.865278875,1.0,1.0016006280582221
CDKN2B-AS1,2,1.2818654441803409e-5,126.02525501069742,254.80713541338696,8.65205033275572,258.05051002139487,0.949217175,1.0,1.0039796227286406
CDKN2B,2,2.0456766106772864e-5,606.3533343427201,1215.9247218299422,21.08862054743968,1218.7066686854403,0.8876296,1.0,1.003706243620649
CDKN2C,2,0.0011837013324683242,1343.5542073037607,2693.116348588386,31.090015584852477,2693.1084146075214,0.813105675,1.0,1.003131636268635
CDKN2D,2,0.0023143335693357587,3545.9000307713627,7100.5129427047805,39.26793258640286,7097.800061542725,0.66287725,1.0,1.0016345272821998
CDKN3,2,0.015541208178138753,5577.34429495177,11161.4962254973,43.502943573099934,11160.68858990354,0.631456825,1.0,1.0044558648107582
CDNF,2,3.5342835970269398e-6,424.59140687238227,852.6723707247455,17.333978104558273,855.1828137447645,0.9032167,1.0,1.001798342500442
CDON,2,1.3917294124557836e-5,428.60842983322885,861.0048767088051,17.35057047523799,863.2168596664577,0.902530425,1.0,1.0042516492898423
CDPF1,2,0.00026932166744960366,2511.501680451038,5026.599811544264,37.766654215789906,5029.003360902076,0.780773775,1.0,1.0099069871495012
CDR2L,3,0.00017581806035145948,1363.072469553351,2729.3590471848283,31.71101766167948,2732.144939106702,0.828050925,1.0,1.0013823972942761
CDR2,2,0.00034312380939456984,1568.1131156675733,3139.5210340439608,33.50042350354034,3142.2262313351466,0.831385475,1.0,1.0044916542468951
CDS1,2,8.746736498528533e-5,2275.100998872034,4554.872635595747,37.30927381763264,4556.201997744068,0.754706775,1.0,1.0036245350018544
CDS2,2,0.0010461088690651022,3585.9251812188495,7178.453518026288,36.61896621855534,7177.850362437699,0.669955875,1.0,1.00762422920456
CDT1,2,0.004475969880434641,7233.681492236847,14472.813035080759,24.808500280050254,14473.362984473693,0.517498725,1.0,1.0032005146624239
CDV3,2,0.004090989353439928,8474.93268867034,16955.53467202388,12.810485554785442,16955.86537734068,0.47258195,1.0,1.0039936742671587
CDX2,2,0.0003888705836485826,3052.2644799862,6108.965915485924,37.88070643814446,6110.5289599724,0.740937375,1.0,1.0038505488384135
CDYL,2,0.0007841568633982445,4383.9742696731255,8772.411403408983,34.37592345123495,8773.948539346251,0.6502118,1.0,1.004416681098474
CEACAM19,2,2.2208270060655165e-5,158.96180138995769,321.1163600410918,9.890473624273776,323.92360277991537,0.94254105,1.0,1.0025880531230604
CEACAM1,2,4.354207871157983e-5,210.76996839391762,424.8271369925123,11.643208325788548,427.53993678783525,0.93405945,1.0,1.0014993431354222
CEBPA-AS1,2,1.0817273402059333e-5,525.8417399447823,1054.677915944975,19.51449947463547,1057.6834798895645,0.8996681,1.0,1.0035535671524622
CEBPA,2,0.0001419280151373713,1160.8718899442183,2325.1915251714126,29.45610262662203,2327.7437798884366,0.8561212,1.0,1.0079769374912118
CEBPB,2,0.0019751849265499375,4717.239145784036,9439.862093396383,31.993003098920344,9440.478291568072,0.640775225,1.0,1.0091378661696384
CEBPD,2,0.0018929032764720731,3913.362762563698,7832.926479651123,37.02530183016955,7832.725525127396,0.655387875,1.0,1.0045695887243193
CEBPG,2,0.0017942060131734235,3954.0083006551936,7913.459744888737,36.75079742861143,7914.016601310387,0.646513175,1.0,1.002078923138362
CEBPZ,2,0.001390685431754651,5924.638515649802,11853.976778000342,23.82359008918199,11855.277031299604,0.56055475,1.0,1.0045486234559393
CECR2,2,0.00010663344094238438,940.8882456591073,1885.63653485453,26.539606753079305,1887.7764913182145,0.862104925,1.0,1.0027289486942144
CECR5-AS1,2,1.0639141278672235e-5,533.6668816920635,1070.62810785943,19.678126973812812,1073.333763384127,0.891676,1.0,1.0026958242624782
CECR5,2,0.0027414819942014833,5662.562980568977,11345.676053075764,25.085389081374394,11331.125961137954,0.5503059,1.0,1.0124855502904182
CECR6,2,4.294475040810428e-6,78.97397061438255,160.58421550663425,6.626043013107606,163.9479412287651,0.959076525,1.0,1.0043470233373717
CECR7,2,0.00013210537118976844,1198.3313852952497,2399.6892182423617,30.123067133655645,2402.6627705904993,0.865809125,1.0,1.0053256045850325
CELA3A,2,3.5493833515929113e-6,72.74762171280594,147.9101271920391,6.326642677676423,151.49524342561187,0.9611102,1.0,1.0014192000004596
CELF1,2,0.0012023217038461315,5087.154007798821,10178.630309805503,28.300299886185773,10180.308015597642,0.632154225,1.0,1.0070729411063624
CELF5,2,0.000323099894122174,1370.157025548088,2744.5176632122875,31.662883574304175,2746.314051096176,0.81830465,1.0,1.001798488855842
CELSR1,2,4.194927699132533e-5,548.70472389872,1105.9131370513016,19.857839011693308,1103.40944779744,0.8851176,1.0,1.0020302318821979
CELSR2,2,0.00012079778187476265,817.476463645596,1641.225774992401,24.96523187410614,1640.952927291192,0.859650625,1.0,1.0036318217831999
CELSR3,2,9.621498320821802e-5,292.5573781933534,588.419122698635,14.075796642060226,591.1147563867067,0.92249745,1.0,1.0015173106538464
CEL,2,1.4277569816615849e-5,131.6324916009559,268.0211140600581,8.870528651167886,269.2649832019118,0.947201625,1.0,1.0036521284799982
CEND1,2,2.22018281202034e-5,158.9617842866058,320.79982015880904,9.890765412301779,323.9235685732116,0.942880975,1.0,1.0044035345458515
CENPA,2,0.0061157846992530105,3712.5970205677268,7433.556340938176,42.830935424267615,7431.1940411354535,0.681347775,1.0,1.0240426936805758
CENPBD1,2,6.194931973346893e-5,1140.9229685913108,2284.842600208254,29.404838952391053,2287.8459371826216,0.866517075,1.0,1.0018940426471203
CENPB,2,0.0003338757475433116,1512.4945947391927,3028.7467222788287,33.02386627651192,3030.9891894783855,0.8153567,1.0,1.0034164313952794
CENPC,2,0.0014021641665479898,3353.69475941538,6711.589174401971,37.718641800443606,6713.38951883076,0.706001775,1.0,1.0055811761827846
CENPE,2,0.0060489820430436785,3552.9475112905525,7111.952627704697,42.2137942634175,7111.895022581105,0.696411025,1.0,1.0004755314873315
CENPF,2,0.06778063409307286,7924.594630768023,15859.967728655092,42.85406770500129,15855.189261536047,0.7019081038019516,1.0,1.0013794561846197
CENPI,2,8.835105242520324e-5,566.632787228957,1137.9626696773485,20.11347635117093,1139.265574457914,0.885057275,1.0,1.0028818466981728
CENPJ,2,0.00126161517012096,1607.6854813035775,3220.88907944701,33.62470493468191,3221.370962607155,0.795473475,1.0,1.0044748344794572
CENPK,2,0.0021424781486392816,2297.816280919654,4611.073357599632,37.73346175244347,4601.632561839308,0.749257425,1.0,1.0044200191399721
CENPL,2,0.0008397004717114342,1455.6033716715626,2915.8503643415365,32.332373665655886,2917.2067433431253,0.813083025,1.0,1.0044817433392825
CENPM,2,0.003493960408425488,3876.0007380868224,7769.088238427986,40.60302732536516,7758.001476173645,0.669412075,1.0,1.0049604433551773
CENPN,2,0.005346021467024067,6249.199401575761,12504.999990498578,29.892079561559182,12504.398803151522,0.54815535,1.0,1.0023297204029111
CENPO,2,0.00018425967380709566,969.2420704373643,1943.0051035297665,26.84954535757505,1944.4841408747286,0.84713445,1.0,1.0036579900277909
CENPP,2,4.458340416101895e-5,740.2500751708219,1484.4745463848276,23.46092233303598,1486.5001503416438,0.86752635,1.0,1.0038620816715693
CENPQ,2,0.0007303544820795336,1778.0491208157896,3560.9902934158013,34.79218576953582,3562.098241631579,0.775592325,1.0,1.0027186563663428
CENPT,2,0.00033371898223757984,2837.7143589776083,5680.290697946038,38.084169641968245,5681.428717955217,0.730851275,1.0,1.0050954165531616
CENPU,2,0.0014131727446546087,2798.045246886826,5605.202261582016,39.730937594963834,5602.090493773652,0.724001325,1.0,1.0065076775424542
CENPW,2,0.008940064787458648,5632.874733606247,11272.402520746142,41.25670464026612,11271.749467212494,0.60745405,1.0,1.001370496518914
CEP104,2,0.0005201323428408746,3164.9075484213217,6334.696930779255,37.4763183601239,6335.8150968426435,0.708367875,1.0,1.0073398125858353
CEP112,3,0.0005977875919907045,1749.2343393455349,3502.525721771311,34.80466214669395,3504.4686786910697,0.791826075,1.0,1.0036296048863027
CEP120,2,0.00016162280060576218,1074.7799156619087,2155.647994339787,28.328041961990206,2155.5598313238174,0.83152725,1.0,1.0038743361626012
CEP128,2,0.00030070749824326055,839.5259363931438,1684.3064000376744,24.763450909604614,1685.0518727862875,0.8555839,1.0,1.00310422958893
CEP135,2,0.0010013890260444685,1808.4265156841457,3621.9607345845648,35.14715504127841,3622.8530313682913,0.78301605,1.0,1.0027199265771325
CEP152,2,0.0004658985207221312,1466.5029733696408,2937.546042873835,32.539169422464525,2939.0059467392816,0.811330975,1.0,1.0020433646036968
CEP164,2,0.0003706985220136609,1507.8125935481467,3019.5407537990327,32.96266660411562,3021.6251870962933,0.814873075,1.0,1.0067472077166988
CEP170B,2,0.00014200664603770412,1163.838121554795,2332.5036685206583,29.49289632496178,2333.67624310959,0.826591975,1.0,1.0017839640836832
CEP170,2,0.00025360595646105273,2858.879273744917,5722.359904429527,37.99758700623924,5723.758547489834,0.731350125,1.0,1.0068602962071593
CEP192,2,0.0002138773934891306,978.5146459975588,1961.6203768228297,26.951147292342615,1963.0292919951175,0.844631425,1.0,1.002587493779198
CEP19,2,0.00031417695299799865,1478.8832526286594,2961.362995679145,32.72604675380974,2963.766505257319,0.82504805,1.0,1.0011734146837565
CEP250,2,9.582196249476658e-5,1154.3162785221812,2311.894541773409,29.44592754172382,2314.6325570443623,0.84272445,1.0,1.00615255852686
CEP290,2,0.001957993293742229,4739.399085407065,9483.328640337068,32.387196578779964,9484.79817081413,0.6133728,1.0,1.005522790203058
CEP350,2,0.0023143470109820772,3737.2796634867072,7479.10249611599,36.83704652041014,7480.5593269734145,0.691731875,1.0,1.0053138950140903
CEP41,2,0.00040012315655005054,1445.37986420355,2895.771996345931,32.36487243616984,2896.7597284071,0.80420985,1.0,1.0031181917274266
CEP44,2,8.397950964570804e-5,1095.0816357080432,2193.7202135706457,28.71634395283519,2196.1632714160864,0.8413368,1.0,1.0029815189432751
CEP55,2,0.0049383792494850165,3738.304567708908,7483.297368084855,42.62869856630329,7482.609135417816,0.686659625,1.0,1.0008573055470358
CEP57L1,2,0.0011201843736094886,2658.955442686387,5322.360166739138,38.551967565781545,5323.910885372774,0.72258465,1.0,1.007059938313875
CEP57,2,0.0017745546751945088,4923.15779319704,9850.72565815636,29.8662411366642,9852.31558639408,0.6029996,1.0,1.0032089047461568
CEP63,2,0.0002647055601589045,2683.0123214067685,5371.081416761926,38.14634028865942,5372.024642813537,0.7263788,1.0,1.0039606359482245
CEP68,2,0.0005291379148781071,1878.2086241509119,3759.4062336819647,35.66129701282359,3762.4172483018237,0.812338025,1.0,1.0042279754415704
CEP72,2,5.3988391337197374e-5,632.0075724338412,1268.0453245233537,21.469632728832313,1270.0151448676825,0.880405025,1.0,1.0065136405448138
CEP76,2,0.00022162156372253146,1181.8126751876403,2367.877636464846,29.627865008333945,2369.6253503752805,0.833991875,1.0,1.0014373713434108
CEP78,2,0.0008655896232957809,2859.554406279781,5724.62784318927,38.55165803755749,5725.108812559562,0.702486775,1.0,1.0020060681567975
CEP85L,2,0.0001656583038042087,1172.8040694229337,2349.2749705756387,29.57221966723051,2351.6081388458674,0.8591985,1.0,1.0061371746252727
CEP85,2,0.00020629304574266917,1234.951594338046,2473.4825875921156,30.566143410541795,2475.903188676092,0.845882425,1.0,1.0047965101181457
CEP89,2,0.0008403069413744059,2879.6650498922154,5763.319837840445,37.853085297523315,5765.330099784431,0.743192075,1.0,1.0015986082846642
CEP95,3,0.002214057340498435,4144.16053830968,8294.120841745937,33.89543231215645,8294.32107661936,0.65294065,1.0,1.0026213295862507
CEP97,2,0.00017837789034455084,1271.7432047757445,2546.687345953628,30.952227204493518,2549.486409551489,0.8534289,1.0,1.0041600839862437
CEPT1,2,0.0008591879103433976,2090.038536147139,4183.771036658579,36.66650927467922,4186.077072294278,0.7797406,1.0,1.0021162734336406
CERKL,2,5.118382198319721e-6,85.10930533034278,173.30006767765204,6.912778882773784,176.21861066068556,0.95732975,1.0,1.0029488607140777
CERK,2,0.001037879252422979,2066.3535027578487,4138.577008206762,36.529051145104916,4138.707005515697,0.760800925,1.0,1.0040165686515818
CERS1,2,6.001396666113338e-6,91.16117817286877,186.68735804778743,7.187134910190796,188.32235634573755,0.955933175,1.0,1.0012647079568169
CERS4,2,0.000646253632754986,3272.9459127551513,6549.846472006145,36.91650001997854,6551.891825510303,0.720630225,1.0,1.004762868543144
CERS5,2,0.000766851589974005,2530.304785397909,5079.020757915228,37.777123480187555,5066.609570795818,0.721532825,1.0,1.0039803075399558
CERS6,2,0.0008310475842990615,3454.0710688733793,6915.727768137129,36.674195075571994,6914.142137746759,0.66887055,1.0,1.004837916241903
CES2,2,0.0007083073024386518,3407.9523262758544,6821.562163734054,37.03373779600389,6821.904652551709,0.687658725,1.0,1.005380606393409
CES3,2,3.4653848637435053e-6,428.7648528992031,861.7595166571114,17.431054906816794,863.5297057984062,0.9016127,1.0,1.0020569299080495
CES4A,2,8.885043052727962e-7,39.83955019975482,83.23424107845305,4.545937229636955,85.67910039950964,0.968922175,1.0,1.0042343566126581
CETN3,2,0.0019541880743118127,5389.284700889211,10786.408169961604,26.651853239323952,10784.569401778423,0.56891035,1.0,1.0210175193093247
CFDP1,2,0.0026844481388765117,7740.386334292766,15491.687141965875,14.412364928459626,15486.772668585532,0.483994225,1.0,1.0126750914235196
CFD,2,0.004356277487300467,10920.074875518516,21846.80462439668,8.183444528699207,21846.149751037032,0.35853915,1.0,1.0042357225393979
CFHR1,2,0.000242709204418077,880.0243567175048,1764.3846779089524,25.970362919927464,1766.0487134350096,0.861155875,1.0,1.002475079742496
CFL2,2,0.0010546073430614505,4794.628053316389,9593.7392190951,30.568082169962103,9595.256106632778,0.61805265,1.0,1.011477563774836
CFLAR-AS1,2,1.7424448850787407e-6,53.420068982660084,109.18324623794678,5.327871122810341,112.84013796532017,0.96579515,1.0,1.0055363933725259
CFLAR,2,0.00017988217818955686,2549.070805697768,5102.617768564687,37.90512185647816,5104.141611395536,0.7394124,1.0,1.003170266547093
CGB2,2,6.88786653620453e-5,254.8906428205924,513.1691986205889,12.997393575091921,515.7812856411848,0.926863,1.0,1.0015472781059755
CGB7,2,6.885269034223933e-5,254.89892985729585,512.9322108019378,12.997770651221881,515.7978597145917,0.9277105,1.0,1.0019211630289775
CGGBP1,2,0.001681952355038309,3754.9298159200353,7516.048166778879,36.18535454707999,7515.8596318400705,0.68439815,1.0,1.0047009009165977
CGNL1,2,6.354385149994782e-6,541.0208245611769,1085.4175615041133,19.916276430487365,1088.0416491223539,0.89315145,1.0,1.001838352018896
CGN,2,1.3196646986335385e-5,781.0906228435892,1565.3437165660914,24.288975334961123,1568.1812456871785,0.872933475,1.0,1.0020984148035554
CGREF1,2,0.0001103734983980072,810.7839779297195,1625.5806109000791,24.85527388064587,1627.567955859439,0.867348175,1.0,1.0011203549613228
CGRRF1,2,0.00014170433060433466,2799.9405076024705,5602.723480997848,37.83364585291893,5605.881015204941,0.7787649,1.0,1.006611412756647
CHAC1,2,5.833357440471879e-5,590.4964700478632,1185.0740185473676,20.658392217291027,1186.9929400957265,0.88978345,1.0,1.0026358968164055
CHAC2,2,0.0007915700780113412,1765.0010255050108,3534.5901521914598,34.87826138821351,3536.0020510100217,0.792982775,1.0,1.0035548160417003
CHAF1A,2,0.0015647802267644284,2864.8166187279753,5735.548810119813,39.80908961791995,5735.633237455951,0.7190156,1.0,1.0047853789069368
CHAF1B,2,0.0008968546600379264,1515.8328633228216,3037.6009900325357,32.87439406691908,3037.665726645643,0.797022875,1.0,1.0016684774377955
CHAMP1,2,0.0006596605225273826,2112.476719231792,4227.88237068909,36.81163447052136,4230.953438463584,0.82218575,1.0,1.0044228595358864
CHCHD10,2,0.013249324964611788,14597.197833900873,29207.810893707323,4.357582776707061,29200.395667801746,0.284628125,1.0,1.0032330369906217
CHCHD1,2,0.004642541732537783,8630.648673884858,17266.43701197495,12.024951886973673,17267.297347769716,0.4446033,1.0,1.0068396934802324
CHCHD3,2,0.0011565325406386068,6172.456978368888,12350.084249884883,21.18949457275438,12350.913956737775,0.541257325,1.0,1.0074557801357433
CHCHD4,2,0.0010536588715640855,3502.7628743638634,7010.604932511737,37.22215769817949,7011.525748727727,0.709517225,1.0,1.0034007345309242
CHCHD5,2,0.006933487782222982,9194.867459096966,18398.0881526836,11.13646771399091,18395.73491819393,0.3892656,1.0,1.010326386383854
CHCHD6,2,0.0020461021157376844,5457.366449365225,10935.274777996688,25.465416814051693,10920.73289873045,0.540493125,1.0,1.0097748818487917
CHCHD7,2,0.0012484680324933762,4435.029981578275,8877.44642932229,32.50682802093817,8876.05996315655,0.60492595,1.0,1.0034565466488938
CHD1L,2,0.0021955841647816354,3473.742536760022,6957.483905913686,37.12446433372716,6953.485073520044,0.65390695,1.0,1.0088840273987854
CHD1,2,0.001807599893432522,5153.077378437384,10310.976557640759,28.96316429545365,10312.154756874768,0.6480734,1.0,1.0077600039177452
CHD2,2,0.002303157021291157,6592.977452433217,13190.607950898346,19.576498428939907,13191.954904866434,0.5832374,1.0,1.0026315976368736
CHD4,2,0.002502618290517224,7285.445666998358,14575.948997388345,17.246893792099133,14576.891333996717,0.4948367,1.0,1.0077317370148007
CHD5,2,0.0004719126491392874,1671.0811628873425,3346.5210045604576,34.2706776999556,3348.162325774685,0.79154275,1.0,1.0026972834850336
CHD6,2,0.0006858104329261158,3570.232690231709,7144.305506949783,36.1238949114161,7146.465380463418,0.72599305,1.0,1.0078747947280497
CHD7,2,0.0007853719432791798,3136.7098590090604,6277.722964045081,37.739098667978375,6279.419718018121,0.725166575,1.0,1.0030759142118608
CHD8,2,0.0009309833554856316,2111.450412926884,4225.942931995287,36.7329879041218,4228.900825853768,0.80681625,1.0,1.003252635675615
CHD9,2,0.0007519542875993893,4744.830874505644,9493.874929045562,30.27149262858822,9495.661749011288,0.6551919,1.0,1.0023439648992987
CHDH,2,0.00010067656650620724,1125.1362841172058,2254.0736114182114,29.070470724168107,2256.2725682344117,0.8368677,1.0,1.003424858126078
CHEK1,2,0.002325140226660219,3771.3775859760685,7548.802032606474,36.46480639205325,7548.755171952137,0.652983375,1.0,1.0053051765731258
CHEK2,2,0.0014175882795149691,1790.1724971302347,3587.173050141857,34.99479605044403,3586.3449942604693,0.7745752,1.0,1.006272438854462
CHERP,2,0.00013014776470198338,2372.215419982807,4748.370487752391,37.524663749391195,4750.430839965614,0.765034625,1.0,1.0053826241978887
CHIC2,2,0.00045152525542231674,2818.8222602175247,5640.676878258152,37.84951053484221,5643.644520435049,0.777013425,1.0,1.0074620619633605
CHID1,2,0.0008829314713954842,6139.072100717473,12334.321834569348,21.440557706690605,12284.144201434947,0.499315475,1.0,1.0013651352060466
CHKA,2,9.532886240509877e-5,2270.012594450769,4543.847664137179,37.262213803464,4546.025188901538,0.765947975,1.0,1.0027104412002834
CHKB-AS1,2,0.0012283509447103727,1946.9579311586804,3898.9906095356196,35.95413768573811,3899.9158623173607,0.7751477,1.0,1.0018802565755587
CHML,2,7.098190262804719e-5,1179.7094225234855,2362.6279875684036,29.806682084349994,2365.418845046971,0.8432366,1.0,1.003192519029108
CHMP1A,2,0.0017436654100777937,6112.907777277854,12234.117853658674,22.195745576817373,12231.815554555707,0.529111025,1.0,1.0101452330974854
CHMP1B,2,0.0025887522452552707,6155.175476411016,12314.962526526419,21.175376557865302,12316.350952822031,0.5466348,1.0,1.0040942186378912
CHMP2B,2,0.0013814854622630729,5350.743159750879,10707.651496509543,26.05012794252712,10707.486319501759,0.58408495,1.0,1.0040597552306516
CHMP4A,2,0.0017262218267797942,6190.928030341382,12387.655433152282,21.340720321472087,12387.856060682763,0.554491675,1.0,1.0072036836189766
CHMP4B,2,0.003796921635105252,7620.313137460347,15246.844860055338,14.364784841592405,15246.626274920694,0.46349365,1.0,1.0090593262579577
CHMP4C,3,0.00027388308314142603,3070.046334355388,6144.820454448968,37.560906060062216,6146.092668710776,0.710973275,1.0,1.0074821766979751
CHMP6,3,0.0007553104917173132,2784.0485865895785,5573.877896838905,38.15274253998865,5574.097173179157,0.71572835,1.0,1.0030872437213432
CHMP7,2,0.0005552676925002446,3539.567783722643,7082.436531942805,36.08885422335945,7085.135567445286,0.72888345,1.0,1.0040454225784492
CHM,2,0.00011371785801480575,2513.1374717951453,5031.515592788414,37.76494206687561,5032.274943590291,0.74091565,1.0,1.0096935547815298
CHN1,2,1.3808665709285256e-5,767.43407263199,1539.031558698104,24.053748711931714,1540.86814526398,0.86628435,1.0,1.006073785523998
CHN2,2,8.831905746699458e-6,602.4239045899985,1207.836489568114,21.081736976424818,1210.847809179997,0.8906832,1.0,1.0028165898318724
CHORDC1,2,0.0036524082192142654,6488.533609522685,12983.162050038907,21.44095395295391,12983.06721904537,0.5428245,1.0,1.004565413719517
CHP1,2,0.0026034527132283445,5021.930322815684,10063.292571244923,31.56809975934137,10049.860645631368,0.5784894,1.0,1.0029831083129912
CHPF2,2,0.00011482354168158038,1290.9541295789934,2585.1226046367688,31.013772094007116,2587.908259157987,0.836124675,1.0,1.0047877163520442
CHPT1,2,0.0001725653031315653,2692.3908010400955,5389.927084339977,37.89460706390171,5390.781602080191,0.727072675,1.0,1.0038514831043377
CHRAC1,3,0.0020487284463814397,4946.813727990169,9901.514864191968,31.209478469531476,9899.627455980339,0.592538875,1.0,1.0091108627994287
CHRM1,2,1.2780587085271874e-6,46.7135280079158,95.75109476911219,4.9538542824147855,99.4270560158316,0.967479,1.0,1.0028357986477079
CHRNA10,2,7.20222029035091e-5,259.6808081512026,522.4289309393534,13.13851782230099,525.3616163024052,0.928214125,1.0,1.002165231694837
CHRNA3,2,5.679188100520959e-7,32.76421186712231,67.81237901655874,4.114183576399795,71.52842373424463,0.971365575,1.0,1.001399498880156
CHRNA5,2,0.0006354084449853809,2723.1082453843164,5451.039791874699,38.052498420934704,5452.216490768633,0.720205125,1.0,1.003835015517883
CHRNA7,2,4.5530593397265125e-6,533.2670635414801,1069.7610119920528,19.753691118220303,1072.5341270829601,0.8942236,1.0,1.0029536963038006
CHRNB4,2,2.6872924985002983e-5,761.007801212537,1525.269563628222,23.88030666488519,1528.015602425074,0.872317925,1.0,1.0041109754223236
CHRNE,2,1.2775510062677204e-6,46.713526659966305,95.81080195569851,4.950860995976132,99.42705331993261,0.9675069,1.0,1.002721079380495
CHST11,2,3.573654335131414e-5,855.775001340513,1714.7278171777766,25.403922769051718,1717.550002681026,0.8652807,1.0,1.003401430207998
CHST12,2,0.0011337649720459223,3853.9671023156193,7712.510220503313,34.92730138803336,7713.934204631239,0.698849525,1.0,1.001978299872661
CHST13,2,0.00014132410229116468,342.35538025781784,688.4304688014629,15.411594282776772,690.7107605156357,0.91418125,1.0,1.0023948972563346
CHST14,2,0.00034270809983655824,1228.0321410411307,2460.7959292405567,30.090731503939065,2462.0642820822613,0.821896575,1.0,1.0018072218174907
CHST15,3,0.00028343612225586155,1320.7684138127897,2646.8272627586794,31.167938500658114,2647.5368276255795,0.81309795,1.0,1.0026938383645163
CHST1,2,6.275115665411089e-5,245.25854460513722,493.55488784537096,12.711355434412578,496.51708921027443,0.9299893,1.0,1.0028117817502071
CHST2,2,0.00014585576528824715,346.78169871580656,696.8475586043558,15.5264145687145,699.5633974316131,0.916268025,1.0,1.0029792246348157
CHST3,2,1.6641885272155155e-5,697.6179439418571,1398.1728840874193,22.818951045857546,1401.2358878837142,0.889712275,1.0,1.0023913258707495
CHST4,2,1.420441131616665e-5,131.6322973651372,266.0401685716693,8.871658175841798,269.2645947302744,0.9481136,1.0,1.0016942164746032
CHST6,2,2.220177187774046e-5,158.96178413728205,321.1543867101238,9.890300939398028,323.9235682745641,0.942514775,1.0,1.0035873303525162
CHST7,2,0.0004783575557764229,1659.338647548196,3322.3998501059673,34.18516458685874,3324.677295096392,0.81203655,1.0,1.002947008910523
CHSY1,2,0.00017868160220872752,1116.9392884826323,2237.8299253009686,28.864566587227674,2239.8785769652645,0.84489385,1.0,1.0030784406870696
CHSY3,2,2.0459536449680723e-5,153.5830396958574,309.9266517475493,9.696404532460983,313.1660793917148,0.944530475,1.0,1.002781656042445
CHTF8,2,0.002004953044513025,5517.375816880985,11041.14828490081,25.596103558936186,11040.75163376197,0.60274225,1.0,1.0035982725093882
CHTOP,2,0.0032313942825723833,7072.33348457429,14150.922819577418,16.665939783211495,14150.66696914858,0.565839675,1.0,1.0147500031737542
CHUK,3,0.0006310068685737104,1706.5772678319977,3420.8378326886773,34.48833374025232,3419.1545356639954,0.7779574,1.0,1.0045117617995465
CIAO1,2,0.0007596376832383236,4545.345630594777,9096.020139301734,32.29228841262326,9096.691261189553,0.6112767,1.0,1.005959126580805
CIAPIN1,2,0.0004956146713511868,4463.348660915801,8931.649311473628,32.674524650128575,8932.697321831602,0.625452425,1.0,1.0048560753735205
CIC,2,0.0005694773032192035,1878.583592214358,3760.3715414349394,35.648620212781154,3763.167184428716,0.803869075,1.0,1.003088532963921
CILP2,2,0.00010396678290447535,802.0217888777012,1608.5917990071102,24.377544941815785,1610.0435777554023,0.860703425,1.0,1.0029408202430685
CINP,2,0.000997549120562967,5226.559659495474,10459.29216233152,25.98690514471396,10459.119318990948,0.5896062,1.0,1.0097661579491328
CIPC,2,4.094542703322042e-5,857.885391333525,1718.9299151875884,25.55636415981287,1721.77078266705,0.87675305,1.0,1.0037055467979283
CIR1,2,0.0011937825521952186,5103.799113477437,10211.966796307288,27.50095225636787,10213.598226954873,0.6305039,1.0,1.0074037064395998
CIRBP,2,0.008176076166512405,12466.56076308575,24938.61233963254,6.217673623834643,24939.1215261715,0.309647925,1.0,1.0047597363613645
CIRH1A,2,0.0012920614990487992,3556.914393051432,7119.766802879108,37.107978128282674,7119.828786102864,0.66982275,1.0,1.0113065703847617
CISD1,2,0.0037920496550971957,9453.095804947128,18914.41445699162,10.401393544196461,18912.191609894257,0.402014025,1.0,1.0048651789223553
CISD2,2,0.0034375259173740507,8323.46177648449,16651.899716750515,12.894386838825104,16652.92355296898,0.436462425,1.0,1.0068719043002292
CISD3,2,0.0034115105934922666,8132.427512355069,16270.312032128375,13.994022543840693,16270.855024710138,0.442599525,1.0,1.0023457543398469
CISH,2,4.58574361765396e-5,609.2551247713952,1221.4350868724173,21.29826698293511,1224.5102495427905,0.909262125,1.0,1.001262641832027
CITED1,2,9.791037783223614e-5,839.3571670636064,1683.0302399343843,24.993274431515133,1684.7143341272129,0.858085775,1.0,1.0019535153146306
CITED2,2,0.007280166326156685,6311.477300239802,12629.880441582514,29.673971863608152,12628.954600479605,0.543294675,1.0,1.0012259009304598
CITED4,2,0.00033131972501724844,2531.754781901642,5067.7803361080505,38.09591263813123,5069.509563803284,0.74789695,1.0,1.0028782504314728
CIT,2,0.00030878747967162554,919.3178901147033,1844.4904277898027,25.99510364658082,1844.6357802294067,0.846606975,1.0,1.0011830145175453
CIZ1,2,0.0004610811806755465,4274.221227853178,8640.259705700817,33.79902995484345,8554.442455706356,0.593340275,1.0,1.001699848102736
CKAP2L,2,0.004463210964585062,2589.6071231623005,5184.817214233562,39.07586333432141,5185.214246324601,0.7353615,1.0,1.0012847025221423
CKAP2,2,0.028048286727112577,6517.040636541642,13041.279002073155,37.65406028671326,13040.081273083284,0.59903945,1.0,1.001653394763605
CKAP4,2,0.0012653120414102986,3577.352953114152,7159.553284184161,36.622898069172116,7160.705906228304,0.673665825,1.0,1.0024361969910296
CKAP5,2,0.0019880972579598677,3711.7799063188795,7428.573793801919,37.93785953765328,7429.559812637759,0.650481625,1.0,1.002038026686937
CKLF,2,0.008792961556223632,7846.278273581182,15699.417743677268,19.91792063894784,15698.556547162363,0.482965475,1.0,1.0062080505538165
CKMT1B,2,0.00011925718762804693,1372.6126291021271,2748.8103448084967,31.879137620943943,2751.2252582042543,0.824030325,1.0,1.0031089132537896
CKMT2-AS1,2,5.6621775466011126e-5,1000.2325099353997,2003.4960297757584,27.493632977488137,2006.4650198707993,0.8624237,1.0,1.0030040973861833
CKM,2,5.7195980667145e-7,32.764222595968334,68.0516713638364,4.109649913190437,71.52844519193667,0.97115535,1.0,1.0031765232741512
CKS2,2,0.2615166553982475,14613.838619797954,29243.195547975414,7.999121869187694,29233.67723959591,0.4184167754652398,1.0,1.0032582518518354
CLASP1,2,4.6277298444462005e-5,1102.8234985359634,2208.8809172787646,28.908449641950938,2211.6469970719268,0.85207365,1.0,1.0016970508493805
CLASP2,2,9.235988967147695e-5,903.312856996038,1811.1761069219974,26.270375036379118,1812.625713992076,0.85633135,1.0,1.0038378479912446
CLASRP,2,0.0009426223414774007,2147.2294719850433,4308.637972678472,36.88308553998046,4300.458943970087,0.742904775,1.0,1.0069270461064341
CLCC1,2,0.00012855286625043674,1226.8884627648977,2458.4959892792695,30.26638352445383,2459.7769255297953,0.8245519,1.0,1.0036328838441675
CLCF1,2,6.803237553230644e-5,895.5771185712482,1794.5872398760162,25.931683974246283,1797.1542371424964,0.87226045,1.0,1.002021308389594
CLCN1,2,6.345506558979294e-5,940.6292259085844,1885.7701631340435,26.61595149194894,1887.2584518171689,0.847910125,1.0,1.0037476307669349
CLCN2,2,5.398726240535939e-5,842.7712262896955,1689.1635222279926,25.140631551057034,1691.542452579391,0.85961395,1.0,1.0025502334530414
CLCN3,2,0.0006671626182708785,4413.137450995752,8830.890901450764,33.34969272652047,8832.274901991505,0.627035975,1.0,1.0032608615050123
CLCN4,2,0.0001156438621462857,315.4548649093467,634.2980861979836,14.701672000731483,636.9097298186934,0.91874585,1.0,1.0023441132079176
CLCN5,2,0.0002058360076755623,398.74264843815797,800.9394395718301,16.823038393301065,803.4852968763159,0.9093009,1.0,1.0036223787580054
CLCN7,2,0.00011828802528944255,1189.7461973669713,2385.3410566875655,30.019564955666098,2385.4923947339425,0.8290397,1.0,1.003819836466409
CLCNKB,2,1.566138541341272e-5,137.18931891119058,277.27131753031415,9.085043089530936,280.37863782238117,0.94681325,1.0,1.0090027502133767
CLDN12,2,0.0004147563541719609,1895.1257546634652,3793.6509846745826,35.8354162158241,3796.2515093269303,0.80856135,1.0,1.0022278160839584
CLDN15,2,0.0003550597214708229,1546.0338804375817,3101.4412691143434,33.30291735374651,3098.0677608751635,0.79016115,1.0,1.0037289156012328
CLDN23,2,4.2611917408738436e-5,605.5337047806627,1214.287159799073,21.225419483922714,1217.0674095613253,0.892038375,1.0,1.0019329261875092
CLDN2,2,1.7386325981077793e-6,53.42005886103818,109.23101843850735,5.3275788278875575,112.84011772207636,0.9655645,1.0,1.0023803632862733
CLDN3,2,0.0008019461149917789,3172.25101800982,6349.598138525052,38.26646143218482,6350.50203601964,0.711030275,1.0,1.0127752257252527
CLDN4,2,0.0044363981128646025,7747.724781657308,15501.059414932999,16.944733059293238,15501.449563314616,0.46970495,1.0,1.0065780085702416
CLDN7,2,0.006570561736800586,9312.098727239823,18629.409969577144,10.739417992280446,18630.197454479647,0.388366425,1.0,1.0023943175119971
CLDN9,2,4.357445841829257e-5,210.75678197608218,424.4833580477581,11.643527498779152,427.51356395216436,0.9350194,1.0,1.002247268911082
CLDND1,2,0.004619536163836163,8253.64202113202,16512.131616554154,13.471688695867655,16513.28404226404,0.45103,1.0,1.0087085235256317
CLDND2,2,0.00029630295956785115,1350.9053122442524,2705.87249518565,31.480021140395447,2707.810624488505,0.8217245,1.0,1.0019627373645477
CLEC11A,2,0.0013354012263001639,4939.579256334999,9891.966173150484,30.324715156123098,9885.158512669997,0.58127745,1.0,1.005113862964015
CLEC16A,2,6.002052834328288e-5,624.0638796636198,1251.5810275887613,21.586734422077274,1254.1277593272396,0.88667945,1.0,1.0027502729553572
CLEC18A,2,2.4014291527873152e-5,164.30051529505664,332.5544466473282,10.080731711809078,334.6010305901133,0.9411335,1.0,1.0019841851316795
CLEC2D,2,2.4014331246914762e-5,164.3005154005107,333.10467243014614,10.080552261159422,334.6010308010214,0.940978575,1.0,1.0032724128180766
CLEC2L,2,1.4212491295368203e-7,17.768400513864826,37.682391882878214,3.170648710740604,41.53680102772965,0.977028875,1.0,1.0025154623237271
CLEC4A,2,5.999094250970779e-6,91.16117205995657,185.37507876520576,7.187760051308057,188.32234411991314,0.9561624,1.0,1.0042901156401085
CLGN,2,2.6254919188604087e-6,497.90885123248904,999.7116136096852,18.994303237827335,1001.8177024649781,0.894516075,1.0,1.0038621826269363
CLHC1,2,4.535370517171066e-5,940.2741436520404,1884.8459130818455,26.662381360834015,1886.5482873040808,0.848666575,1.0,1.002432243803105
CLIC3,2,0.0042040470822228395,5739.485662129131,11494.81608302886,31.569740417504224,11484.971324258262,0.55764625,1.0,1.0006674251158607
CLIC4,2,0.0005154686592705344,2343.497518645683,4822.839425805426,37.57048160557244,4692.995037291366,0.72028485,1.0,1.0040004198215633
CLINT1,2,0.0024690245202554314,6247.7634285078375,12500.117436397079,22.232188099572205,12501.526857015675,0.53497045,1.0,1.008435728086
CLIP1,2,0.0006067143516097047,4199.14818558552,8403.17182405331,33.88682168449348,8404.29637117104,0.62766255,1.0,1.0046581856228065
CLIP2,2,0.0004188537167069026,1697.3607103845136,3398.2107514963654,34.49425194394541,3400.721420769027,0.8106254,1.0,1.0041611253903953
CLIP3,2,9.088478942656739e-6,108.87613447420927,220.8521032157812,7.95508175267575,223.75226894841853,0.952323125,1.0,1.0035097060950036
CLIP4,2,0.00043786922357934034,1596.9614818348002,3198.4459246240676,33.696612903540604,3199.9229636696004,0.79925085,1.0,1.0029010935751064
CLK1,2,0.0002705972840393876,2865.818952119555,5735.825770189665,37.994500781495965,5737.63790423911,0.76916515,1.0,1.0026809861427803
CLK2,2,0.0002117769072129863,1373.1171804066742,2750.325699012296,31.994738316678557,2752.2343608133483,0.8275933,1.0,1.0042008745652236
CLK3,2,0.0011456994524675385,3890.548553302275,7785.1065282666905,34.64341265140089,7787.09710660455,0.7198311,1.0,1.0028788905532715
CLK4,2,0.00013639919113856385,1446.6417147541722,2896.182584696392,32.605683346497116,2899.2834295083444,0.8563524,1.0,1.0022862217433868
CLMN,2,0.0005446438259108704,1681.7853569687347,3367.705926793078,34.33161466366516,3369.5707139374695,0.801745175,1.0,1.0070432650702283
CLMP,2,0.00013247695900758778,333.4548684913497,670.2408366024987,15.179861805359787,672.9097369826994,0.916562525,1.0,1.0037833302806185
CLN3,2,3.802813179083947e-9,1.0096468990467878e-5,2.5406196746255043,1.4012580477583472e-14,6.000020192937981,0.981937275,1.0,1.0016164570120896
CLN5,2,0.00038691117442286676,3291.738144301073,6587.519178283293,36.93912519772592,6589.476288602146,0.7111631,1.0,1.0023064152942462
CLN6,2,0.0005698717876130635,3217.296202011085,6446.405162384094,37.606629882356316,6440.59240402217,0.6684102,1.0,1.0019203585053482
CLN8,2,0.0009781563450256628,3317.949995217513,6641.505358248026,37.997061141421106,6641.899990435026,0.7037369,1.0,1.0052106987658977
CLOCK,2,0.0004746449914084022,2125.002833074374,4254.526839888772,36.82867627986733,4256.005666148748,0.757717225,1.0,1.006321765805507
CLP1,2,0.000958271123861992,2308.3797420647643,4619.738597533283,37.44203689459141,4622.759484129529,0.812758025,1.0,1.00445742790137
CLPB,2,0.0005398297427147876,1864.680535547011,3732.785005460961,35.57688839106307,3735.361071094022,0.79277455,1.0,1.0022250940198758
CLPP,2,0.0024631809461521936,7905.39821474036,15821.962759123247,13.197751250911885,15816.79642948072,0.5207832,1.0,1.0216554866397514
CLPTM1,2,0.0006632129590115137,4798.743493430027,9688.80264429274,29.9624620160712,9603.486986860054,0.56143115,1.0,1.0081674590461163
CLPX,2,0.000499884862589128,3309.218116638088,6622.982940820039,37.171453080411865,6624.436233276176,0.711471,1.0,1.00428988186799
CLRN3,3,8.544901613599798e-5,278.5815853035899,560.6451803895296,13.683020530482294,563.1631706071798,0.923215375,1.0,1.0030184205844823
CLSPN,2,0.003014066310940595,3378.581831857504,6763.107394599543,41.22262968743544,6763.163663715008,0.69931765,1.0,1.00437458784322
CLSTN3,2,4.643065769397882e-5,930.6915247382324,1871.023118527961,26.512770607044825,1867.3830494764647,0.84370955,1.0,1.0030519811967002
CLTA,2,0.008753237097929538,10876.687156383376,21758.195044469263,8.319577910559225,21759.37431276675,0.337346775,1.0,1.0050218602160281
CLTB,2,0.003068764063837061,6773.706668049049,13558.751842986077,18.90623092957897,13553.413336098098,0.522403275,1.0,1.0060785632436253
CLTCL1,2,4.606871431963273e-5,215.77781614479093,435.2179635915837,11.802234954948974,437.55563228958187,0.932470025,1.0,1.0029643463197278
CLTC,3,0.002400928641503495,5779.227886091442,11565.899419341642,22.643429281987608,11564.455772182884,0.560521375,1.0,1.0026506939299595
CLUAP1,2,0.0006513101099256711,3506.296730856799,7016.2616160841535,36.29555691033874,7018.593461713598,0.71170935,1.0,1.006844012941767
CLUH,2,0.0007798383379783809,1990.0593329030248,3984.724338586451,36.20572399258442,3986.1186658060496,0.771749875,1.0,1.003463229936839
CLUL1,2,5.135520550705034e-5,225.703760566332,454.55303512168825,12.114251707438706,457.407521132664,0.93186375,1.0,1.0041319804903153
CLYBL,2,0.0006154469459513363,3088.4717954154976,6190.5414397476825,37.51390020074426,6182.943590830995,0.6846994,1.0,1.0056922491858642
CMAS,2,0.0013333756393684032,6191.181517455696,12388.449548552988,19.47551217584049,12388.363034911392,0.5326835,1.0,1.003982004616307
CMC1,2,0.004813965313938712,8700.575741234168,17405.854281876516,11.775857771771303,17407.151482468336,0.4315137,1.0,1.0087765128249333
CMC2,2,0.0037134085216087845,6444.029087005134,12893.58396376906,26.672068424491336,12894.058174010268,0.5300918,1.0,1.0037281463025682
CMC4,2,0.00023970930235865702,423.9914837529509,851.8176511911394,17.42440444616034,853.9829675059018,0.90498305,1.0,1.0021347395589288
CMIP,2,0.0006186512645753782,2725.668907054033,5454.820105782156,37.88823614210032,5457.337814108066,0.76345975,1.0,1.0026014103769534
CMPK2,2,6.580776876820865e-5,250.07813255230508,503.27283385880366,12.855646566181598,506.15626510461016,0.9288728,1.0,1.0029292962106022
CMSS1,2,0.0030180635450326007,7298.535759314104,14605.136197429443,17.348468360790854,14603.071518628209,0.481724175,1.0,1.0070205756979578
CMTM1,2,4.294669142321404e-6,78.97397112972207,160.5264001310939,6.625908770799827,163.94794225944415,0.9591965,1.0,1.0019629461949258
CMTM2,2,2.8759082584227753e-6,66.42110693711771,135.35528885012997,6.011332754598933,138.84221387423543,0.96221285,1.0,1.0045911545346398
CMTM3,2,0.0013647339540187706,3498.501226636048,7001.93090773102,37.329055679096726,7003.002453272096,0.6786289,1.0,1.004797489317606
CMTM4,2,0.0002815197941952166,1631.7771076653266,3269.9853293747924,34.072373705892055,3269.5542153306533,0.789450575,1.0,1.003193885674179
CMTM7,2,0.002233746067031904,7546.0882708453555,15098.772201705338,15.598834659048093,15098.176541690711,0.52336445,1.0,1.0066440404931478
CMTM8,2,0.0016967090313029884,6547.908242846954,13101.311658527895,19.652989981433418,13101.816485693907,0.57067015,1.0,1.0067493405477739
CMTR1,2,0.00015170775968595328,1122.7565229080958,2252.5508897900286,28.96227946710498,2251.5130458161916,0.82700765,1.0,1.00166514684791
CMTR2,2,0.0005326830899192998,2203.9545764923555,4412.653623491692,37.13241368865701,4413.909152984711,0.77415015,1.0,1.0020047740907432
CMYA5,2,1.0261420455391788e-5,114.65027627110312,231.9419260413923,8.194674408951444,235.30055254220625,0.951909875,1.0,1.0022111348431613
CNBP,2,0.007995089608790421,11299.237264628337,22712.5899414547,7.879983599373226,22604.474529256673,0.31990405,1.0,1.0088876133188893
CNEP1R1,2,0.00023226443672195435,1526.4185212694629,3055.7757328822267,33.22212377771387,3058.8370425389257,0.837850475,1.0,1.0053440493141708
CNGA1,2,7.701412753063051e-6,646.7358882654459,1297.180111604214,21.940480895807116,1299.4717765308917,0.8783205,1.0,1.004243163289545
CNIH1,2,0.00181913853710015,7839.54332013749,15770.462744977342,13.526453988164109,15685.08664027498,0.427550125,1.0,1.0088000841591256
CNIH3,2,3.690102977973477e-5,598.6359919720115,1200.9974782794668,20.87708879152186,1203.271983944023,0.8911757,1.0,1.0056056109588034
CNIH4,2,0.009193044361365392,8164.459645419088,16334.683274474548,14.159249859181688,16334.919290838176,0.4344142,1.0,1.0071345851282312
CNKSR1,2,0.000159135111620403,2839.144690825409,5682.464216236238,37.8092046704065,5684.289381650818,0.7400161,1.0,1.0049745151477245
CNKSR3,2,0.0003235545535196655,1276.2985069382328,2556.934784215583,30.65624473039011,2558.5970138764656,0.831703375,1.0,1.0027724537815266
CNN1,2,3.613250972217546e-8,9.57716050072233,21.315539203621647,2.589939316641696,25.15432100144466,0.978894925,1.0,1.0019084677238024
CNN2,2,0.002287200288689225,6326.444522896141,12658.31448875219,20.772711246902325,12658.889045792283,0.5161109,1.0,1.0045939419039265
CNN3,2,0.0024024458728274757,7702.8056002170015,15422.42368687948,14.717006256939184,15411.611200434003,0.489331825,1.0,1.0061031873712247
CNNM2,3,0.00048453860396564173,1602.0737250981877,3207.6091170163836,34.04353862477972,3210.1474501963753,0.828907325,1.0,1.004977204275555
CNNM3,2,4.261170555544172e-5,605.5337042181922,1215.022609970126,21.224416088444322,1217.0674084363843,0.884365675,1.0,1.0009534006775882
CNNM4,2,0.00040117167112890877,520.8742459570578,1045.2558671060103,19.58612818493862,1047.7484919141157,0.897170475,1.0,1.0051424618164468
CNOT10,2,0.000637179006918729,2748.2529233913897,5502.800331712592,38.168236057775715,5502.505846782779,0.71733255,1.0,1.0065543355855089
CNOT11,2,0.0022224249830944346,3972.43020972854,7949.940329982097,34.76322826116844,7950.86041945708,0.65628665,1.0,1.006059109039022
CNOT1,2,0.0011594676839704516,3811.411861692319,7628.4231344423415,35.276152938602685,7628.823723384638,0.6651204,1.0,1.0029733333478252
CNOT2,2,0.0012174827435006163,3981.8575008202133,7967.361251847034,34.004725898289024,7969.715001640427,0.71281875,1.0,1.0048947266120056
CNOT3,2,0.0004072157622114702,3308.8795391778704,6621.482048942862,36.96509401626497,6623.759078355741,0.7213966,1.0,1.003401909483301
CNOT4,2,0.0014768834543088867,4898.412366695531,9801.456931922043,28.892688286327385,9802.824733391062,0.66491855,1.0,1.0031086653203976
CNOT6L,2,0.0002493595178309808,1480.602311877843,2964.320908659208,32.790414796142386,2967.204623755686,0.832139275,1.0,1.0019121698611417
CNOT6,2,8.688501422491262e-5,2180.8007926655996,4366.148081284998,36.99474540138579,4367.601585331199,0.764180175,1.0,1.0036164666668084
CNOT7,2,0.0037150353639328992,7313.77275931779,14632.339258893511,16.1555485054646,14633.54551863558,0.4812762,1.0,1.006529612674356
CNOT8,2,0.0003432106517271773,3020.52014283099,6045.548202646231,37.84684789640984,6047.04028566198,0.72914585,1.0,1.0075553079551156
CNPPD1,2,0.00017658427789531166,2638.0425574705037,5282.0589114834775,37.90861020025276,5282.085114941007,0.723417,1.0,1.0025805942704105
CNPY2,2,0.003724003203195891,9822.180000271239,19652.32788032434,9.836963399740274,19650.360000542478,0.378096725,1.0,1.0064793637958152
CNPY3,2,0.001950220797523338,5492.698376596322,10997.706163060566,25.011672276500068,10991.396753192645,0.545035125,1.0,1.0089501090128736
CNPY4,2,0.00019511946862549488,390.2228687571865,783.7521570086463,16.616184029293887,786.445737514373,0.91236015,1.0,1.0020993789579133
CNP,2,0.002327311689310416,3724.9850365911784,7455.5904785701405,35.74818444518747,7455.970073182357,0.658599775,1.0,1.0019319208372846
CNR2,2,8.869711128829193e-7,39.839546129129026,81.94465923888467,4.5511982766335075,85.67909225825805,0.96958865,1.0,1.003780132602934
CNST,2,5.4643249217998904e-5,1018.7077682438852,2040.4256182727154,27.758245210419624,2043.4155364877704,0.85916085,1.0,1.0040925527429967
CNTD1,2,2.4014762325750208e-5,164.300516545025,331.4510644194522,10.081651237515427,334.60103309005,0.942516725,1.0,1.0016873200964203
CNTD2,2,0.0006515769788078715,1881.4727957804882,3766.3755585007757,35.63689563418213,3768.9455915609765,0.799344025,1.0,1.0018873043114356
CNTLN,2,0.0007283299353643626,2124.7773344316884,4252.864645370231,36.827848508399406,4255.554668863377,0.793761725,1.0,1.0046939291255754
CNTN1,2,3.8708135080397215e-5,200.66771988161295,408.6651859368469,11.315765878171439,407.3354397632259,0.93420875,1.0,1.0011959068047946
CNTNAP1,2,2.4023313384983298e-5,164.3005392480873,379.3014790893084,10.07747242652217,334.6010784961746,0.940088025,1.0,1.0024387321771961
CNTNAP2,2,1.8788859353158946e-5,148.16261733146447,299.2745036238575,9.497218807928464,302.32523466292895,0.9447733,1.0,1.0030138498005072
CNTNAP3B,1,0.0002875571069842092,1190.4046961213346,2387.168711329732,29.650505850063265,2386.809392242669,0.820063425,1.0,1.0024520169815208
CNTRL,2,0.00018430405483087215,1923.360522821708,3851.7260233183556,35.789576102540046,3852.721045643416,0.768477825,1.0,1.0041652490187432
COA1,2,0.005396121799138532,6717.079951869434,13440.358678757491,20.098905709267896,13440.159903738868,0.510579175,1.0,1.0062417587492603
COA3,2,0.0025530148075613586,7529.407172555197,15063.887587311108,15.161587570395127,15064.814345110393,0.478217575,1.0,1.0094192727264302
COA4,2,0.003992832099118317,9190.616550437955,18386.74014364173,10.891847748944967,18387.23310087591,0.42987475,1.0,1.0057039345425849
COA5,2,0.0018431853613845135,5310.5484272136055,10627.224580461307,26.04618984097309,10627.096854427211,0.624248375,1.0,1.0031850432781437
COA6,2,0.003909767736023202,6794.244969570338,13593.28369455932,18.578401040961477,13594.489939140676,0.544650375,1.0,1.0064343635568207
COA7,2,0.0007185452213333789,3300.355074062177,6605.196244475953,37.572798121649186,6606.710148124354,0.71847395,1.0,1.004107868872549
COASY,2,0.00185321559387661,5294.106571189862,10592.809824780708,26.361224251513747,10594.213142379724,0.592709875,1.0,1.0030105691885123
COBLL1,2,8.941835881881582e-6,693.5132165549956,1390.3615152826662,22.81397627358563,1393.026433109991,0.878862,1.0,1.005737043904957
COBL,2,0.0006325213475855641,1796.6118187730804,3597.847143223983,35.115593744459645,3599.2236375461607,0.7838676,1.0,1.0030216942207033
COCH,2,5.69936247268777e-5,815.9425430951862,1637.8473603654047,24.695940818692613,1637.8850861903725,0.857134075,1.0,1.0030474454331555
COG1,3,0.0006082911022051214,1791.8831543965487,3589.535559099851,35.09327737731434,3589.7663087930973,0.774878875,1.0,1.0043504015199516
COG2,2,0.0002261811904635559,2456.6855576304856,4916.497476712954,37.669179836163856,4919.371115260971,0.774401325,1.0,1.0072143266677756
COG3,2,0.0002579528678589589,1688.641115338167,3380.6305618560727,34.55836993596869,3383.282230676334,0.820539675,1.0,1.006056998053645
COG4,2,0.00016993084296179785,2608.5447710850262,5222.825073042536,37.850966362846115,5223.0895421700525,0.7290933,1.0,1.0039930361198475
COG5,2,0.00014005640238618836,1386.5314394471748,2776.709183510753,31.99233163174873,2779.0628788943495,0.820748475,1.0,1.0033253962166997
COG6,2,0.00019704221977241107,1528.5959433569587,3062.950122670639,33.36093722321272,3063.1918867139175,0.803948775,1.0,1.0051292131803693
COG7,2,0.0008903737819696949,1410.534423414553,2825.806708139266,32.49329877460705,2827.068846829106,0.826641625,1.0,1.003282982253452
COG8,2,0.0005055395987069882,1987.0239329944268,3977.147191421837,36.301355561882694,3980.0478659888536,0.814032775,1.0,1.0022701098406048
COIL,3,0.0022439670708247683,6101.9224270046025,12208.437249679606,23.254548547049815,12209.844854009205,0.5732288,1.0,1.0028645686305517
COL12A1,2,0.0001315232574401994,994.6851099400795,2033.165019876313,27.266930619148116,1995.370219880159,0.833778025,1.0,1.0028601034984592
COL16A1,2,0.0002338836268514549,419.8147336241658,843.1974311266675,17.32619790576175,845.6294672483316,0.90706675,1.0,1.0022774964119028
COL1A1,3,0.0006425747456358666,1994.7337102928625,3993.155569278288,36.27041626072658,3995.467420585725,0.786803275,1.0,1.004365484993037
COL20A1,2,2.875644097507054e-6,66.42110623577048,137.5257787156507,6.0105732201011355,138.84221247154096,0.9616354,1.0,1.0035565465968663
COL24A1,2,8.889939822458199e-7,39.83955149984718,81.94016683664044,4.5521334339272075,85.67910299969436,0.96969955,1.0,1.003161739515075
COL27A1,2,7.602624140803498e-5,832.7714377347671,1671.2243491575864,24.926647890220565,1671.5428754695342,0.854828525,1.0,1.003114928042161
COL3A1,2,1.2775839045287918e-6,46.713526747311185,95.70182242461472,4.95337641660614,99.42705349462237,0.967738025,1.0,1.003175621117662
COL4A3BP,2,0.0006047588153964126,3531.3349198462784,7066.422803594226,36.22893746428947,7068.669839692557,0.72014035,1.0,1.0038158971739173
COL4A4,2,1.5921015544180816e-5,714.7171234482813,1433.6268907938775,23.19760924375663,1435.4342468965626,0.8716484,1.0,1.0031623833050731
COL4A6,2,9.099984471721453e-6,108.87616502138893,223.94119295582618,7.954133263276613,223.75233004277786,0.951808525,1.0,1.0035649917981304
COL5A2,2,3.6390874469989193e-5,195.57156041526878,394.1262502303581,11.149949974561684,397.14312083053755,0.9368774,1.0,1.0016672009049774
COL5A3,2,7.004571601685589e-9,1.859713760247524e-5,1.7241813235367431,1.1441223993092332e-14,6.000037194275205,0.98215165,1.0,1.0015114602178423
COL6A3,2,7.998101438100748e-6,103.03948223785426,215.2687091363411,7.707128580181854,212.07896447570852,0.952818875,1.0,1.002895267262455
COL9A2,2,0.0002445006652005774,741.9427963563851,1489.6273171430566,23.754146461755976,1489.8855927127702,0.865639675,1.0,1.001928564228153
COL9A3,2,0.002222471999663335,3921.8087407612165,7901.343247202912,35.815133988890736,7849.617481522433,0.618690875,1.0,1.003781626235604
COLGALT2,2,4.285183767976858e-9,1.1377162903978558e-5,1.366345913919085,8.090167070825272e-15,6.000022754325808,0.9824956,1.0,1.0041592672956885
COLQ,2,6.001766852032198e-6,91.16117915571239,184.9302801750376,7.188297145300224,188.32235831142478,0.956489425,1.0,1.0017813948122152
COMMD10,2,0.0009079036677923478,3584.4700174805566,7181.340182297869,36.43881517503909,7174.940034961113,0.648231675,1.0,1.0033540724090266
COMMD1,2,0.0009849941803545593,5120.543907843463,10246.276332467114,27.089365417911967,10247.087815686926,0.590789475,1.0,1.0011541239863915
COMMD2,2,0.0017517670215305846,3898.488973690529,7801.996886070488,35.287235431766454,7802.977947381058,0.672812375,1.0,1.0043217576838532
COMMD3,2,0.002158092129377671,6591.659426472819,13188.2349073609,18.750413081933182,13189.318852945638,0.5449924,1.0,1.0196591810963038
COMMD4,2,0.005696022089054858,7441.6507906986835,14912.098398934824,17.90229201827815,14889.301581397367,0.469688575,1.0,1.008957231614225
COMMD5,3,0.0010064769869730238,4687.291401771643,9378.979886777926,31.06932163955117,9380.582803543286,0.63092155,1.0,1.0038678425145333
COMMD7,2,0.0014459120920311567,3977.333855167543,7962.450690620287,34.369894819204404,7960.667710335086,0.640658125,1.0,1.004712424691971
COMMD8,2,0.00358831394812299,6810.627482242472,13627.399375350275,18.4848761503291,13627.254964484944,0.5120182,1.0,1.0068356462233308
COMMD9,2,0.0012011605985673825,3950.8178284397463,7908.108514296143,34.25043653895884,7907.635656879493,0.6579801,1.0,1.0043038361933654
COMTD1,2,0.0032594106499436474,5226.511542007752,10461.313540741585,29.01097780886895,10459.023084015504,0.58805,1.0,1.0149961259831939
COMT,2,0.004235779497112071,8714.440374453752,17493.477293374108,11.832159693991967,17434.880748907504,0.392266275,1.0,1.0061668566044482
COPB1,2,0.002584510964423687,5819.510601881007,11648.02075756257,22.826887556435725,11645.021203762013,0.57469815,1.0,1.0098856027740448
COPB2,2,0.0018345236687738263,5484.698268268409,10976.32649648587,24.204000250382396,10975.396536536819,0.584394975,1.0,1.0090689800364478
COPG1,2,0.000879526363392282,4595.889692799317,9215.93163461889,30.917985921371535,9197.779385598635,0.58035365,1.0,1.001940879016601
COPG2,2,0.0002798998498089073,1720.7438673490137,3450.615070119909,34.762357310838695,3447.4877346980275,0.7825595,1.0,1.0021048107528856
COPRS,2,0.002579811949458283,8030.20964513872,16065.67998027521,14.799455574455013,16066.41929027744,0.460559175,1.0,1.0045188652988006
COPS2,2,0.0009218974455500515,5303.445042553148,10611.732705283126,25.331790401020697,10612.890085106295,0.633365875,1.0,1.0039044473344343
COPS3,2,0.0016448018211068529,5385.6540359183555,10779.045408898433,26.41206433644746,10777.308071836711,0.5941243,1.0,1.0053292923232007
COPS4,2,0.0006520440799407639,4748.26595292059,9501.04747320564,29.12408493557963,9502.53190584118,0.63943455,1.0,1.0024695001582975
COPS5,3,0.002507931379993537,7829.216329150588,15663.126642965753,13.38052336873239,15664.432658301175,0.46465765,1.0,1.009536461080603
COPS6,2,0.004951413158988082,9276.865184209846,18573.53885130255,10.823321198045369,18559.730368419692,0.3805458,1.0,1.006645934051797
COPS7B,2,0.0009283669183207305,3015.124183792243,6036.1031165119875,37.8888355146086,6036.248367584486,0.710428725,1.0,1.0041623737663732
COPS8,2,0.002262507235334967,5356.939477840514,10724.6466639779,26.249022506367037,10719.878955681028,0.549783425,1.0,1.0032422089341337
COQ10A,2,0.0005358976234664292,1968.9903914754948,3941.4982063076727,36.169183800124344,3943.9807829509896,0.79357255,1.0,1.0038441381120136
COQ10B,2,0.0009632546173235887,4848.212063274538,9700.918594350158,29.30991638233025,9702.424126549076,0.6358889,1.0,1.0027798099352982
COQ2,2,0.0001680866157592507,2628.0231942749238,5266.430811009583,37.920262949250194,5262.0463885498475,0.707975975,1.0,1.0034271134324966
COQ3,2,0.0007779051408873897,3280.965037834591,6568.300766256853,37.53638484592561,6567.930075669182,0.6883186,1.0,1.0033589639343088
COQ4,2,0.0011701090116966245,6015.415737870804,12043.001666246651,23.169119367132094,12036.831475741608,0.5247381,1.0,1.005207060119206
COQ5,2,0.0008302511131165956,4483.621431199569,8974.281890535272,31.896851589829264,8973.242862399138,0.63346255,1.0,1.0032045600788686
COQ6,2,0.0002559376785197596,2724.9624370587235,5454.679433101972,37.8944755703303,5455.924874117447,0.726664325,1.0,1.003135245963812
COQ7,2,0.0012233849795771263,3595.8320327951096,7197.016103436711,36.58650140344159,7197.664065590219,0.668433825,1.0,1.0079149309871438
COQ9,2,0.0017872884349045322,4820.930241187884,9646.609349654498,29.94810009178722,9647.860482375769,0.60430545,1.0,1.0038355105283832
CORIN,2,3.860928689040578e-6,403.53052994998654,812.9546719855746,16.829967469506226,813.0610598999731,0.904010875,1.0,1.0030421764433706
CORO1A,2,1.8788257836780366e-5,647.100137650465,1298.858412497106,21.873387749594222,1300.20027530093,0.876480525,1.0,1.003249013891212
CORO1C,2,0.0008212097949509346,3195.9269770773753,6399.261341427511,37.97452767315829,6397.853954154751,0.68487485,1.0,1.013036388925946
CORO2A,2,0.00047355895180165464,1668.666785742888,3341.509755023745,34.252703670795476,3343.333571485776,0.795607175,1.0,1.00387242697219
CORO2B,2,2.989255686941209e-5,180.08602539169232,364.1473080184969,10.629924717137362,366.17205078338463,0.938205125,1.0,1.0025828751260322
CORO6,2,4.78178014533863e-5,948.5169279491548,1902.7247701138513,26.89559164352615,1903.0338558983096,0.847612875,1.0,1.001797294496508
CORO7,2,1.7807507037440517e-5,668.9270190032134,1340.864272512048,22.28908303964799,1343.854038006427,0.886318825,1.0,1.0037145777929097
CORT,2,1.281960594104173e-5,126.0252575369279,254.99873156254583,8.651790967459121,258.05051507385576,0.948959075,1.0,1.0032755663062045
COX10,2,0.0006467224217853096,2088.429689743926,4179.891712855631,36.709728023855845,4182.859379487852,0.81064275,1.0,1.0039075990876196
COX11,3,0.003239511147095038,5991.80025132365,11994.75247829659,20.911389735803553,11989.6005026473,0.53206635,1.0,1.0111328603472183
COX14,2,0.005899026500042807,9714.419256101473,19434.133488393363,10.184030702648073,19434.838512202947,0.38131125,1.0,1.002639524660355
COX15,3,0.0021275061896467084,4079.496110255856,8166.403923450656,34.177119583261565,8164.992220511712,0.632677975,1.0,1.0038564847309341
COX16,2,0.005899923906563746,10676.146155045037,21360.254068559258,8.614176523731667,21358.292310090073,0.33746775,1.0,1.0194393572885612
COX17,2,0.01533261689300125,11004.38871712503,22017.380194577763,9.902802330201443,22014.77743425006,0.400952225,1.0,1.0032854914267832
COX18,2,5.205546182454832e-5,1043.0938716263886,2090.363031432246,28.09701455783343,2092.187743252777,0.8412865,1.0,1.0016864408514345
COX19,2,0.0003188490727845351,4384.649733796652,8773.771651892179,32.943366638572584,8775.299467593304,0.675450275,1.0,1.0100719260045499
COX6B2,2,5.6888688127876635e-5,235.53870700389945,474.091809005239,12.417202115786473,477.0774140077989,0.9312622,1.0,1.004012879299434
COX7B,2,0.012299061071707572,14726.479818610069,29516.47610448651,4.177438004182673,29458.959637220138,0.26662915,1.0,1.0074712483262727
CPA5,2,7.987769811265421e-6,103.03945480738501,208.64767908092438,7.708653228474329,212.07890961477003,0.954135975,1.0,1.0022889742473797
CPB2-AS1,2,3.57692383453276e-6,416.20602927240384,835.2947511119884,17.139283762103567,838.4120585448077,0.911484225,1.0,1.0045155869394886
CPD,2,0.0005713536864454743,1732.3121722001163,3480.2537319543762,34.68111533944554,3470.6243444002325,0.77070345,1.0,1.0032183657292904
CPEB2,2,7.857636670616488e-5,269.178377149371,541.4037924830491,13.414535160066205,544.356754298742,0.92764335,1.0,1.0041887670928353
CPEB3,2,0.0001795862270535915,377.3413749763084,757.8255001443991,16.299259542533257,760.6827499526167,0.917926575,1.0,1.0046312797029724
CPEB4,2,0.0009520886362372354,1958.66158177781,3921.5371835254396,36.020112066078305,3923.32316355562,0.787839725,1.0,1.0090734732246052
CPED1,2,3.5489025828568952e-6,72.74762043636495,147.94129746076726,6.325892698333444,151.4952408727299,0.9608839,1.0,1.002643900098827
CPM,2,1.4097486932806582e-5,760.5687971608419,1524.6968051636447,23.935603369277363,1527.1375943216838,0.868215575,1.0,1.0021332809801418
CPN1,3,2.271035557698826e-6,59.98324478580155,122.34640192593271,5.680566820042676,125.9664895716031,0.96403095,1.0,1.0029889096384395
CPNE3,3,0.005718266067501079,8075.861975757437,16183.32129746001,13.019507359410483,16157.723951514874,0.436667175,1.0,1.0069436394559084
CPNE5,2,3.252043526253721e-7,25.436220276991236,53.17467453647808,3.639496123310039,56.87244055398247,0.973563825,1.0,1.002896748911917
CPNE8,2,0.0006048554301077117,2071.471976121469,4147.490316429587,36.6728117973253,4148.943952242938,0.784296675,1.0,1.004219337228505
CPNE9,2,0.00032200597330552173,477.2296715772906,959.5090888779922,18.63850171415787,960.4593431545812,0.895599475,1.0,1.0041573454746082
CPOX,2,0.006281086117627891,9640.11355592828,19286.237636458507,10.067585340011911,19286.22711185656,0.39817595,1.0,1.005522857370404
CPO,2,9.764693522063817e-9,2.5925261301079434e-5,1.2060450799987614,8.090167070589817e-15,6.000051850522603,0.982401675,1.0,1.0017161780630457
CPPED1,2,0.0001537445949704687,1469.637482322345,2943.389451662414,32.834643076288124,2945.27496464469,0.815978425,1.0,1.0019493457113238
CPQ,3,5.118974131561448e-5,683.3643911831448,1374.0456829220066,22.432371843748783,1372.7287823662896,0.869578725,1.0,1.0026514553642938
CPSF2,2,0.0002840193048624017,2867.228497046647,5739.394080800279,38.04190460126252,5740.456994093294,0.72091735,1.0,1.0026257111760877
CPSF3L,2,0.001200675320453807,5271.998958187658,10588.33974843349,25.76801440636423,10549.997916375316,0.541151525,1.0,1.004111237539535
CPSF3,2,0.0006181875645135663,3441.9346216280132,6888.8014659771625,36.72921746886743,6889.8692432560265,0.691628625,1.0,1.0054641821975352
CPSF4L,3,3.2344380340489553e-7,25.436215602733057,54.09996831809069,3.6294964262215967,56.872431205466114,0.973386875,1.0,1.0020616460486889
CPSF4,2,0.00047653262335352407,3214.5151527029175,6435.111867465419,37.517368330609244,6435.030305405835,0.6895033,1.0,1.0031382721882014
CPSF6,2,0.001038527344989392,5971.410543740202,11957.538494931176,22.745087032597876,11948.821087480404,0.518537725,1.0,1.0040537703775316
CPSF7,2,0.0009388204798086295,2105.493715677122,4215.018966718633,36.71466308534286,4216.987431354244,0.77617755,1.0,1.0056542198864935
CPT1A,2,9.894305443413062e-5,2196.669460520144,4398.103653970167,37.037613460977035,4399.338921040288,0.75387085,1.0,1.0038024989715357
CPT1B,2,2.5900774816840153e-5,169.60078254901924,350.9609561998336,10.26631365035738,345.2015650980385,0.93940645,1.0,1.0031439114099852
CPT1C,2,0.0015932540830866477,3806.9810849369533,7621.378436867397,35.6914655241882,7619.9621698739065,0.646848375,1.0,1.0009709121148973
CPT2,2,5.050797997860012e-5,2250.285272216616,4504.028138403572,37.207230373693434,4506.570544433232,0.77941415,1.0,1.0028980938534993
CPXM1,2,1.279284554278015e-6,46.71353126253627,95.86803682838377,4.9529646125824724,99.42706252507254,0.967209675,1.0,1.0040415370311984
CR2,2,1.2819206887619284e-5,126.02525647744106,269.99300605640957,8.649698592543102,258.05051295488215,0.947862225,1.0,1.002407109776628
CRADD,2,0.00011013661047504378,2331.489815899058,4667.601292102285,37.42899348767112,4668.979631798116,0.75335775,1.0,1.0034363700173428
CRAMP1L,2,2.5457272117571935e-5,785.0125680882478,1573.0020095128698,24.29228800611057,1576.0251361764956,0.87682145,1.0,1.0039699891221134
CRAT,2,0.00048140193619074646,1589.8316188317997,3184.559203432595,33.619156446602645,3185.6632376635994,0.796653825,1.0,1.006572134795823
CRB1,2,6.578039354672017e-5,250.08622599032088,503.14867884745655,12.855671124328666,506.17245198064177,0.930381425,1.0,1.0050358905698513
CRB2,2,5.753243051048725e-7,32.764231528711676,68.15633837648474,4.11225198555869,71.52846305742335,0.971153475,1.0,1.0049145138389877
CRB3,2,0.001681923851809565,5732.105495371636,11469.642475167191,26.37692371057897,11470.210990743271,0.5786173,1.0,1.0029376155551435
CRBN,2,0.0008691526975264514,3935.899011773075,7874.830320048126,33.96903867637276,7877.79802354615,0.71245935,1.0,1.0047198167925875
CRCP,2,0.0005107536430712067,3248.5729510332358,6501.982925895091,37.48825450299846,6503.1459020664715,0.7047022,1.0,1.0021812655619773
CREB1,2,0.0003154370846540252,2811.677513097537,5627.450992896438,37.96167015797493,5629.355026195074,0.751568975,1.0,1.00370128104422
CREB3L1,2,8.892859871904674e-7,39.83955227512031,82.13601376715185,4.548963786868405,85.67910455024062,0.969115775,1.0,1.0025649147150244
CREB3L2,2,0.0004390668436666745,3032.4734573914225,6069.036523670939,37.715035924839576,6070.946914782845,0.727708725,1.0,1.0069439236561604
CREB3L3,2,4.295603742947263e-6,78.97397361108673,160.62397331289156,6.6258148426807875,163.94794722217347,0.959150825,1.0,1.002336129370603
CREB3L4,2,0.0006168336952666526,2489.589908413547,4985.763349586473,37.834447492078716,4985.179816827094,0.72854315,1.0,1.0100268724909014
CREB3,2,0.0008596024434613563,4523.670372017807,9052.356490809245,31.98712615627394,9053.340744035613,0.612247,1.0,1.001159447753841
CREB5,2,4.10868829396384e-5,205.73354542523845,414.37885943074235,11.48196728640481,417.4670908504769,0.936180075,1.0,1.002648287455696
CREBBP,2,0.0002933037247904449,2815.484629464713,5635.297611613269,37.995050976007946,5636.969258929426,0.760984175,1.0,1.0041871650410414
CREBL2,2,5.45396622537199e-5,2214.278055568453,4436.484812675867,37.08576613380302,4434.556111136906,0.7464181,1.0,1.0037795919272878
CREBRF,2,0.00013694127330426888,2140.8897461723345,4286.100295842303,36.879613838851604,4287.779492344669,0.763666875,1.0,1.0014840749519156
CREBZF,2,0.00010017634669235307,2297.5322289000114,4598.481610909393,37.335118213077976,4601.064457800023,0.782236925,1.0,1.0057898710862279
CREG2,2,7.987539440962594e-6,103.03945419575186,208.72863167005767,7.70866208276113,212.07890839150372,0.95385085,1.0,1.0044638422111456
CRELD1,2,0.0002821490525958835,2199.020073518215,4487.672523066386,37.01985914019157,4404.04014703643,0.7286058,1.0,1.0040349241500919
CRELD2,2,0.002688341623698578,6095.814033444689,12312.837312707867,23.743400473888325,12197.628066889378,0.507963575,1.0,1.0064875782843332
CREM,2,0.0007579915621449013,3268.4461608206648,6541.589443013858,37.553633870439015,6542.8923216413295,0.695976425,1.0,1.0029201930288638
CRIM1,2,0.0002616304496391939,1529.498719433599,3063.6545267666907,33.22322227126847,3064.997438867198,0.803525575,1.0,1.002432366060122
CRIPAK,2,0.00017011601153756222,703.4510595420613,1411.028373705474,23.07096440048208,1412.9021190841227,0.87525085,1.0,1.0048366190723546
CRIPT,2,0.0031427176101679302,7550.021396494911,15104.864891626574,14.614564002555401,15106.042792989821,0.469002825,1.0,1.0076132525225419
CRISPLD2,2,0.00014585529371956353,346.78169746379166,697.195264112335,15.52630742724743,699.5633949275833,0.9138738,1.0,1.0032778060618177
CRKL,2,0.0006273051362931761,1618.289359079709,3241.0098473391076,33.820165405721234,3242.578718159418,0.810539925,1.0,1.003061725057986
CRK,2,0.002401879128578038,5498.253232886242,11000.78652298857,24.901362313315243,11002.506465772483,0.607917475,1.0,1.0047364393171185
CRLF3,2,0.0001233217079804443,2402.039700185078,4808.062112337051,37.584928282367336,4810.079400370156,0.755489125,1.0,1.0053997346150907
CRLS1,2,0.0008703997647365549,5006.52495592316,10019.690816250335,29.10733697941824,10019.04991184632,0.606803775,1.0,1.010353005793239
CRNDE,2,0.0006994051189170293,4137.405761706501,8289.936312455244,36.387281721000576,8280.811523413002,0.62855925,1.0,1.0075173320881867
CRNKL1,2,0.0004853762949288708,3319.5354998903063,6642.779443066219,36.946503522883916,6645.0709997806125,0.7268237,1.0,1.0059995330552893
CROCCP2,2,0.0003909000814213706,1682.5139780897953,3368.179695669234,34.39933532012254,3371.0279561795905,0.8167885,1.0,1.0069673231649676
CROCC,2,7.824972657510136e-5,2342.9432953892087,4690.43753194105,37.45818957501222,4691.8865907784175,0.747026675,1.0,1.0017263997796673
CRTC1,2,5.3708048921750726e-5,1023.4936164966249,2050.4543795332143,27.927042237154154,2052.9872329932496,0.854638525,1.0,1.004684678603912
CRTC2,2,5.1257012336540766e-5,1049.1466937166085,2101.6944415870244,28.182049007473783,2104.293387433217,0.84774175,1.0,1.0023211784608181
CRTC3,2,0.0006161064297739355,2018.2637243184704,4039.5055590605116,36.391141550795346,4042.527448636941,0.80864025,1.0,1.0033735896091263
CRY1,2,0.00014515777846468402,1019.6425146959651,2044.2110583320293,27.60536248009878,2045.2850293919303,0.838614975,1.0,1.003761523441176
CRY2,2,1.4352341814188738e-5,753.6784105836979,1510.3127529310418,23.816740201023762,1513.3568211673958,0.88003845,1.0,1.0029610467416765
CRYBB2,2,2.220203915312129e-5,158.96178484689818,321.05107515170863,9.89054637577353,323.92356969379637,0.9425856,1.0,1.0040018827457344
CRYBB3,2,5.676704597587518e-7,32.76421120775228,68.72162749314509,4.10859832571746,71.52842241550456,0.9710184,1.0,1.0028213055287645
CRYBG3,2,0.00011158595969114885,1131.4479904408347,2266.3220433639253,29.330907676254167,2268.8959808816694,0.85258365,1.0,1.0061553536844918
CRYM-AS1,2,3.6871616316445708e-6,407.76877879968526,818.4746216150093,16.93700623034557,821.5375575993705,0.9085767,1.0,1.0056218633229255
CRYM,2,7.994972911552355e-5,2102.5349031684245,4214.937701115713,36.67940392395897,4211.069806336849,0.7443649,1.0,1.0045941074425528
CRYZL1,2,0.0020839509507832627,4331.600604557616,8668.450798850285,31.777510617433137,8669.201209115232,0.65517055,1.0,1.0029796861946443
CSDC2,2,1.7399227118504678e-6,53.42006228629016,109.23474545889147,5.327682846722776,112.84012457258032,0.965525425,1.0,1.003150088187439
CSE1L,2,0.002596267757286693,3742.6812286016825,7491.209069136536,36.368460715350196,7491.362457203365,0.6496306,1.0,1.0060775265209798
CSF1R,2,3.1477269704439923e-9,8.357215106528799e-6,1.2502216006331017,1.1441223993092332e-14,6.000016714430213,0.982543175,1.0,1.0014541799045988
CSF1,2,0.00014132406450866782,342.35538015750535,687.8298586722988,15.412302883165987,690.7107603150107,0.922140525,1.0,1.0028201688761416
CSF2,2,5.67819438282949e-7,32.76345766884798,67.75464806783634,4.120640326040914,71.52691533769595,0.9719444,1.0,1.0017024302024078
CSGALNACT1,2,5.110972694201414e-6,85.10928565810934,172.84065406236326,6.912938028241066,176.21857131621869,0.9576679,1.0,1.0029377278319942
CSGALNACT2,2,4.951596659350799e-5,892.1130342174001,1787.552728670107,25.925279000436948,1790.2260684348003,0.8597844,1.0,1.0033026629225907
CSK,2,0.0003709812204395047,2898.799043117162,5802.264181453938,38.08478789813341,5803.598086234324,0.713044325,1.0,1.004956953290637
CSNK1A1L,2,2.4017171849727805e-5,164.30052294231118,331.796805293906,10.081026335815919,334.60104588462235,0.9413922,1.0,1.002355062141706
CSNK1D,3,0.001268143463324797,6137.810576341489,12281.24625443081,21.126277078701186,12281.621152682977,0.5617392,1.0,1.0058235474368384
CSNK1G1,2,0.0008632965743348896,1997.3277222634958,3998.107116349293,36.22533124363396,4000.6554445269917,0.80916915,1.0,1.0019874384469776
CSNK1G2,2,0.0012345844841669931,4727.069602070749,9475.24071303555,32.67205367389622,9460.139204141498,0.59091125,1.0,1.0092294160844772
CSNK1G3,2,0.0011087547921192445,4534.77679684834,9073.877952809906,32.163043724808155,9075.55359369668,0.6346171,1.0,1.0070790822656666
CSNK2A1,2,0.001456740302337122,6088.831248372542,12182.167272268533,22.220612658118693,12183.662496745084,0.5426545,1.0,1.008068028223943
CSNK2A2,2,0.001079975353204688,1885.2317370402927,3775.400087590527,35.616570357787715,3776.4634740805855,0.7838701,1.0,1.0067784066160859
CSNK2A3,2,4.922210593247909e-5,612.9687940351993,1229.8260284136484,21.370520590707294,1231.9375880703985,0.88470465,1.0,1.0054837382214277
CSPG4,2,1.7275153817941673e-5,683.3301159781163,1369.9203089089776,22.554722731641412,1372.6602319562326,0.87772525,1.0,1.0018041093685208
CSPG5,2,9.369872808224096e-6,583.6131872872562,1171.7875507447166,20.704101391705393,1173.2263745745124,0.883181,1.0,1.0055851642191078
CSPP1,3,0.0008544687000958172,4689.985053423239,9384.615266511064,31.10323059600653,9385.970106846478,0.620632675,1.0,1.003376467104835
CSRNP1,2,0.00015082646903601213,2238.386250651828,4480.185319388973,37.162464355389105,4482.772501303656,0.811983625,1.0,1.002919847620487
CSRNP2,2,8.150266638596488e-5,956.7263122826708,1916.9278329844417,26.815825921654064,1919.4526245653417,0.865164525,1.0,1.0028862622686965
CSRP2BP,2,6.424372745049829e-5,1091.6691463504606,2186.3167862348837,28.714299837162553,2189.338292700921,0.85547975,1.0,1.0052875903515137
CSRP2,2,0.0023684882242726744,4745.1303312474865,9498.53715871661,32.810843769421616,9496.260662494973,0.597366025,1.0,1.0088950343946421
CSTA,2,0.003519172822693598,4251.428932853493,8509.69675797229,40.467825072289884,8508.857865706987,0.650804525,1.0,1.0040482523882444
CSTF1,2,0.0007282184792838909,3233.1716302142218,6470.482439196259,37.368889747472856,6472.3432604284435,0.739494925,1.0,1.0052181501464474
CSTF2T,2,0.0009862794634792717,2147.552664716488,4298.138676366807,36.86784946990164,4301.105329432976,0.803394075,1.0,1.0017206127856841
CSTF2,2,0.0011792782145343993,2035.0702412795672,4075.353623922705,36.385709137764074,4076.1404825591344,0.76418745,1.0,1.0064206478917987
CSTF3-AS1,2,2.8748365827532574e-6,66.4211040918188,135.369421888109,6.01169716772266,138.8422081836376,0.9621652,1.0,1.0031893886466006
CSTF3,2,0.0006884427607195732,4152.139131887206,8308.785255433299,34.65486763300069,8310.278263774411,0.644731675,1.0,1.006263263152417
CS,2,0.0008244851579795591,4435.850287482026,9097.212205012234,33.067362566599236,8877.700574964052,0.58326975,1.0,1.0030262543715127
CT62,2,1.2772985095656543e-6,46.71352598958756,95.70021433281933,4.955439324304494,99.42705197917512,0.968395625,1.0,1.0023272408404391
CTAGE1,2,4.294356674096801e-6,78.97397030011894,160.50604505341423,6.626395322041544,163.94794060023787,0.9591057,1.0,1.0055554549302985
CTAGE9,2,7.987383785715252e-6,103.03945378248719,208.6718799541077,7.7083843661291125,212.07890756497437,0.954111425,1.0,1.0025098105054622
CTB-118N6.3,2,6.9589580406890656e-6,97.13606103325554,197.1087697918157,7.452958895527432,200.2721220665111,0.955,1.0,1.0026550430847168
CTB-178M22.2,2,3.9697821393125164e-5,564.2325501025481,1132.7195403328296,20.180875712735123,1134.4651002050962,0.886308625,1.0,1.0028594111175908
CTBP1-AS2,2,9.779396296820368e-5,1300.5552202630213,2604.3759647700144,31.200073171176808,2607.1104405260426,0.845209275,1.0,1.0026457541129172
CTBP1,2,0.0026682986493065594,5193.566363960207,10392.659301922537,28.990786309196384,10393.132727920414,0.58056905,1.0,1.0032175897748208
CTBP2,3,0.0036504067826144565,6442.166806362459,12889.438289575097,21.34212656279246,12890.333612724919,0.53754655,1.0,1.0068488473708874
CTBS,2,0.0013230527638683094,3295.464526341432,6597.720477483857,37.43614629266035,6596.929052682864,0.6724892,1.0,1.0047017938582956
CTC1,2,0.00015120064120095089,1343.7893370094696,2691.5154580201624,31.533967102338405,2693.578674018939,0.819175275,1.0,1.00277205914067
CTCF,2,0.0019103632564716779,5776.225012893435,11557.142217798897,25.313153963856678,11558.45002578687,0.585568525,1.0,1.0070742968442319
CTD-2201I18.1,2,4.419085990911439e-9,1.173267330586987e-5,1.9441532536030657,8.090167070589817e-15,6.000023465346612,0.982280325,1.0,1.00271575971403
CTDNEP1,2,0.0027972920817066777,7024.0226543828485,14052.776890572348,18.661953759855667,14054.045308765697,0.490706925,1.0,1.0032361644642185
CTDP1,2,0.00042873594259425137,1309.3649004542885,2621.948682236087,31.418761538337197,2624.729800908577,0.856758475,1.0,1.0052738838814728
CTDSP1,2,0.0005542609039229017,3483.0782742401525,6969.892877725944,36.38073511741364,6972.156548480305,0.71726085,1.0,1.0035710053423657
CTDSP2,2,0.002549611104138373,3869.7984360534438,7744.2248448646715,35.89560100354721,7745.5968721068875,0.670719,1.0,1.0108752700875896
CTDSPL2,2,0.00037808726116519346,2826.0663007439916,5656.697231959654,38.250421933258345,5658.132601487983,0.723751025,1.0,1.0103742264317428
CTDSPL,2,0.00043029321566788096,1740.3291349261478,3483.9017715947516,34.803152188478386,3486.6582698522957,0.80795085,1.0,1.0036486706176493
CTGF,2,0.0009924896091956968,1051.5535724582467,2108.740949178365,26.735191779302536,2109.1071449164933,0.843510625,1.0,1.0014908501098134
CTHRC1,3,0.0030854526693812993,5277.667107239876,10575.229589275948,28.818871951407193,10561.334214479752,0.563870125,1.0,1.0070293721919112
CTH,2,0.00018325819076386897,1432.1580092243673,2868.7006614997986,32.52922051884706,2870.3160184487347,0.819848125,1.0,1.0034658796044904
CTIF,2,0.00012096747243783692,565.6003346613722,1136.1820314083127,20.037676908874207,1137.2006693227445,0.885101025,1.0,1.0037674009684505
CTNNAL1,2,0.002617678214531111,7691.6965998650985,15394.693967271878,17.841036894904278,15389.393199730197,0.48104145,1.0,1.012764145560517
CTNNBIP1,2,0.0019109520050476546,5239.145121864151,10485.065922474718,27.101105224782902,10484.290243728303,0.575730025,1.0,1.0042294122768105
CTNNBL1,2,0.0007401920399211462,3733.0308437823505,7470.28018030501,35.02721475203949,7472.061687564701,0.702636175,1.0,1.0045519340597795
CTNND1,2,0.001701299712290413,4015.9235909512486,8035.177167077732,33.66461995577328,8037.847181902497,0.700881675,1.0,1.0045655569105056
CTNS,2,4.483164209705266e-5,943.4442529909476,1890.0988340504787,26.709605129273317,1892.8885059818952,0.85726965,1.0,1.003845049660051
CTPS1,2,0.0006506903995894208,2073.6767831930797,4151.022270545365,36.639374937689745,4153.353566386159,0.7887305,1.0,1.0030756341558986
CTPS2,2,7.062209453025793e-5,1182.5706189356624,2369.702080153846,29.842306491404685,2371.141237871325,0.829088875,1.0,1.0038160877742732
CTR9,2,0.002484588562771664,5066.623129952914,10137.909230304169,29.163886702879008,10139.246259905827,0.5897055,1.0,1.010568347893413
CTRL,2,1.0275847533188491e-5,114.65031457499467,232.0336519238245,8.194494341395105,235.30062914998933,0.9513238,1.0,1.0068305650705378
CTSC,2,0.000308487825527668,4156.052083096269,8318.605200224258,34.807017192993364,8318.104166192537,0.6320737,1.0,1.005059343439484
CTSO,2,1.1262574760191946e-5,521.9153100161682,1049.807101912649,19.426264978829547,1049.8306200323364,0.88868985,1.0,1.0024165554806088
CTSS,2,1.73878773551954e-6,53.42005927292801,109.52906421270212,5.327061654516195,112.84011854585601,0.965322775,1.0,1.002407005204548
CTSW,2,3.3930067673186663e-9,9.008432967231059e-6,2.5021133223114855,1.1441224035714212e-14,6.000018016865934,0.9820444,1.0,1.0033090613373896
CTTNBP2NL,2,0.0008301117053742022,2683.372775990643,5371.6045076012215,38.22062511720067,5372.745551981286,0.75476695,1.0,1.0027982011592897
CTTNBP2,2,0.00028450620418440296,1383.315706353814,2770.397554102445,31.821723191577743,2772.631412707628,0.83188015,1.0,1.0030353976100854
CTU1,2,0.0011245622788942896,4554.540210008103,9113.827519810735,31.037038797495132,9115.080420016206,0.6637245,1.0,1.0049341959585847
CTU2,2,0.0013901627827380002,3641.9934305792576,7290.548865237866,36.70088226179918,7289.986861158515,0.65995435,1.0,1.0013291819031802
CUBN,2,1.8799213443439885e-5,148.15829415428337,302.49109659827405,9.495922726395822,302.31658830856674,0.943886075,1.0,1.0030614594966902
CUEDC1,3,0.0005124079510163341,2829.699947104326,5664.47754374966,38.15067479147994,5665.399894208652,0.7086793,1.0,1.0069517699083324
CUL1,2,0.0005924935677925154,3211.3545395962697,6427.10736505209,37.529524329848584,6428.709079192539,0.710147825,1.0,1.004195443949106
CUL2,2,0.0009167748789397958,2163.0712099229104,4329.419682733905,36.940902971408214,4332.142419845821,0.78369305,1.0,1.0029540244425996
CUL3,2,0.0006199249688962009,4448.872693535924,8902.240627370462,32.07396379773505,8903.745387071847,0.6387822,1.0,1.0054976672659965
CUL4A,2,0.0015004261785355293,4107.96560717399,8224.537709550978,33.24821362197052,8221.93121434798,0.639094025,1.0,1.0023799711277912
CUL4B,2,0.00040348884107057085,1660.789961527774,3325.7675897928293,34.226980247967354,3327.579923055548,0.79523115,1.0,1.0017209221187264
CUL5,2,0.0009465457093281218,4805.649449217912,9618.590237580556,31.08267142163204,9617.298898435824,0.631259525,1.0,1.0052055426757587
CUL7,2,0.00015753960771328803,1416.0478795850445,2837.104589869867,32.265251308371575,2838.095759170089,0.80977695,1.0,1.003503228429788
CUL9,2,1.7792537710815915e-5,683.3314896323519,1388.9841887427847,22.54660546978253,1372.6629792647038,0.867789225,1.0,1.0032446519520326
CUTC,3,0.001656082459624469,4030.2068847496403,8065.142334723259,35.80273645727787,8066.4137694992805,0.64212585,1.0,1.0035310169816651
CUX1,2,0.0018575074165740682,3957.5121954330675,7920.210459854332,35.00511591716695,7921.024390866135,0.6713208,1.0,1.003469322833455
CWC15,2,0.0042489488135477186,7986.375616787309,15977.737966972778,13.243665294319259,15978.751233574618,0.48554165,1.0,1.0046329186390068
CWC22,2,0.0018447751260023755,3900.464329982099,7805.471829216411,35.32099137513746,7806.928659964198,0.694704825,1.0,1.0072268703648486
CWC25,2,0.0005787170542738369,3594.1443066008133,7191.235829195445,35.82042664578892,7194.2886132016265,0.7426352,1.0,1.002588474356886
CWC27,2,0.0027699345947706402,5945.413141333683,11895.977120475543,22.725952599917434,11896.826282667365,0.53063185,1.0,1.006698353179321
CWF19L1,3,0.00039791124509420825,1551.4048048429208,3108.046035557506,33.336362174956626,3108.8096096858417,0.797291475,1.0,1.006675561724805
CWF19L2,2,0.00047690397117824106,2736.7636116139333,5477.925654438765,38.16888267822137,5479.527223227867,0.72478965,1.0,1.0013195089241664
CX3CR1,2,3.1942075745926966e-7,25.43620492154607,53.099534554122116,3.646689105827586,56.87240984309214,0.973905225,1.0,1.0040923324197535
CXADR,2,0.0008334554699169462,3768.284518988137,7539.87739614153,35.0069416237324,7542.569037976274,0.7107621,1.0,1.0055788196266973
CXCL17,2,4.606944184212906e-5,215.77781807636316,434.440343522455,11.803292852765443,437.5556361527263,0.9369205,1.0,1.0028824597470682
CXCL1,2,4.360736740832387e-5,210.74359189572593,424.2549730825111,11.643831757424573,427.48718379145186,0.9409366,1.0,1.0044174287581433
CXCL2,2,2.993814611430667e-5,180.0641686679489,362.7756056304706,10.630841442042836,366.1283373358978,0.94555385,1.0,1.0024312915244642
CXCL3,2,5.13547309849667e-5,225.70375930671312,454.2745703383067,12.114799009727731,457.40751861342625,0.937438375,1.0,1.001263881227145
CXCR4,2,5.683114714002734e-7,32.76421290963819,67.76476561971344,4.1184198296672525,71.52842581927638,0.971536875,1.0,1.00201367203427
CXXC1,2,0.0014611865067070114,4033.8768966528733,8074.804812042495,33.92258908811346,8073.7537933057465,0.6486417,1.0,1.0060212397142179
CXXC4,2,4.521110121781368e-5,729.7122481599457,1463.016675227828,23.277750135980078,1465.4244963198914,0.87827615,1.0,1.0018875406663847
CXXC5,2,0.003185015876874367,6175.074691530761,12355.437484244929,21.607420073129223,12356.149383061522,0.542965175,1.0,1.00367359240987
CXorf23,2,0.00020449161472574424,1347.358761815192,2698.3525472990555,31.513315176304015,2700.717523630384,0.82324895,1.0,1.0020728445451133
CXorf38,2,6.970038305928075e-5,1188.3392331775954,2381.8616647173544,29.913311967999064,2382.6784663551907,0.829374525,1.0,1.0020093973082695
CXorf40A,2,8.11136981894688e-5,959.891512567479,1923.2739751394379,26.86276709746416,1925.783025134958,0.856665475,1.0,1.0036313570858675
CXorf40B,2,0.0008231840326017228,2036.2155247320104,4075.858367707109,36.42777374663044,4078.431049464021,0.790939225,1.0,1.0032086543006946
CXorf56,2,0.0004187675841631699,1893.722909981673,3795.015743825557,35.81427883126627,3793.445819963346,0.77543155,1.0,1.006293344041415
CXorf57,2,0.00020583641834654595,398.74264952848944,806.4095001506831,16.821419123919604,803.4852990569789,0.903651875,1.0,1.0044514458880955
CXorf58,2,6.958373282110075e-6,97.13605948072153,196.9645261614007,7.453212321781082,200.27211896144306,0.955070225,1.0,1.0022757627054326
CYB561A3,2,0.002433281560290277,2947.4859703172892,5903.406719235625,38.16588834548115,5900.9719406345785,0.685932,1.0,1.003267570646912
CYB561D1,2,3.5229568828012433e-6,420.4050562803015,843.618315825993,17.238213737299045,846.810112560603,0.912495675,1.0,1.002912708226335
CYB561D2,2,0.0008306736153658502,2114.484874341392,4232.312058046701,36.76912812534859,4234.969748682784,0.78733745,1.0,1.0047118854297143
CYB5A,2,0.0007942529115810655,4396.734032691308,8804.565347014797,34.2536866839267,8799.468065382616,0.6255162,1.0,1.0037214705599407
CYB5B,2,0.01010576686035916,14732.220179396032,29469.977170914586,4.122749444055656,29470.440358792064,0.29441745,1.0,1.0030083291655312
CYB5D1,2,0.0002066277502379446,1432.8769150314272,2868.9276030510787,32.374988517762795,2871.7538300628544,0.83065475,1.0,1.0044685234719435
CYB5D2,2,0.001180228172023223,3789.4659201625254,7584.10593259247,35.47479622377651,7584.931840325051,0.675167875,1.0,1.005182769874558
CYB5R1,2,0.0004543782154342784,1893.4086713997751,3824.698293415968,35.861165030254206,3792.8173427995503,0.7549026,1.0,1.0044312876723176
CYB5R2,2,0.0005768431706267509,1871.876977849342,3749.7580807172258,35.603116526432494,3749.753955698684,0.776643825,1.0,1.0022313059148638
CYB5R4,2,0.0004368232413570332,2840.0066380458957,5685.505035810532,38.06247432552471,5686.013276091791,0.70593495,1.0,1.0018267139057675
CYB5RL,2,4.458696619699505e-5,740.2807049661005,1484.8377967467334,23.45979664380568,1486.561409932201,0.86681455,1.0,1.0039551813694818
CYBB,2,1.7189655464118977e-5,142.69870361576272,288.7587689853152,9.293341003807932,291.39740723152545,0.94537915,1.0,1.0035945149510725
CYBRD1,2,0.0008658073048398552,2250.5198011188218,4507.7753812808405,37.273470010982564,4507.0396022376435,0.762191775,1.0,1.004376235068849
CYFIP2,2,0.00022581396964682133,2096.009357768157,4209.964857209057,36.64373732490531,4198.018715536314,0.74109825,1.0,1.0051839552374586
CYGB,3,6.957880876641405e-6,97.13605817338501,197.00746008497796,7.452889608094041,200.27211634677002,0.955055975,1.0,1.001482007713662
CYHR1,3,0.0012325290046296144,4750.355217027748,9505.320189518185,31.09926296162392,9506.710434055496,0.605814525,1.0,1.0042953440618998
CYLD,2,8.508089086525427e-5,1086.136047904518,2175.667106540217,28.59692813006894,2178.272095809036,0.844576075,1.0,1.0061529603324841
CYP11A1,2,2.9882043776699103e-5,180.09148930438323,362.96038647739874,10.63091338968566,366.18297860876646,0.941407425,1.0,1.004560583768488
CYP19A1,2,1.7403860936078024e-6,53.42006351656873,109.20023427610037,5.327926507521773,112.84012703313746,0.9657427,1.0,1.0023545644164376
CYP1A1,2,0.0039883422857546836,5047.861975911491,10100.68636501466,38.206783109474564,10101.723951822982,0.612353325,1.0,1.0042185418119978
CYP1B1,2,0.006437121651820237,5054.282385693223,10113.694919105774,36.44135515472478,10114.564771386445,0.60312255,1.0,1.0043460960004005
CYP20A1,2,0.000324566876989641,1733.3789060427378,3469.9319242117317,34.90486311579824,3472.7578120854755,0.82791745,1.0,1.0034593042140048
CYP24A1,2,0.003883692656215633,5271.255862759169,10548.64031859901,34.82253039109159,10548.511725518338,0.5956089,1.0,1.002309924430798
CYP26A1,2,1.0262415052786949e-5,114.6502789117592,232.04109860379043,8.194461133360685,235.3005578235184,0.9513579,1.0,1.0055852543961394
CYP26B1,2,0.00018986983113965773,385.94280004924434,775.4172060251723,16.51121604622451,777.8856000984887,0.909719875,1.0,1.0026696491400373
CYP27A1,2,2.277347632635475e-6,59.98175253620402,122.38872955676182,5.678987132403426,125.96350507240804,0.96399075,1.0,1.0032656128869473
CYP27B1,2,0.0002848323221366655,1470.6594612509289,2945.6646313505166,32.67124255659774,2947.3189225018577,0.807558775,1.0,1.0046952912580016
CYP2C8,2,2.2709668777252876e-6,59.98324460345622,122.4011197931644,5.679344444734244,125.96648920691244,0.96391445,1.0,1.003621158070123
CYP2E1,1,1.4204722107249363e-5,131.63229819028751,265.98486973872787,8.871784392983903,269.26459638057503,0.9486908,1.0,1.008820126873281
CYP2J2,2,3.6390503076503573e-5,195.5715594292191,394.2483212460623,11.149847129957514,397.1431188584382,0.936315,1.0,1.0027567357124003
CYP2R1,2,0.0005749244814821922,1871.5496919749037,3746.2889858452154,35.600721921116595,3749.0993839498074,0.8062133,1.0,1.0025914954913202
CYP2S1,2,0.0003372434322435057,1334.6665760530832,2673.9416027589136,31.279587215036674,2675.3331521061664,0.817627875,1.0,1.0040941590151906
CYP2U1,2,6.202326488397727e-5,1140.8681611865022,2285.4057522445532,29.405059466837592,2287.7363223730044,0.842744775,1.0,1.0015231034026868
CYP39A1,2,4.8666032676488635e-5,220.75788059783065,444.4922067578994,11.960053532750234,447.5157611956613,0.933609,1.0,1.0009923773885947
CYP3A43,2,8.940638899888882e-7,39.83862236147283,82.04510283508571,4.547841494305343,85.67724472294566,0.969234925,1.0,1.0037605044028424
CYP3A5,2,6.957583140038185e-6,97.13605738289432,196.8155648444761,7.453415936184179,200.27211476578864,0.9556402,1.0,1.0026576816890858
CYP46A1,2,1.332344687335117e-5,445.2758340838023,894.1379899552722,17.737765095133074,896.5516681676046,0.901074325,1.0,1.0032076730508694
CYP4F11,2,8.876125765972691e-5,739.8212975903992,1485.1644170708405,23.35073831173013,1485.6425951807985,0.86452485,1.0,1.001368905783947
CYP4F22,2,4.272781104617856e-6,364.75190577537705,732.9144952405112,15.878586099069329,735.5038115507541,0.910701925,1.0,1.0028297053449573
CYP4F2,2,5.119600254431151e-6,311.0767168177068,630.5947075590052,14.478360151631206,628.1534336354136,0.916611775,1.0,1.0024898915490865
CYP4F3,2,1.721126619542422e-5,142.69876099225434,290.00894847873957,9.292964076243031,291.39752198450867,0.945052075,1.0,1.0014586097298586
CYP4V2,2,0.00022796978881039473,873.5254076118578,1751.3224931308864,25.86853128274992,1753.0508152237155,0.8600413,1.0,1.0035270998693198
CYP51A1,2,0.0002581836160729311,1611.8638652999975,3230.078231882875,33.92910153077544,3229.727730599995,0.795415575,1.0,1.0052891222299614
CYR61,2,0.004179873371008975,8349.515022754194,16704.624609121278,20.61249468633104,16705.03004550839,0.48847625,1.0,1.0004954074494692
CYS1,2,0.00013724896699193737,1397.0932024135109,2798.5768025891157,32.10286332624507,2800.1864048270218,0.8154051,1.0,1.0028223454101908
CYTH1,3,0.0008030368675247849,1835.3191339619862,3675.0367314172936,35.33229678148142,3676.6382679239723,0.78477015,1.0,1.0027427045820605
CYTH2,2,0.0007787342321128396,4892.955985261524,9808.921861538332,28.148772208452566,9791.911970523048,0.573914775,1.0,1.0034712886085357
CYTH3,2,5.217142509537849e-5,862.6552991220726,1729.0025309409382,25.45946748754962,1731.3105982441452,0.85711955,1.0,1.0063008314672892
CYTH4,2,0.00015045926836670034,351.1923916519399,705.517266342706,15.64004173775426,708.3847833038798,0.918283625,1.0,1.004155873985493
DAAM1,2,0.0003417362682085467,2736.5464463047438,5477.71140626415,38.25175255372285,5479.0928926094875,0.721133525,1.0,1.0028165485170328
DAB2IP,2,0.00010042045846193528,804.0699845655419,1611.3799072467557,24.744591205231288,1614.1399691310837,0.88205175,1.0,1.0022114923480463
DAB2,2,0.0005742483737254509,1698.988284460893,3401.9684224804805,34.453021942831704,3403.976568921786,0.805018825,1.0,1.0057998875817973
DACT1,2,1.1504893609259374e-5,120.3655589006725,243.34122206126384,8.427044091063081,246.731117801345,0.951368725,1.0,1.0067168678489955
DACT3,2,1.174174434488719e-5,494.13783086500575,991.8739918958898,18.829065556873655,994.2756617300115,0.894166925,1.0,1.0012626185382443
DAG1,2,0.0007083425766487735,3245.7872268016404,6497.700407646437,37.77506104814848,6497.574453603281,0.6891182,1.0,1.0042637303958581
DAGLA,2,5.6888772293038976e-5,235.53870722735797,474.0356570256057,12.417343080732534,477.07741445471595,0.93237555,1.0,1.00308117084521
DAGLB,2,0.00022033357112749495,1292.6585413446037,2589.079634744353,30.908839496240887,2591.3170826892074,0.834280175,1.0,1.0048257704722734
DALRD3,2,0.0017434825387300488,5547.8098838100195,11103.16027830134,24.707800898374746,11101.619767620039,0.57702045,1.0,1.0122061371119042
DAND5,2,5.687368777668859e-7,32.764214039092096,67.90124328129069,4.110078200967245,71.52842807818419,0.97130095,1.0,1.0025851533387065
DAPK1,2,1.1817121120729227e-5,490.12761946632025,983.4253185341023,18.74401739099891,986.2552389326405,0.898700625,1.0,1.0027570649613393
DAPK2,2,2.0871805741149078e-5,598.8385586767581,1201.3268761831866,20.9388907704726,1203.6771173535162,0.88336635,1.0,1.0029240971785658
DAPK3,2,0.0014413447154821278,4032.53974433739,8069.460826985986,33.957379392694826,8071.07948867478,0.698286925,1.0,1.0056892697177648
DAPP1,2,1.2772552593909676e-6,46.713525874758346,95.71748557576593,4.9524891822573025,99.42705174951669,0.96752905,1.0,1.0028506393811991
DARS2,2,0.0001568871776804059,1218.775584865367,2445.126527681149,30.130256439678433,2443.551169730734,0.81762415,1.0,1.002432191791842
DARS,2,0.0021011997183509826,6685.837582100011,13378.792450201692,17.51144273243047,13377.675164200022,0.500063875,1.0,1.0060056205344288
DAW1,2,1.7389640820340155e-6,53.420059741128,109.2631958238797,5.326951319284404,112.840119482256,0.96555735,1.0,1.0030206730312206
DAZAP1,2,0.006285785952825196,6559.981088722858,13130.959335087662,21.294758019662847,13125.962177445715,0.499365325,1.0,1.0058830007585522
DBF4B,2,0.00022506551869347005,719.174090507152,1444.2990506590243,22.80568805884125,1444.348181014304,0.867388825,1.0,1.0028820389089907
DBF4,2,0.006504107146313342,5114.2527735709,10233.622264596612,38.501646356844276,10234.5055471418,0.6131074,1.0,1.0015708153897722
DBH-AS1,2,2.2773682174372107e-6,59.983261599013154,123.55007353993533,5.679241857669679,125.96652319802631,0.96342795,1.0,1.0025286683088235
DBN1,2,0.0018730095091174313,5531.889178151345,11075.742905151186,24.718330635545016,11069.77835630269,0.55052725,1.0,1.0027289865445521
DBNDD1,2,0.002118250270000498,4172.700423550709,8350.969183352112,34.38392295824786,8351.400847101419,0.622888275,1.0,1.003552644414873
DBNDD2,2,2.2724914270680407e-6,59.98324865113472,122.4042146326665,5.68012412356362,125.96649730226945,0.963866425,1.0,1.0017985011366686
DBNL,2,0.0012980860605366126,3945.150950997959,7898.331270549731,34.395006216988136,7896.301901995918,0.6489156,1.0,1.0027682800423254
DBP,2,0.004951676137664579,6005.000295728441,12015.168397544281,27.35284000249554,12016.000591456883,0.5578269,1.0,1.0019512188989013
DBR1,2,0.0003005766712717724,1587.9045871175008,3178.8438181423667,33.69706508591538,3181.8091742350016,0.829281925,1.0,1.0031283910581414
DBT,2,0.0005301756287675236,1823.5148689017656,3650.5048226152976,35.324937451888665,3653.029737803531,0.795244875,1.0,1.0067090250036437
DCAF10,2,0.00021931426407272633,2933.2883987211817,5869.892825063097,37.74990585941148,5872.576797442363,0.750784775,1.0,1.0036708207880214
DCAF12,2,0.0003731571976727936,2884.10790249644,5773.254576966757,38.02203264018659,5774.21580499288,0.7229434,1.0,1.0072687459261371
DCAF13,3,0.004537066099807228,7756.455040005048,15518.818791388043,14.158357879068518,15518.910080010097,0.46534795,1.0,1.003359943067898
DCAF15,2,0.00036205329834922454,2411.848242759401,4828.350010871492,37.683979337723194,4829.696485518802,0.7430545,1.0,1.0042449090154235
DCAF16,2,0.0007473806251880786,2648.636931849209,5301.804837938682,38.04972742587002,5303.273863698418,0.739791075,1.0,1.0041541575084967
DCAF17,2,0.00014303522334876688,888.7794146701791,1782.642431713906,25.698978767593726,1783.5588293403582,0.85018635,1.0,1.0015621502099803
DCAF4L1,2,1.7189745288177707e-5,142.6987038542456,288.41482747797784,9.293238186000053,291.3974077084912,0.945733875,1.0,1.0033457065125022
DCAF4,2,0.00019913042785702783,1366.2182094223035,2735.922346036226,31.714519867361663,2738.436418844607,0.8256242,1.0,1.0038418750704423
DCAF5,2,0.0005509653798224387,2241.1765205472934,4486.271603517481,37.17868588800194,4488.353041094587,0.7816583,1.0,1.0028046349332427
DCAF6,2,0.0013007807294417386,4013.516796881921,8032.323335119258,33.81534341465002,8033.033593763842,0.66522355,1.0,1.0073274611755612
DCAF7,3,0.0017657142320033755,6885.866293230025,13777.370073300586,18.481988079150227,13777.73258646005,0.487338575,1.0,1.0060600931602446
DCAF8,2,9.151492468921684e-5,2722.58025301826,5450.612377265107,37.86780725954082,5451.16050603652,0.73345615,1.0,1.003577935962178
DCAKD,2,0.0007134515481449101,3179.672093958283,6365.986197432449,37.65469726166246,6365.344187916566,0.68258945,1.0,1.0070554920182397
DCBLD1,2,0.0005304518477271436,1570.1014630774225,3144.744244372149,33.442945394913615,3146.202926154845,0.80296895,1.0,1.0042811994672003
DCBLD2,2,0.010106298958403453,11358.366434609447,22722.043153667815,7.557264625977135,22722.732869218893,0.34986265,1.0,1.0069875509180868
DCDC1,2,2.2215485528052533e-5,158.95708977787186,320.7074299020472,9.890932465499107,323.9141795557437,0.943453625,1.0,1.0024433586759642
DCDC2B,2,3.1683957704814707e-9,8.412090770628305e-6,1.4006130324687665,6.172307640525678e-20,6.000016824181541,0.98239355,1.0,1.002821304277466
DCDC2,2,3.193231708041476e-7,25.436204662453502,53.060331942207554,3.64110730723791,56.872409324907004,0.97366345,1.0,1.0025688142843727
DCHS1,2,5.684918956914785e-7,32.76421338866468,68.6903544337219,4.109549809753213,71.52842677732936,0.970984875,1.0,1.004097878146079
DCK,2,0.0010227177456799753,3028.854471490277,6064.526529075727,38.4956403341718,6063.708942980554,0.688690475,1.0,1.004688226989359
DCLK1,2,8.887994766973662e-7,39.839550983434954,89.53920846305972,4.543305453072403,85.67910196686991,0.96870155,1.0,1.003509907887017
DCLK2,2,9.996013864004087e-5,297.1739344350663,597.6533192034132,14.203715950892162,600.3478688701326,0.9218551,1.0,1.003537448239441
DCLRE1A,3,2.320731704668887e-5,564.5929158087763,1132.9977349008798,20.249129527469126,1135.1858316175526,0.886480475,1.0,1.002063698682706
DCLRE1B,2,3.324106650918832e-5,848.0256896350294,1699.1992360819165,25.398703054846862,1702.0513792700588,0.8760787,1.0,1.0034085392319614
DCLRE1C,2,0.0003380843393845049,1775.9946776520508,3554.9053678606865,35.09763538809776,3557.9893553041015,0.8304102,1.0,1.0033211548959742
DCP1A,2,0.001182501631912618,3765.953956032381,7536.836334132864,35.790078638082974,7537.907912064762,0.70125075,1.0,1.0106299538390446
DCP1B,2,0.00034545944244935347,1700.9882065279553,3404.849755743943,34.561937579090625,3407.9764130559106,0.8310854,1.0,1.003345958192158
DCP2,2,0.001078456972404983,3255.7895478096752,6517.559010345193,37.94346713616545,6517.5790956193505,0.70596805,1.0,1.0030590680322953
DCPS,2,0.0016878764315347728,3878.3276404731714,7763.522162940718,35.412284237991024,7762.655280946343,0.646246875,1.0,1.0053764420820304
DCST2,2,1.2819021640563042e-5,126.02525598561013,264.6908794307886,8.65013532020484,258.05051197122026,0.948072375,1.0,1.003518964870756
DCTN3,2,0.002725528484152054,7635.807300554437,15440.438516799859,15.585116829537263,15277.614601108873,0.45100135,1.0,1.0037283800571093
DCTN4,2,0.0009071925841533609,2993.568350617276,5992.80834889535,37.98681130183376,5993.136701234552,0.69358485,1.0,1.0051938737700568
DCTN5,2,0.0005805044375310001,1916.6539533166576,3836.7248931793333,35.864512488035736,3839.3079066333153,0.79460125,1.0,1.002197373801801
DCTN6,2,0.0016643479031542036,7530.18467091196,15070.3145834084,14.437539638995856,15066.36934182392,0.453896025,1.0,1.019753617434626
DCTPP1,2,0.0055475141846353035,9136.25137452022,18278.005569520545,11.390080395797366,18278.50274904044,0.42147035,1.0,1.0038540147552941
DCUN1D1,2,0.0004046217844756151,3205.2959750065047,6414.706511211386,37.369402103929254,6416.591950013009,0.72533815,1.0,1.003734324231473
DCUN1D2,2,1.3257647157290134e-5,781.0907847990431,1573.4216032334325,24.284740899344865,1568.1815695980863,0.858750075,1.0,1.004242339927166
DCUN1D3,2,3.8391133310290865e-5,819.1615362028224,1641.4074999322884,24.80706202894883,1644.3230724056448,0.8822429,1.0,1.0020644136826944
DCUN1D4,2,0.0005535012208951985,1806.8969792069433,3617.4592981033006,35.435093481357605,3619.7939584138867,0.812009175,1.0,1.0060145628536536
DCUN1D5,2,0.0014419682066715942,6377.301013339592,12758.948145655355,19.52819080691577,12760.602026679184,0.556294,1.0,1.0060632027746315
DDA1,2,0.0019754845738783177,5459.17618882114,10923.234086228602,25.159680590028383,10924.35237764228,0.6028151,1.0,1.0040596846670036
DDAH1,2,0.0002762665229076883,1315.1711873905444,2636.335906310708,31.105582402488636,2636.342374781089,0.81159205,1.0,1.0035533344423824
DDB2,2,0.0011491046355930174,3759.665136623374,7535.322233841509,38.805495065181795,7525.330273246748,0.65247525,1.0,1.004450225426458
DDHD1,2,0.0008583395731888793,2170.751764062294,4344.858358314448,36.98779484384024,4347.503528124588,0.78424045,1.0,1.0043880121618687
DDI2,2,3.235351126736697e-5,901.4180126814765,1805.8429110403854,26.12308778100607,1808.836025362953,0.866356975,1.0,1.0033944398890002
DDIT3,2,0.002250902046431105,5765.400928924446,11536.894579515665,28.3641793618624,11536.801857848892,0.59531175,1.0,1.0051953628948274
DDIT4L,2,7.003364740742546e-6,672.0724060801762,1347.0457329356404,22.417587437085995,1350.1448121603523,0.8919394,1.0,1.0033627065599258
DDIT4,2,0.006619856034429884,6209.145918940533,12425.575671600422,30.65370990435114,12424.291837881066,0.5505772,1.0,1.000937818832696
DDN,2,5.4117242827057856e-5,230.62294189041683,464.44167497330045,12.266636261282446,467.24588378083365,0.93098855,1.0,1.0031830307941698
DDR2,2,2.988236088962191e-5,180.09149014631802,363.0129785048473,10.63084000003195,366.18298029263605,0.94010355,1.0,1.0032550385965735
DDRGK1,2,0.0008854793680579471,4941.053131592452,9887.736385510458,28.097041265800073,9888.106263184904,0.620365225,1.0,1.0022912312177967
DDTL,2,2.0825539149789366e-5,598.838435838958,1201.1288583526587,20.93977761645047,1203.676871677916,0.884579625,1.0,1.0022988675006816
DDX10,2,0.0008276454799829909,4006.153723406393,8016.8244292351,35.91019160232107,8018.307446812786,0.651251425,1.0,1.0055204898405923
DDX11-AS1,2,0.00014132406183916074,342.3553801504178,687.8418196463782,15.412311246274953,690.7107603008355,0.919924825,1.0,1.001650091807226
DDX11,2,0.0004521254040817475,1337.5177397973798,2684.4699158058133,31.241809954663232,2681.0354795947596,0.805713575,1.0,1.002242365838201
DDX17,2,0.001633759849139757,6472.037343184043,12948.644565959929,19.437766220540063,12950.074686368085,0.56646195,1.0,1.0098121489448657
DDX18,2,0.0062240096850401895,9707.16705158642,19419.208046938846,10.307271152647473,19420.33410317284,0.39404545,1.0,1.0063531676234765
DDX19A,2,0.0007803635975501154,2527.73512951644,5059.7498644508905,37.779381274387006,5061.47025903288,0.75106765,1.0,1.0035806369930036
DDX19B,2,0.0003155574467423566,3187.638819201526,6380.074329715204,37.2980692395228,6381.277638403052,0.7053992,1.0,1.0023791567067462
DDX1,2,0.003896390835567949,8530.666924242214,17075.770209766524,12.221642051153497,17067.333848484428,0.413570475,1.0,1.0062422166818803
DDX20,2,0.00016787475203029786,1521.7599768437751,3046.4064794717165,33.26275774826259,3049.5199536875502,0.85142415,1.0,1.0027478140814652
DDX21,2,0.00847789406937345,9782.140763526695,19569.788884856636,10.718196068004525,19570.28152705339,0.4116157,1.0,1.0057977699148721
DDX23,2,0.0009636814917832627,3474.0181326889365,6952.352579504585,36.55647953071144,6954.036265377873,0.698983925,1.0,1.0035519666815906
DDX24,2,0.0035280967407069585,8665.053406933832,17335.912771241463,11.646115050038203,17336.106813867664,0.458669475,1.0,1.00610435973739
DDX25,2,8.929973326238324e-7,39.839562128742436,82.71889699660862,4.547190197643326,85.67912425748487,0.968969025,1.0,1.00198060088973
DDX26B,2,3.870297764144514e-5,200.66770618861256,404.4094996656682,11.317121952494713,407.3354123772251,0.935886825,1.0,1.004109955878354
DDX27,2,0.0017969189029851975,5401.179239111626,10807.763854241433,25.71437238952172,10808.358478223252,0.60455975,1.0,1.0117128123209067
DDX28,2,0.0008275739891296758,1937.5556215867148,3878.6871020259146,35.92068383504625,3881.1112431734296,0.817329225,1.0,1.0032035511364976
DDX31,2,0.0003726662192581221,1579.0238211992573,3161.5172168113245,33.581588481896006,3164.0476423985147,0.824740825,1.0,1.0033152241189072
DDX39A,2,0.006240909703818686,6818.603880234939,13643.130407058243,25.51880305621847,13643.207760469879,0.515164375,1.0,1.0043809993798372
DDX3X,2,0.0009118285877886446,4457.770372360521,8920.186559359883,32.55317623856631,8921.540744721042,0.62092885,1.0,1.003381572723838
DDX41,2,0.0019484156423700935,4218.0961858085475,8446.048266652755,32.86923112314078,8442.192371617095,0.6281675,1.0,1.0022613114795622
DDX42,3,0.003345640927871707,5452.034809589869,10909.69713992215,27.512877884154054,10910.069619179738,0.582058925,1.0,1.0079170646628324
DDX46,2,0.009667766089902012,11253.962335795568,22513.319342051007,8.007832447229305,22513.924671591136,0.351147025,1.0,1.0053201694284368
DDX47,2,5.081652862400773e-6,311.076616067381,625.5069747882745,14.483993357352249,628.153232134762,0.91879815,1.0,1.0035799989985859
DDX49,2,0.0011864952580207975,3946.8475903775798,7898.665618047774,34.25910107250779,7899.6951807551595,0.673183375,1.0,1.006023220635816
DDX50,2,0.0021683145537769143,4099.264634207772,8202.798733513244,33.5487605731469,8204.529268415545,0.6800128,1.0,1.0019356828945496
DDX51,2,0.0005347309822443521,1760.5834114799457,3528.0986041780266,34.900299386059935,3527.1668229598913,0.778566175,1.0,1.0039741979675219
DDX52,2,0.0024229104474949082,5583.651836334922,11172.583477475295,25.18745932119005,11173.303672669845,0.604472225,1.0,1.0046499952550052
DDX54,2,0.0021668073365846943,5647.2791597690675,11301.34581745331,24.12761461234078,11300.558319538135,0.580108575,1.0,1.0096792273194417
DDX55,2,0.0031581257827269604,3236.9864309833183,6478.777058287639,37.70027586145527,6479.972861966637,0.692404175,1.0,1.0037842271337236
DDX56,2,0.0008720197548457035,5132.595097891474,10270.528820893553,27.438942982484175,10271.190195782949,0.617145975,1.0,1.0099231078050388
DDX58,2,0.00010887684034032798,1206.461184655766,2416.006564785584,30.056093614934586,2418.922369311532,0.846047125,1.0,1.0068367776454992
DDX59,2,0.00039694145311788956,1863.7616313102203,3730.674496310624,35.63596344593044,3733.5232626204406,0.8159933,1.0,1.0034551996264958
DDX5,3,0.008886861319956944,12398.286821829766,24801.671714453594,6.287406726479497,24802.573643659533,0.291405925,1.0,1.0223359325115342
DDX60L,2,0.000921891452599886,1787.0212420171133,3579.832718775779,35.00786453346705,3580.0424840342266,0.777525975,1.0,1.0038444194018523
DDX60,2,0.000257619180002951,436.449147261822,876.4677386234247,17.715333810455085,878.898294523644,0.904456125,1.0,1.0042393667045222
DDX6,2,0.0011155020834694301,3161.5718949480834,6329.064154659742,38.5693687597119,6329.143789896167,0.713894925,1.0,1.0088870728171302
DEAF1,2,0.000795148921152496,4383.260220611006,8770.999496797043,33.52081435668536,8772.520441222012,0.642502525,1.0,1.0054543319669866
DECR1,3,0.0017929321212489112,7371.513077781098,14891.843364511768,14.669621141062754,14749.026155562196,0.430773925,1.0,1.0069876157506077
DECR2,2,0.00031956881698422664,1776.905706374115,3557.8281216566215,35.15340148361844,3559.81141274823,0.80110345,1.0,1.0013672040626695
DEDD2,2,0.0006962968447169857,3571.822012668906,7147.548519354872,36.147242008128885,7149.644025337812,0.73619495,1.0,1.0059495718434517
DEDD,2,0.0009790503487690264,2320.710366988189,4644.616323729348,37.47099517996366,4647.420733976378,0.79806655,1.0,1.0058761208079987
DEF6,2,0.0005416291207473384,2654.407352267859,5313.793867127056,37.951138375867465,5314.814704535718,0.72552765,1.0,1.0057766804465644
DEF8,2,0.004906485657434469,7539.683744443965,15086.341514757845,16.326674737116978,15085.36748888793,0.4721161,1.0,1.004823199330359
DEGS1,2,0.00023831697357931005,2517.3224537661786,5040.564686683164,38.022340890113625,5040.644907532357,0.7257858,1.0,1.004001054373234
DEGS2,2,2.386358909740731e-5,537.4416333519749,1078.5419032373745,19.689245659960633,1080.8832667039499,0.89076875,1.0,1.0047033767413729
DEK,2,0.015005268994501149,10558.217786103733,21133.792073654062,10.716835227936123,21122.435572207465,0.404827925,1.0,1.0043589668588897
DENND1A,2,5.066500265704641e-5,951.6627390609016,1906.9797828390374,26.942472770406393,1909.3254781218031,0.857743175,1.0,1.0017423430377728
DENND1B,2,3.329283692151378e-5,847.9885879164169,1699.3290709430826,25.398408910161915,1701.9771758328338,0.868758675,1.0,1.0040111141181587
DENND1C,2,7.988438223116688e-6,103.03945658201849,209.20038435665595,7.70791533479548,212.07891316403698,0.9535462,1.0,1.0022040649874955
DENND2A,2,3.468416614965879e-5,650.7795809806527,1307.995648909458,21.880478405878733,1307.5591619613053,0.873776375,1.0,1.001498674350818
DENND2C,2,4.795602737875146e-5,908.2531769272105,1819.6029988436942,26.176509585479067,1822.506353854421,0.868963125,1.0,1.0021177218972226
DENND2D,2,0.00024613129004971566,2870.472881688326,5744.499767514612,37.8271973345739,5746.945763376652,0.742681575,1.0,1.002761686384893
DENND3,3,0.00013169090096409717,824.1476739213537,1652.559766273951,25.075779814386884,1654.2953478427073,0.864666075,1.0,1.0026486138075548
DENND4A,2,3.3393466063295105e-6,437.074314894205,877.1232520882623,17.627306126912725,880.14862978841,0.904463375,1.0,1.003221875844504
DENND4B,2,4.558000969220173e-5,937.0564098198121,1880.605365541523,26.60988722344969,1880.1128196396241,0.845435075,1.0,1.0040480012346158
DENND4C,2,0.0001593543103175366,1077.802317790167,2159.7097763392358,28.375146791152233,2161.604635580334,0.8420481,1.0,1.0016443293131194
DENND5A,2,0.000612367658356981,1361.9460665275647,2729.462740605245,31.446243375674626,2729.8921330551293,0.809025075,1.0,1.0051780206191896
DENND5B,2,0.0003695199568065739,1253.638898955295,2512.1370217335225,30.36853202409258,2513.27779791059,0.8214438,1.0,1.0055454951992007
DENND6A,2,3.239367605779842e-5,989.7703295423875,1982.8372252616723,27.446486054444005,1985.540659084775,0.85920385,1.0,1.005738831969721
DENND6B,2,0.00015405131948051945,1332.9104920680952,2669.2459135481863,31.414567295132752,2671.8209841361904,0.825635325,1.0,1.0036174295384241
DENR,2,0.003340133358155806,7018.337088921338,14042.319272092232,19.5242117867173,14042.674177842677,0.486910775,1.0,1.0047744762130764
DEPDC1,2,0.007639225940728015,3615.2495074108947,7237.231851450148,42.51879690263539,7236.499014821789,0.694587,1.0,1.003242892957699
DEPDC4,2,1.9877433934597933e-5,621.2834005708653,1245.8776686559015,21.38095321733777,1248.5668011417306,0.8831084,1.0,1.004673189598249
DEPDC5,2,2.4842233266216453e-5,834.808228172794,1672.7280162632749,25.18462254527678,1675.616456345588,0.8786315,1.0,1.002942725545643
DEPDC7,2,6.38553445026701e-5,934.2532515109843,1871.76263431532,26.5226870528996,1874.5065030219687,0.864284525,1.0,1.0042993526477162
DEPTOR,3,9.126590726888704e-5,1298.3885591717371,2600.8459176381475,31.136810478245252,2602.7771183434743,0.82691185,1.0,1.0030560329440135
DERA,2,0.001521583217267661,4540.703849403419,9091.160907190142,32.13126087715482,9087.407698806837,0.59149595,1.0,1.0028126913059132
DERL1,3,0.0008904551179856855,5050.793903551025,10109.042192350744,27.908703526272078,10107.58780710205,0.584780825,1.0,1.0022906985353077
DERL2,2,0.0016636233361408395,5728.114621890056,11460.350085443511,21.88867337326947,11462.229243780112,0.6166286,1.0,1.0046642546488214
DESI1,2,0.0015765963184131424,5244.294453134642,10495.252164292117,28.186734875507643,10494.588906269284,0.596410775,1.0,1.0108137858292048
DESI2,2,0.003662101901993605,4535.608862165921,9075.873176909075,34.56126636740364,9077.217724331842,0.6079146,1.0,1.0040063896106068
DES,2,0.00020324765878771344,665.1338641252478,1335.9611543093758,21.851596758174853,1336.2677282504956,0.873408375,1.0,1.002970914238256
DET1,2,1.781585795206361e-5,668.9270411748918,1340.9458707704107,22.289009816743373,1343.8540823497835,0.882156325,1.0,1.003709454463094
DEXI,2,0.002339595903880408,6249.468242691497,12503.550621713477,21.984040868061854,12504.936485382994,0.533855575,1.0,1.0045391977161524
DFFA,2,0.002645489204262541,5876.410141481326,11759.181354535796,22.190870951608552,11758.820282962652,0.598014,1.0,1.0080934258718321
DFFB,2,0.00018754705307533787,957.2481338182781,1918.007177068382,27.082960863808488,1920.4962676365562,0.863661,1.0,1.002561469726804
DFNA5,2,0.0001844291902559014,1319.7714199181776,2646.1465212477633,31.235812352338275,2645.542839836355,0.811864075,1.0,1.0063998762150084
DFNB31,2,4.154867239798364e-5,781.8455972149449,1567.4858096385512,24.179802195041916,1569.6911944298897,0.865001025,1.0,1.0013874754847047
DGAT2,2,4.788764535299737e-5,948.4739851249745,1900.5463652839546,26.89500379458627,1902.947970249949,0.859818925,1.0,1.0059604284245198
DGCR14,2,0.00100188607368223,2263.0907277845404,4529.296994967753,37.3822771293995,4532.181455569081,0.81190995,1.0,1.0045028403838576
DGCR2,2,0.0005968216591928513,1994.0649122655411,3991.8275468684174,36.27818277044088,3994.1298245310822,0.785919075,1.0,1.0053390797519897
DGCR8,2,0.00015639889499603218,1215.9273992119079,2435.4985590881574,30.102012963876078,2437.8547984238157,0.8308064,1.0,1.0040270587823408
DGKA,2,0.00028535575379517504,1290.2190859118475,2585.5622282994686,30.828055512106566,2586.438171823695,0.8166322,1.0,1.002602334663199
DGKD,2,0.0006684998598253382,1806.2769751786175,3616.489316459606,35.169105551933725,3618.553950357235,0.79995105,1.0,1.0040802003960172
DGKE,3,0.00032288005728137436,1116.5311903009645,2239.4057154478173,28.737336078563278,2239.062380601929,0.82706225,1.0,1.0035769065199105
DGKG,2,0.0002964304787130834,1444.4867481291576,2892.1280943483284,32.68679073737082,2894.973496258315,0.850141,1.0,1.0030791741332812
DGKH,2,0.00016618931453016563,1172.805479256411,2349.6358708325274,29.573439715208025,2351.610958512822,0.83188725,1.0,1.0069366496575336
DGKQ,2,0.0005944845493805511,1603.061052128436,3211.1139730473665,33.698139471113635,3212.122104256872,0.792607625,1.0,1.0028933623745064
DGKZ,2,0.00048200739401119526,2863.612841369943,5734.8855164122715,38.276270072618566,5733.225682739886,0.699730075,1.0,1.0037146903927776
DGUOK-AS1,2,0.0012656850643862642,3554.2251888673322,7114.23973218436,37.279741245632295,7114.4503777346645,0.682397075,1.0,1.0025878902491396
DHDDS,2,0.0004978241852977768,2201.6562152472893,4409.197830328419,37.10136540274073,4409.312430494579,0.748411075,1.0,1.0009584069131452
DHFRL1,2,0.00012078730525754478,855.8731267016026,1716.0388124261342,25.21977279580542,1717.7462534032052,0.858613125,1.0,1.002169529864228
DHFR,2,0.003276238756995754,5334.445660527235,10692.188415389657,33.79304740198049,10674.89132105447,0.5838709,1.0,1.0075333460894984
DHODH,2,0.0006315874764800712,2498.871758013553,5002.32623245634,37.93583716433582,5003.743516027106,0.733415,1.0,1.0023417860824189
DHRS11,2,0.00048120011689567515,2322.450557123896,4657.320183945691,37.48738471451526,4650.901114247792,0.72810415,1.0,1.0011564970538784
DHRS12,2,0.0006572122707374502,2110.6856977732646,4230.6626216846325,36.810419047458645,4227.371395546529,0.75994575,1.0,1.0041412859690355
DHRS13,2,9.745185577941668e-5,1265.4558962801907,2534.328151279562,30.759070224300622,2536.9117925603814,0.834296725,1.0,1.0050134088840805
DHRS1,2,0.0008815358703230555,3704.031142413272,7430.002910804093,35.40417271536353,7414.062284826544,0.6399358,1.0,1.0028363717287312
DHRS2,2,0.0007545951784603823,559.8388835884197,1128.5559570293874,19.4999332834693,1125.6777671768393,0.888876275,1.0,1.0020932798152236
DHRS3,2,0.00030251752524787555,2191.0695124769236,4387.092155078829,37.13086609845708,4388.139024953847,0.76181725,1.0,1.0080856190597447
DHRS4-AS1,2,5.676908859308406e-7,32.76421126198377,68.58307612921355,4.108900044800481,71.52842252396754,0.971041,1.0,1.003159777764839
DHRS4,2,0.0005358248241993494,2984.8520701988614,6060.337290735217,37.708061741379936,5975.704140397723,0.670159925,1.0,1.0059691611724964
DHRS7B,2,0.0011373455416950479,3634.7454443183815,7275.590432390711,36.556175969540355,7275.490888636763,0.6656763,1.0,1.0045918402857872
DHRS7,2,0.0013143379647912491,7445.620547176453,15176.977694224404,14.611654004801348,14897.241094352907,0.4239436,1.0,1.0036175258444184
DHX15,2,0.0015687427479054614,4692.834576393175,9390.644575814573,31.338284338502916,9391.66915278635,0.599693925,1.0,1.0033212776823823
DHX29,2,0.0025070387256528577,6723.147857011997,13451.600417268686,18.4014049598904,13452.295714023994,0.539485825,1.0,1.0134968870603298
DHX30,2,0.0024609943412691486,5720.0302876710575,11446.861802879686,24.29310552499488,11446.060575342115,0.609078725,1.0,1.0035988692854778
DHX32,3,0.00025698513403557734,3003.9732437988077,6011.224928314983,37.647267085221344,6013.9464875976155,0.74454095,1.0,1.0054824311259958
DHX33,2,0.0004064765748373997,2640.3556742313126,5285.214979111915,38.15903785447964,5286.711348462625,0.72390135,1.0,1.0034933415528837
DHX34,2,0.00019306078557091875,1474.373376569903,2951.9183924895306,32.78751226988182,2954.746753139806,0.82550425,1.0,1.001429938526946
DHX35,2,0.00040880314378573116,524.7834529589556,1053.3164385831737,19.66871179935009,1055.5669059179113,0.894175925,1.0,1.0048178260997764
DHX36,2,0.0025139505121175437,6234.770685767666,12474.089948834442,21.488219598665825,12475.541371535332,0.57119595,1.0,1.0111761183657932
DHX37,2,0.00042198171449889943,1754.249149957871,3511.732289543895,34.90342994525899,3514.498299915742,0.806255725,1.0,1.0042590001886604
DHX38,2,0.00020400680352864042,2687.4308469384255,5379.9918121713035,38.018711092924946,5380.861693876851,0.719155,1.0,1.0037419635565055
DHX40,3,0.0003685194506630259,4269.488848707281,8547.488662316922,33.314125191449,8544.977697414562,0.61021495,1.0,1.0034526947256215
DHX57,2,0.00010363915726484266,1107.4054993149534,2218.2468680250586,28.84091702690798,2220.810998629907,0.844231,1.0,1.004015330900144
DHX58,2,6.885256403950196e-5,254.8989295219621,512.7869166098749,12.998273564000137,515.7978590439242,0.930772575,1.0,1.0019082990680257
DHX8,2,0.0004527350748436741,2877.5583340067697,5759.859060809077,37.992846655262504,5761.116668013539,0.73615215,1.0,1.0022659097754176
DHX9,2,0.0005307006601889178,4706.551671971671,9427.966624790963,30.087195421899214,9419.103343943341,0.585094425,1.0,1.0051266627556117
DIABLO,2,0.00020930909046088718,1331.0685367033916,2665.8009130944974,31.33413272133461,2668.137073406783,0.826313425,1.0,1.0027473158966485
DIAPH1,2,0.0011555134228808342,4293.0074661536555,8596.511349105527,32.74497284625997,8592.014932307311,0.6055025,1.0,1.0021433350201079
DIAPH2,2,0.00030259213985915146,2694.94900052225,5395.047213112337,38.116294311785495,5395.8980010445,0.730041175,1.0,1.002380749539621
DIAPH3,2,0.0017381067043364816,2137.1063007513676,4282.063555776545,36.90848001824167,4280.212601502735,0.76032855,1.0,1.0032620133425727
DICER1-AS1,2,0.00025711434662227056,1200.4741865507751,2404.93526538563,30.196302116830683,2406.9483731015503,0.8416414,1.0,1.0034992349381666
DICER1,2,0.0001079394908239475,2126.103990602598,4256.954244428362,36.825290207647015,4258.207981205196,0.758452525,1.0,1.0041675027093082
DIDO1,2,0.0009839107118982684,2225.6183127806694,4454.0969139999415,37.1604981517556,4457.236625561339,0.803501975,1.0,1.0041129258144093
DIEXF,2,0.0006322172993382377,2088.5428292315196,4180.157085461195,36.7558975304359,4183.085658463039,0.815702575,1.0,1.0038283387017666
DIMT1,2,0.0009258017103294339,4811.08229515402,9628.120086992945,31.208458097321568,9628.16459030804,0.622304875,1.0,1.0020642069022068
DIO1,2,1.5406294024239137e-9,4.0903710634354906e-6,1.5948737105511346,8.090167070589817e-15,6.000008180742127,0.982234725,1.0,1.0033607697262892
DIO3,2,6.959008052379815e-6,97.13606116603658,197.01663722821334,7.452510539109796,200.27212233207317,0.95511535,1.0,1.000937320071866
DIP2A,2,0.0002589237751209464,2157.8788119980954,4322.1893526321655,36.90338698363501,4321.757623996191,0.750629675,1.0,1.0057092286155562
DIP2B,2,0.0002865099736293434,1284.6966973854048,2573.7665653671716,30.770829347961566,2575.3933947708097,0.821347175,1.0,1.0022626492795759
DIP2C,2,0.0001065243832161161,944.0467641712622,1892.3971906549664,26.583306198584385,1894.0935283425245,0.848603775,1.0,1.0019358126939903
DIRAS1,2,0.0002609808588151803,1689.3342624140437,3381.8211319931092,34.539756238318475,3384.6685248280874,0.823411675,1.0,1.0066801960537899
DIRAS3,2,3.9484625131503605e-6,390.73275745021755,785.44554906063,16.52189628380315,787.4655149004351,0.9066455,1.0,1.0048061263102388
DIRC2,2,0.00036895269307969295,1730.2567231637709,3466.1213755026397,34.909876449161466,3466.5134463275417,0.794421825,1.0,1.005508027996724
DIS3L2,2,0.0006201251445445359,1694.5059296923068,3393.3896516963273,34.40887489782076,3395.0118593846137,0.79628605,1.0,1.003054048828921
DIS3L,2,0.001159797318711819,1862.2266197468557,3730.3096786701262,35.466077484877594,3730.4532394937114,0.7719093,1.0,1.001808148659725
DIS3,2,0.0008258977031045444,4409.595667068573,8823.682804123964,32.73497610771803,8825.191334137146,0.627297125,1.0,1.00448355314126
DISP1,2,0.00033574860949475656,485.2557032403218,973.7262596875136,18.817129917449087,976.5114064806436,0.911355375,1.0,1.0030370141209723
DISP2,2,0.00015513333585773944,355.58769605648735,714.8455064124165,15.751674794419802,717.1753921129747,0.913062275,1.0,1.0034707917141028
DIXDC1,2,0.00033656130614227584,1652.4928951301977,3307.9640884703194,34.19697629889214,3310.9857902603953,0.83027465,1.0,1.0066068607339551
DKC1,2,0.003626345981678924,7031.168857382565,14068.193913283218,19.369501341480724,14068.33771476513,0.491293575,1.0,1.0024203062892085
DKK1,2,0.021340955267884994,11115.923849036411,22245.94364838569,27.164328619658594,22237.847698072823,0.5225692941621541,1.0,1.0089532003753285
DKK4,2,2.8770525129328307e-6,66.41941202345181,135.46772691271633,6.010977613683821,138.83882404690362,0.962174525,1.0,1.0025472421338641
DKKL1,2,7.418292620797704e-5,483.93006437179736,973.1083266927118,18.40856107420332,973.8601287435947,0.8944654,1.0,1.0038187405798333
DLAT,2,0.0007726510460004986,3492.578492863299,6991.020438942641,36.76435685963083,6991.156985726598,0.6811881,1.0,1.0092281026224714
DLD,2,0.001475250900903526,5473.050250911201,10959.808098265676,24.842872173850864,10952.100501822402,0.54743155,1.0,1.0039231586894686
DLEU1,2,0.0007750436320304124,4571.892207696184,9148.158913564503,32.01910416058122,9149.784415392369,0.647244075,1.0,1.0058748672490823
DLEU7-AS1,2,8.871700506509187e-7,39.8395466573088,82.14983009840063,4.548269608305081,85.6790933146176,0.969187175,1.0,1.002173117439906
DLG1-AS1,2,5.998781883511669e-6,91.16117123062097,184.83214996504393,7.188780588172062,188.32234246124193,0.957109875,1.0,1.0062021997418602
DLG1,2,0.00055465900082778,3252.3866815384445,6510.193825870187,37.44564552071426,6510.773363076889,0.6994473,1.0,1.0023227312952505
DLG2,2,1.4221079636141228e-5,131.63234161952673,266.9224491368597,8.870867753161157,269.26468323905345,0.94735635,1.0,1.002708558461487
DLG3,2,0.0006120732490062802,1823.7111802724025,3650.946714896692,35.28962736718655,3653.422360544805,0.8021436,1.0,1.005457631088127
DLG4,2,7.301013500349846e-6,661.258328979308,1325.9754293284172,22.2156185529354,1328.516657958616,0.87958885,1.0,1.0024904367534482
DLG5,2,0.00024383046638160074,1525.5581507902505,3055.1184956543316,33.3652569208194,3057.116301580501,0.81952055,1.0,1.0042011754079303
DLGAP1-AS1,2,0.0010146442914076336,4390.584825325561,8785.66376201259,34.94303376673405,8787.169650651122,0.662349075,1.0,1.0065780047422275
DLGAP1,2,3.1993904646653047e-7,25.436206297603384,53.1113376802793,3.6377768448713996,56.87241259520677,0.973545425,1.0,1.0013572572029674
DLGAP3,2,3.755218362017546e-9,9.970104751156584e-6,1.2514931399356086,8.090167070589817e-15,6.000019940209502,0.98248615,1.0,1.0031904760283856
DLGAP4,2,0.0006178902660317573,3204.7296796946744,6413.144190199985,37.2884667937362,6415.459359389349,0.74194915,1.0,1.0033802646662688
DLGAP5,2,0.005913767116563749,3161.1776035092826,6331.225859800793,41.267806381806594,6328.355207018565,0.707543825,1.0,1.0019856852953246
DLK2,2,0.00019068655766540016,943.598233534992,1891.725288663419,26.468987053117726,1893.196467069984,0.848951925,1.0,1.0034119278478912
DLL1,2,3.4773972860165917e-6,424.59125583922656,852.0619194973244,17.33666687269566,855.1825116784531,0.909120625,1.0,1.002424976801441
DLL4,2,2.5899881815680626e-5,169.60078017810116,341.9001763557758,10.268470794086555,345.2015603562023,0.9454473,1.0,1.0067979049382292
DLST,2,0.00044433323541906374,2899.893801349346,5805.795506837037,38.1150237064577,5805.787602698692,0.700763825,1.0,1.0031577073398241
DLX1,2,3.870278428413094e-5,200.66770567524887,404.2504664613975,11.317316210105082,407.33541135049774,0.936753525,1.0,1.0012643960039207
DLX2,2,0.0012853936996480091,1532.2959211088685,3069.1647988732893,32.96603653390495,3070.591842217737,0.809470125,1.0,1.0031266965012307
DLX4,3,0.0008168241909822636,2091.270332491795,4186.633283282892,36.67728847589213,4188.54066498359,0.7752466,1.0,1.0018834047785439
DMAP1,2,0.0004453190861119871,3352.5895411733877,6757.106483043029,36.701352468901845,6711.179082346775,0.6551489,1.0,1.0053597818927993
DMBX1,2,5.6888481505835185e-5,235.53870645531794,474.3050527522684,12.416755281161928,477.07741291063587,0.930230925,1.0,1.0035143842617673
DMC1,2,2.7854748866345645e-5,174.86399419532853,353.6997478331968,10.45034954665828,355.72798839065706,0.9392075,1.0,1.0020984553713792
DMGDH,2,3.241384892013176e-5,410.9185703985866,825.9560467343842,16.864985613691015,827.8371407971732,0.9052868,1.0,1.0033312469626356
DMPK,2,0.0006212660932321881,2519.8622333277035,5056.513324793664,37.932016907453324,5045.724466655407,0.7099103,1.0,1.0045075879796932
DMRT1,2,4.000091074217381e-5,564.2333548047699,1133.1574750886998,20.179801948171598,1134.4667096095397,0.885083325,1.0,1.0032793398134348
DMRT2,2,5.111025701490524e-6,85.1092857988437,172.6932212384223,6.914043690280543,176.2185715976874,0.95900345,1.0,1.0022810659375008
DMTF1,2,0.00033537743024831786,1719.5726658466558,3442.5098446881784,34.70515825750794,3445.1453316933116,0.810247825,1.0,1.007804384775283
DMWD,2,0.0005756121668308189,1817.078839528865,3638.067999180492,35.26584180445768,3640.15767905773,0.788928125,1.0,1.0045054775006856
DMXL1,2,0.0005628337534930532,1887.5036991874301,3778.5151907691416,35.707282827494616,3781.0073983748603,0.7915819,1.0,1.0046353435928885
DMXL2,2,2.4266507551818785e-5,910.4194301442361,1871.6012194057346,26.310711025985597,1826.8388602884722,0.841975575,1.0,1.001086114555371
DNA2,2,2.4852536958570518e-5,529.5793334380804,1066.3978803651198,19.520199847795215,1065.1586668761609,0.887701425,1.0,1.0017451047667691
DNAAF1,2,1.5671112433699564e-5,137.18537388378584,277.3782234776994,9.084931194302863,280.3707477675717,0.9466205,1.0,1.0040844984423711
DNAAF2,2,0.0011678548851703698,4240.056114112344,8484.834656910365,33.78721969427726,8486.112228224689,0.6703212,1.0,1.0062532514446578
DNAAF3,2,0.002597278003763904,5556.820232958209,11122.423144843953,26.35984241649847,11119.640465916418,0.583045475,1.0,1.0093728421876043
DNAH10,2,3.5533995433310652e-6,72.747632375795,148.02077253809313,6.3263432219436035,151.49526475159,0.960725625,1.0,1.002680967582718
DNAH11,2,5.697048189523758e-7,32.76421660897594,68.3783603791598,4.111481329458628,71.52843321795189,0.97101515,1.0,1.002765194654331
DNAH14,2,7.693063080739686e-5,2337.6450580405776,4680.734086241319,37.447205120438845,4681.290116081155,0.742165725,1.0,1.0033805196804115
DNAH17,3,5.680758174592312e-7,32.764212283976974,68.96029069704723,4.107143610321077,71.52842456795395,0.971111375,1.0,1.0037337039687573
DNAH1,2,4.606801526938604e-5,215.77781428881252,436.4887574366271,11.802038951619888,437.55562857762504,0.93198155,1.0,1.005171116197865
DNAH2,2,3.1994814239129284e-7,25.436206321753065,53.361872388728365,3.630257169847058,56.87241264350613,0.973606025,1.0,1.004034301108305
DNAH3,2,1.2850849504634757e-6,46.71354666258814,96.41084214147655,4.950655878355201,99.42709332517629,0.967025325,1.0,1.0047905908527903
DNAH5,2,1.566117364530945e-5,137.18931834894627,277.42295781517146,9.084803426845845,280.37863669789255,0.946605475,1.0,1.0027356134272813
DNAH6,2,6.885308151438458e-5,254.8989308958579,513.0723149097888,12.99764609241869,515.7978617917158,0.927293325,1.0,1.0024312154422197
DNAI1,2,7.988316392046165e-6,103.039456258557,209.20318728621262,7.708176412276206,212.078912517114,0.953474725,1.0,1.0019931555566746
DNAJA1,2,0.006260088256199396,9283.388486805567,18572.680568964443,11.031508834446484,18572.776973611133,0.394408575,1.0,1.00277585831447
DNAJA2,2,0.0012659438275434726,6026.785332566313,12058.272092837806,21.492034462351498,12059.570665132625,0.569757375,1.0,1.0067689258196775
DNAJA3,2,0.0010811655347226317,3668.0445121972675,7341.366309957831,36.05955623150082,7342.089024394535,0.6750348,1.0,1.0035364106511806
DNAJA4,2,0.00021179340397471153,2117.292293421442,4242.1153133973985,36.77458373480123,4240.584586842884,0.746511075,1.0,1.0029489558009927
DNAJB11,2,0.0016594461812001642,6216.439734375568,12438.37129293476,21.050839399089032,12438.879468751136,0.528180025,1.0,1.0047784570307483
DNAJB12,2,0.0005681638559550424,3335.380833188335,6675.417148221466,37.11693154501917,6676.76166637667,0.716851075,1.0,1.0016861528161247
DNAJB13,2,2.8746195236477936e-6,66.42110351552688,135.3147780570015,6.011532072736344,138.84220703105376,0.96211935,1.0,1.0036080725842853
DNAJB14,2,0.0019470691815396022,4062.216428423849,8129.406535252781,34.60348656014942,8130.432856847698,0.6466484,1.0,1.0039298912830612
DNAJB1,2,0.0038383020508528974,7007.2620131736,14019.78940336359,20.216881719382762,14020.5240263472,0.516314875,1.0,1.0039509396666058
DNAJB2,2,0.0007961038518727113,2531.476667823527,5068.9773388471,37.911565330712,5068.953335647054,0.719503775,1.0,1.0023823717698221
DNAJB4,2,0.000746041100888472,2855.6354896991606,5715.852053817246,38.63152950779534,5717.270979398321,0.723592875,1.0,1.0045101113532788
DNAJB5,2,1.6429406079274615e-5,368.5799276840925,740.908791838898,15.904017783788113,743.159855368185,0.910895425,1.0,1.0044454615962441
DNAJB6,2,0.004012195072414662,7761.82521224557,15529.117989143258,13.908030899502151,15529.65042449114,0.45141105,1.0,1.0061349831610442
DNAJB9,2,0.0008330705193876855,4551.739252057636,9107.699922334443,32.56570016746403,9109.478504115272,0.666458025,1.0,1.0028662321431294
DNAJC11,2,0.0010528020060963277,2135.950391410139,4277.097186717365,36.81925681968659,4277.900782820278,0.762048875,1.0,1.0014514237668595
DNAJC12,2,0.00020006696825814843,2542.3019821049074,5089.538304150919,37.994900461576584,5090.603964209815,0.731389275,1.0,1.0037005025332275
DNAJC13,2,0.00015544267332627277,1218.7717497063068,2441.635870260229,30.135669798376245,2443.5434994126135,0.826479725,1.0,1.0019244417415047
DNAJC14,2,0.0006221934201536763,2011.899702966664,4026.8536386108512,36.3612618753357,4029.799405933328,0.804137925,1.0,1.0050605129305519
DNAJC15,2,0.002809103068674706,6671.088952570767,13346.911954609763,18.239600719208955,13348.177905141534,0.5280823,1.0,1.0040409915094568
DNAJC16,2,0.00043272347315884764,1604.47814457103,3212.7070930783393,33.76501288028145,3214.95628914206,0.814100175,1.0,1.0026616573115281
DNAJC17,2,0.000617927778116144,2602.7614204925776,5210.063167813973,37.92627770983867,5211.522840985155,0.7373587,1.0,1.0023103862238554
DNAJC18,2,9.789492214519684e-5,1300.4898644248526,2604.733457767253,31.2006105091705,2606.979728849705,0.833235425,1.0,1.005354980398193
DNAJC19,2,0.004854253584177816,9628.079098033717,19263.037509077163,10.41249661289851,19262.158196067434,0.381468325,1.0,1.0054245481410953
DNAJC1,2,0.0011294643984989632,4747.638094159092,9500.484111430982,31.40951063750911,9501.276188318185,0.6016967,1.0,1.0034236073560203
DNAJC21,2,0.0039211324625857,6994.815578292938,13995.230310250177,17.44373600827098,13995.631156585876,0.543901825,1.0,1.0100731159453349
DNAJC22,2,0.0007506850309549627,4970.4806579039005,9945.822497803083,28.423152808729224,9946.961315807801,0.62127645,1.0,1.0143309080603875
DNAJC24,2,0.0002893166419857422,2752.2528873971637,5511.214386845104,38.13714589889482,5510.505774794327,0.705852675,1.0,1.0023226333664188
DNAJC25,2,0.0009314091790431459,1879.750648274465,3764.2161271231844,35.585848050947135,3765.50129654893,0.784054825,1.0,1.0069450580405659
DNAJC27-AS1,2,0.00046278872000300844,1471.9626437470374,2948.2415967910856,32.597250129973354,2949.925287494075,0.820285425,1.0,1.0050207261401585
DNAJC27,2,4.721441464937762e-5,704.9149589166784,1413.526443868418,22.833361524869307,1415.8299178333568,0.886339675,1.0,1.008049843066953
DNAJC28,2,1.7798678823407243e-5,668.9269955643051,1340.8258975370547,22.28957791272461,1343.8539911286102,0.893027025,1.0,1.0037446884416639
DNAJC2,2,0.0030820137668099968,7343.058744218492,14690.936098284898,17.132940499927958,14692.117488436985,0.488292425,1.0,1.0034008375111818
DNAJC30,2,0.001028666147267699,3375.518680016685,6754.7220911296,36.806731700486026,6757.03736003337,0.73813525,1.0,1.0068773861502764
DNAJC3,2,0.0023722138391840102,5206.725815453705,10418.466802632303,28.097456966052363,10419.45163090741,0.58857505,1.0,1.002383645102224
DNAJC5B,2,1.1504172600013192e-5,120.36555698639295,243.34246914238867,8.427009350838503,246.7311139727859,0.9511571,1.0,1.0033530624647542
DNAJC5,2,0.0006429813698064675,1942.0833120686762,3887.4569382943496,35.98707831783851,3890.1666241373523,0.795757625,1.0,1.0039103216202094
DNAJC6,2,3.2827808170285487e-6,441.21062982082196,885.4504162191845,17.72241298062772,888.4212596416439,0.9039505,1.0,1.0046060863838795
DNAJC7,2,0.003969762595554611,8043.218619438963,16091.301830542603,13.030362728424699,16092.437238877927,0.4589273,1.0,1.0063359015746298
DNAJC8,2,0.005094843099407845,8957.437335038841,17921.064088332674,11.491900228914922,17920.874670077683,0.398291075,1.0,1.0045596476597651
DNAJC9-AS1,2,3.4151259566398844e-5,190.44416254431692,387.7043475335644,10.978488115517715,386.88832508863385,0.935889575,1.0,1.0022301801809206
DNAJC9,2,0.002363392190390254,4719.644233352401,9446.494255982234,37.53321839594715,9445.288466704802,0.6174071,1.0,1.0008187865760783
DNAL1,2,0.0005890068243706525,2261.4630407218397,4527.748565239957,37.369643238857265,4528.926081443679,0.7420715,1.0,1.004888470974556
DNAL4,2,0.0002959676196610425,2975.621172183667,5957.442907240895,37.865007013179905,5957.242344367334,0.699253,1.0,1.006800627903457
DNALI1,2,3.8703315368370584e-5,200.66770708527753,404.40082724116706,11.316908807023724,407.33541417055505,0.93571685,1.0,1.0025569464152106
DNASE1L2,2,1.741340835164703e-6,53.42006605140756,109.84603163985527,5.326814837071966,112.84013210281512,0.96527225,1.0,1.0031290242458717
DNASE1,2,0.00012560139931566615,1140.2298214051673,2283.587726145332,29.443051586032443,2286.4596428103346,0.86417095,1.0,1.0055307422781714
DNASE2B,2,1.1505135131478018e-5,120.36555954191398,243.35945068527144,8.426929016378832,246.73111908382796,0.95104245,1.0,1.0031301408565545
DND1,2,1.1504289996292542e-5,120.36555729808006,243.72401597209006,8.426461582808304,246.73111459616013,0.950004825,1.0,1.0020667897299993
DNER,2,7.202829306507761e-5,259.68082432058156,532.667892655723,13.136055243346755,525.3616486411631,0.92386685,1.0,1.0032771180066093
DNHD1,2,5.977240591941361e-5,240.41477746319052,484.6956256372569,12.564380510275,486.82955492638104,0.928436775,1.0,1.0033583758220241
DNM1L,2,0.0025085740373788443,4277.814210567997,8562.88987274149,32.60059473757613,8561.628421135994,0.645983875,1.0,1.0088181585668812
DNM1P35,2,9.62145793052281e-5,292.5573771209909,588.1710973546458,14.076547705319813,591.1147542419818,0.9273606,1.0,1.0027770745641833
DNM1,2,7.05377104812429e-5,970.4465648021245,1946.5778530798332,27.218834278076436,1946.893129604249,0.845770275,1.0,1.0032280838491867
DNM3,2,2.785426378743534e-5,174.86399290744404,352.5714838364761,10.451109808702974,355.7279858148881,0.94068195,1.0,1.0023583176270985
DNMBP-AS1,3,3.197976396907625e-5,185.28449243892894,373.33145464666455,10.807169618536038,376.5689848778579,0.94097065,1.0,1.0011865946625438
DNMBP,3,0.0016857520204966552,3197.5927690799754,6400.105367220955,38.05606269929315,6401.185538159951,0.721406525,1.0,1.0033346803996053
DNMT1,2,0.008021781947108935,7597.926491499709,15207.594862602835,22.72891587049623,15201.852982999419,0.501008725,1.0,1.0048133843542204
DNMT3A,2,0.00011123408842907397,756.9715761165819,1519.4592137436423,23.606088212668336,1519.9431522331638,0.862840075,1.0,1.0023674623588714
DNMT3B,2,3.299755502537841e-6,525.476603230409,1054.0374477516118,19.58904570214129,1056.953206460818,0.8979731,1.0,1.005826628984251
DNPEP,2,0.002139462815507696,6457.151568675234,12926.003726149274,19.16520112019157,12920.303137350467,0.540141325,1.0,1.0071014498704154
DNTTIP1,2,0.0017929180716020913,5366.616037655091,10738.194691125347,25.978606785494282,10739.232075310181,0.5916332,1.0,1.0033132018891622
DNTTIP2,2,0.0032976813478777884,5616.109557467602,11236.903757664273,25.330072880468073,11238.219114935204,0.6056416,1.0,1.007448425820764
DOC2A,2,0.00020379925501631783,2507.1595114735815,5019.780373652041,37.92065681353973,5020.319022947163,0.729111675,1.0,1.0050671168694925
DOC2B,2,6.96223645890545e-6,97.13606973745591,198.51403061767002,7.45247362951829,200.27213947491182,0.954457125,1.0,1.0036001687515756
DOCK11,2,2.271039618411926e-6,59.983244796582746,122.33365069740634,5.679937339946852,125.96648959316549,0.964103525,1.0,1.0025592456065804
DOCK1,3,0.0006010057397765102,1803.2343931794987,3620.227744846959,35.15973957352748,3612.4687863589975,0.7683867,1.0,1.0054075327059369
DOCK3,2,4.016279751997439e-6,382.1308410927009,767.2925238122042,16.313143172287838,770.2616821854018,0.91027995,1.0,1.0039249997494903
DOCK4,2,2.220113496927845e-5,158.9617824462901,321.09790116642563,9.890420995847405,323.9235648925802,0.942768375,1.0,1.0025685589614148
DOCK5,2,0.0005143679263560537,1600.259109289133,3205.5965851894102,33.69681296974052,3206.518218578266,0.792656025,1.0,1.0044117539452042
DOCK7,2,0.0005685097769493868,2032.3806068566603,4069.109502069952,36.53172622323188,4070.7612137133206,0.78744265,1.0,1.0048605919007305
DOCK8,2,5.678845750825078e-7,32.764211776228464,67.75656948620897,4.118133778280978,71.52842355245693,0.9715288,1.0,1.0010865031831409
DOCK9-AS2,2,2.87443089509823e-6,66.42110301471808,135.20188887072342,6.01242237098159,138.84220602943617,0.9630842,1.0,1.0025014675548911
DOCK9,2,3.827715169159861e-5,749.5546620271406,1503.1113253823662,23.814522072835405,1505.1093240542812,0.869962825,1.0,1.001324038961258
DOHH,2,0.0006831044361098397,3457.965110196297,6920.870297281439,36.73236044039463,6921.930220392594,0.702395225,1.0,1.0038030107803029
DOK1,2,0.0001517968339636241,2320.55812908437,4645.225130352783,37.4165313502423,4647.11625816874,0.78072535,1.0,1.002801754177906
DOK3,2,3.4153791262627634e-5,190.4441692659704,383.90576312786305,10.979871019829258,386.8883385319408,0.9372858,1.0,1.0031033513546117
DOK4,2,0.0006705984338867177,1960.2173526897384,3923.864151331806,36.082174698890775,3926.434705379477,0.787220775,1.0,1.0049228727141084
DOK7,2,7.204962654364643e-5,259.6723334415817,522.379394107213,13.13850344114303,525.3446668831634,0.92836485,1.0,1.003270288591668
DOLK,2,0.0008399723848558702,1973.2194326745762,3949.969635578006,36.10948392587376,3952.4388653491524,0.804596075,1.0,1.0028515244225684
DOLPP1,2,0.00024267185489341801,1320.379227045951,2644.672806396183,31.192816888542712,2646.758454091902,0.825130575,1.0,1.0024883889055796
DONSON,2,0.0006520136815393603,2234.7579963646704,4474.785611961281,37.2933528773873,4475.515992729341,0.739962025,1.0,1.0062724686752123
DOPEY1,2,3.939560662957576e-6,386.43882355231614,775.7378776252942,16.420535226306768,778.8776471046323,0.9138989,1.0,1.0023544010888368
DOPEY2,2,5.6296999962839675e-5,819.3156243625014,1642.4572754236483,24.757601793179244,1644.6312487250027,0.860889125,1.0,1.002691154898768
DOT1L,2,6.6266318695692e-5,911.7015062908853,1826.7794323288692,26.180568913706647,1829.4030125817706,0.8666304,1.0,1.001430542472327
DPAGT1,2,0.00039860915981509694,2292.2753798318445,4589.680224480282,37.46468605903575,4590.550759663689,0.737689,1.0,1.003004879228713
DPCD,3,0.0019321159366083532,7291.464128647743,14599.778522721384,16.023417815955284,14588.928257295485,0.4619005,1.0,1.0063311650306803
DPF1,2,0.00010166354420610396,1119.2420631894108,2241.76259725378,28.995395069320182,2244.4841263788217,0.847773375,1.0,1.004657584272681
DPF2,2,0.000321260775470048,4360.080578767362,8724.426141671565,32.09373121361585,8726.161157534723,0.666223425,1.0,1.0090065846012257
DPH1,2,3.41496414003519e-5,190.44415824808607,384.434687492977,10.979306435427292,386.88831649617214,0.93677495,1.0,1.005581949488852
DPH2,2,0.0007031747624467029,3182.9090003279102,6371.521224312907,38.03251529077994,6371.8180006558205,0.689227275,1.0,1.0027917929670251
DPH3,2,0.0016800068714693498,4626.898157280897,9258.534882398571,31.708437993369916,9259.796314561794,0.612089825,1.0,1.0059987173937426
DPH5,2,0.0018437034121643724,4209.507934467324,8423.361672219573,32.666905016955894,8425.015868934648,0.679809075,1.0,1.0017733649376894
DPH6-AS1,2,1.0261906124815028e-5,114.65027756055544,231.9926207352847,8.194517081538338,235.30055512111088,0.951608075,1.0,1.0060001872646078
DPH6,2,0.00031291703510195396,2725.09173270634,5455.337579049303,38.02635232266386,5456.18346541268,0.724400775,1.0,1.0033809440600558
DPH7,2,0.0008372452557358952,3571.0899892674847,7147.175913094516,36.3083154509739,7148.179978534969,0.695775375,1.0,1.004300365117907
DPM1,2,0.002815855001009429,7465.48130039967,14936.353119211453,15.306826535180484,14936.96260079934,0.46884565,1.0,1.0030553719305606
DPM2,2,0.003633407806571165,5687.03813778042,11379.463030730514,25.237856587969247,11380.07627556084,0.59726645,1.0,1.0066330185453842
DPP3,2,0.0015793435804854932,3788.946973450402,7874.747773377147,35.375311290403815,7583.893946900804,0.613664175,1.0,1.0052371490996554
DPP4,2,0.00020044225326814076,394.4894267605057,797.2986173378154,16.718397719783862,794.9788535210114,0.9044208,1.0,1.0018907254786527
DPP8,2,0.000688204491501325,3027.7426660056985,6060.99110548304,38.335189573819434,6061.485332011397,0.695956375,1.0,1.0057807953093492
DPP9,2,0.000522795949988984,1779.0112519520546,3568.844841059194,35.02197408410854,3564.0225039041093,0.77211915,1.0,1.0024155708776017
DPY19L3,2,8.694817610845997e-6,548.7385483711032,1108.3568048356524,20.0733699016472,1103.4770967422064,0.885024825,1.0,1.0035462869456555
DPY19L4,3,0.00016121836146919738,2569.492155698944,5156.440921100895,37.80645204589091,5144.984311397888,0.712517225,1.0,1.0037482564765727
DPY30,2,0.00799098405378868,9842.519951306202,19690.54206321276,9.749062454630367,19691.039902612403,0.397573975,1.0,1.009584527995582
DPYD,2,5.999443264941218e-6,91.16117298658865,187.12896402450758,7.187180271979331,188.3223459731773,0.955826125,1.0,1.0012951129369843
DPYSL2,2,0.0007177334069306541,4374.988828202816,8757.255199993217,34.57207782517838,8755.977656405632,0.63575925,1.0,1.0109479893374875
DPYSL3,2,0.0003490934402181807,921.8046025791606,1856.070676983962,26.611572559878503,1849.6092051583212,0.845184375,1.0,1.0025606240355358
DPYSL4,1,7.205185502002232e-5,259.67233935707225,522.5231097940155,13.13851140840842,525.3446787141445,0.9271677,1.0,1.001775088512734
DPYSL5,2,6.354889272117715e-6,541.0208258996212,1085.9706498708672,19.91534765113673,1088.0416517992423,0.889854,1.0,1.0021298420971216
DQX1,2,5.687575518355763e-7,32.76421409398174,70.24623437384385,4.107424456649183,71.52842818796348,0.9709261,1.0,1.0032447421822963
DR1,2,0.0006036985268259189,4307.6606540139555,8620.110991935833,34.415025881369466,8621.321308027911,0.63855165,1.0,1.0044788297305904
DRAM1,2,0.0007188028537327321,2380.9228918431213,4770.779540791205,37.554261207587004,4767.845783686243,0.7269205,1.0,1.0024259002147422
DRAM2,2,0.002491395257754029,4233.694027016417,8474.24476809939,33.569356773377,8473.388054032834,0.64910355,1.0,1.0031261899249915
DRAXIN,2,3.114701437125339e-5,423.6709456168015,851.4735798047632,17.168558285796156,853.341891233603,0.903625425,1.0,1.0029855277697168
DRD4,2,1.878869147659441e-5,148.1626168857522,299.9496404651107,9.496586081269704,302.3252337715044,0.944348025,1.0,1.0019980658534853
DRG1,2,0.003056377922039697,5550.358471908114,11105.316464832056,24.09756426201926,11106.716943816227,0.594486225,1.0,1.0084208314764855
DRG2,2,0.00024314235521850596,2741.3794064030317,5488.077046794017,38.077132274732,5488.758812806063,0.715325625,1.0,1.0025070343778746
DROSHA,2,0.00020748465760143828,1347.4343986128965,2725.3772244893407,31.494788793313504,2700.868797225793,0.801093025,1.0,1.00266169564191
DRP2,2,1.4420513676158723e-7,17.768406036859037,37.843035212179934,3.1241947682784232,41.536812073718075,0.976029175,1.0,1.0031177740537376
DSC2,2,0.0009574599757991838,3243.6869401769422,6492.685291551282,38.01861288336803,6493.3738803538845,0.684945875,1.0,1.0035330615713816
DSC3,2,6.703357597809637e-5,718.9422172446618,1445.8386007787385,23.026643744360836,1443.8844344893237,0.865571775,1.0,1.0060125200577565
DSCC1,3,0.0012232439557542303,2417.2700027222504,4846.202748894332,38.20636758981389,4840.540005444501,0.737348725,1.0,1.0049398310298823
DSCR3,2,0.0002655456516814329,2917.1694654271573,5838.9245443523805,37.92506340320979,5840.338930854315,0.724229475,1.0,1.0031792368983796
DSCR9,2,6.9575231292437806e-6,97.13605722356566,196.7917455759372,7.4533954294987925,200.27211444713132,0.955809175,1.0,1.0041829687476416
DSE,2,0.00026805339811712,1658.4631094341787,3320.0230389014223,34.29257604906253,3322.9262188683574,0.82174675,1.0,1.002309962293682
DSG4,2,5.677703909593802e-7,32.764211473069615,67.77572981066052,4.113606480964431,71.52842294613923,0.9716276,1.0,1.0062561112950574
DSN1,2,0.000822151439380033,1668.5543564161633,3342.4439682825114,34.17487959761342,3343.1087128323265,0.788167025,1.0,1.0034073015021832
DSP,2,0.002877503352302908,5722.385123034114,11452.045293690635,26.048082740339606,11450.770246068229,0.535844425,1.0,1.0089127311340838
DSTYK,2,0.00020060197901487607,1533.254390776988,3069.4216807373186,33.31022677971823,3072.508781553976,0.83696655,1.0,1.0065288397989325
DST,2,0.001490481359663469,5677.68965001993,11360.510661435814,27.116329121514596,11361.37930003986,0.579899975,1.0,1.0055196443355536
DTD1,2,0.003671982968049144,6856.744035906994,13756.375693621307,17.03971113672408,13719.488071813988,0.466866075,1.0,1.0036842215465476
DTD2,2,0.0005032865794453331,1804.5713041174672,3612.511459691781,35.21230068600241,3615.1426082349344,0.7997565,1.0,1.0032270546155604
DTL,2,0.0006848180551457907,968.1226895727034,1941.5198345529286,26.50902650798368,1942.2453791454068,0.8457448,1.0,1.0028804613453202
DTNA,2,0.0004981660745933934,840.0409206957607,1684.5256648810296,25.400802784655507,1686.0818413915215,0.865396175,1.0,1.0040119917603068
DTNBP1,2,0.0008354766085565029,3769.1838195297073,7541.565396105075,34.99824264783047,7544.367639059415,0.719399,1.0,1.004126046465482
DTNB,2,0.000217999688230129,1563.7486451460725,3131.1008015432662,33.56237120563765,3133.497290292145,0.812703325,1.0,1.0027898743961687
DTWD1,2,0.0006994001323803252,4657.391369860873,9319.030521676308,30.8993241086974,9320.782739721746,0.647422725,1.0,1.0045214886096812
DTWD2,2,4.044606146379745e-5,990.4325104137855,1984.0223176328839,27.401601736938865,1986.865020827571,0.85642105,1.0,1.0009152356265625
DTX1,2,2.8789151992793323e-6,66.42111492054569,135.37997057274418,6.01149279988871,138.84222984109138,0.96222165,1.0,1.0036998582175118
DTX2,2,0.00048376664257756804,1714.794686975278,3432.8983254432796,34.59465268274966,3435.589373950556,0.82557855,1.0,1.002043548512358
DTX3L,2,0.00016190304802675705,1065.7184470554107,2135.463401215523,28.21363099753732,2137.4368941108214,0.843191725,1.0,1.001788803688318
DTX4,2,9.257887199068092e-5,287.91199117956245,578.9143991464408,13.947127815438554,581.8239823591249,0.9264347,1.0,1.0028683450607903
DTYMK,2,0.012210887280557012,6992.55076751363,13994.177831509167,32.37016832499879,13991.10153502726,0.553984425,1.0,1.0064159891518696
DUOX1,2,2.991185002417035e-5,923.1908935622305,1876.9026750711434,26.50752922448634,1852.381787124461,0.841675875,1.0,1.0028292683806128
DUOX2,2,8.006255026076175e-6,103.03950388563034,209.98714999237097,7.707792240405902,212.07900777126068,0.953321725,1.0,1.0022025132831356
DUOXA1,2,4.7091473329602665e-6,333.7383533640449,670.8395603530942,15.084188389916038,673.4767067280898,0.915346375,1.0,1.0045671968125616
DUS2,2,0.0004247406014282068,1389.5243125271672,2783.5469892788237,31.80848025123151,2785.0486250543345,0.816335475,1.0,1.0036745611297666
DUS3L,2,6.137488909613927e-5,2208.6879274173493,4421.944078995938,37.07589942809198,4423.375854834699,0.7582914,1.0,1.0026759387719502
DUS4L,2,0.0006049972407818063,1937.002811905383,3877.3459310826447,35.96770489444707,3880.005623810766,0.7968533,1.0,1.0043799085351617
DUSP10,2,1.1006460545737342e-5,517.9770216645242,1038.9528152475566,19.34796512809671,1041.9540433290483,0.90476725,1.0,1.0025239397631382
DUSP11,2,0.0015505192822670372,4145.407720566368,8294.267645600143,33.03439879097798,8296.815441132736,0.70583835,1.0,1.0068183786260971
DUSP12,2,0.0012380509998839487,3666.7170003515275,7338.6613698114425,36.47652597337664,7339.434000703055,0.6819935,1.0,1.0083326562258468
DUSP13,2,6.580474945116475e-5,250.07812453903765,510.8659776578627,12.853454925989658,506.1562490780753,0.9257338,1.0,1.0023593380933975
DUSP14,2,0.0012435701839317048,4761.660660671384,9527.63619162308,30.779532684973503,9529.321321342768,0.6331022,1.0,1.0051754230468817
DUSP16,2,1.5719038156886433e-5,381.679779195229,766.9958682208493,16.228893071210237,769.359558390458,0.910515125,1.0,1.0031776400006907
DUSP18,2,0.0001876971817546992,1403.545458921309,2810.14071485116,32.10271660494073,2813.090917842618,0.839582225,1.0,1.0053548280567237
DUSP19,2,3.4792442095154994e-6,424.5912607428084,852.069216167186,17.336449347122006,855.1825214856168,0.908852425,1.0,1.0049604704339374
DUSP1,2,0.0021176965448616307,5526.793252910622,11060.373287448814,30.935023466007785,11059.586505821244,0.598850525,1.0,1.0036422350077496
DUSP22,2,0.00044709737737601074,3119.3755551693203,6248.760083536881,37.652089329102125,6244.7511103386405,0.6829555,1.0,1.0023009546861976
DUSP23,2,0.0060280717674849275,8179.161935514386,16364.600110153924,13.145291995296063,16364.323871028771,0.4972768,1.0,1.0127406510086612
DUSP28,2,0.0001673643762994168,2414.1816220015785,4832.864735158078,37.66623150188267,4834.363244003157,0.762906475,1.0,1.003752084740811
DUSP2,2,0.004661345152706516,5415.659733045301,10837.750899278417,34.96448201472717,10837.319466090603,0.58587575,1.0,1.001336775940646
DUSP3,2,0.0007500590639396012,2103.259785527652,4209.698324691372,36.74566908803492,4212.519571055304,0.79485395,1.0,1.0020421292694264
DUSP4,2,0.0016746790311366034,4589.34772461929,9183.892142879959,36.95122766610144,9184.69544923858,0.62192405,1.0,1.003283151036885
DUSP5,3,0.007108214814612605,7780.607019024563,15568.126789812512,22.63363535935453,15567.214038049126,0.4934722,1.0,1.000667654851074
DUSP6,2,0.0057127637760992145,10571.383106039144,21149.028404925066,11.236742842929194,21148.766212078288,0.4278567,1.0,1.0002725562728423
DUSP7,2,1.9458051581864914e-5,628.6990542629783,1260.4978303026753,21.526000307494645,1263.3981085259566,0.89591015,1.0,1.0039573722899888
DUSP8,2,7.950220009398439e-5,1108.0749852949482,2219.1639550834625,29.024745997880004,2222.1499705898964,0.8721817,1.0,1.0009868665783073
DUSP9,2,0.0006268628297690257,2953.00238157108,5911.82448786371,38.05562989638511,5912.00476314216,0.693358825,1.0,1.0038953809898352
DVL1,2,0.0008590909837188968,2047.0052981665422,4098.330115360761,36.46347699037569,4100.010596333084,0.771483925,1.0,1.004120115238046
DVL2,2,0.0011789218480369743,3870.813419537498,7746.726184428372,34.820443136833624,7747.626839074996,0.671985225,1.0,1.0044337182130154
DVL3,2,0.0003691303357504523,2625.2106564761325,5256.193207246293,38.089511899212354,5256.421312952265,0.721106625,1.0,1.0014821644797636
DYM,2,0.0010229514828944911,2197.5918737189295,4399.321669883973,37.056039851533,4401.183747437859,0.7680553,1.0,1.0026511821302864
DYNAP,2,2.531275635145667e-9,6.7205368113117455e-6,1.1726341016231867,1.1441223993102737e-14,6.000013441073623,0.98244065,1.0,1.0016207216980544
DYNC1H1,2,0.0022824777270297057,7619.775276355755,15244.854577708255,14.181893676981558,15245.55055271151,0.464157275,1.0,1.0049281883446248
DYNC1I1,2,5.683245497556028e-7,32.763459009666384,67.91103375039079,4.113822221928822,71.52691801933277,0.971196675,1.0,1.0026842292732747
DYNC1I2,2,0.001439058500823944,5333.897904805652,10674.216387224345,26.775871999156355,10673.795809611303,0.59795215,1.0,1.010154798417524
DYNC1LI1,2,0.0014231542117808962,5028.191960045233,10061.212343111305,29.0718321403863,10062.383920090466,0.631006325,1.0,1.017360950146796
DYNC1LI2,2,0.0010845888527754003,4575.570566757061,9161.394690286446,31.446599422569694,9157.141133514122,0.591030825,1.0,1.0058539420103183
DYNC2H1,2,1.4202833036213592e-5,420.19821769926887,844.0543393753462,17.153358495705294,846.3964353985377,0.90425355,1.0,1.001588392784356
DYNC2LI1,2,0.00028886552728427497,3086.001880801724,6182.843266719332,37.49870357464542,6178.003761603448,0.688650125,1.0,1.0031718290806353
DYNLL1-AS1,2,0.0005464301040732294,1612.5257200301849,3229.2913760001325,33.79015770158049,3231.0514400603697,0.812329925,1.0,1.0027649528046814
DYNLL1,2,0.03447207339887758,14880.448619359411,29768.31231744928,4.190986097726242,29766.897238718822,0.2872759,1.0,1.0027694701382177
DYNLL2,3,0.0017982674176397204,4782.704885802546,9572.80907516373,32.375924932400814,9571.409771605093,0.597593775,1.0,1.0014916085216723
DYNLRB1,2,0.0027954626554771863,9237.966768350712,18486.666800170322,10.837715734660232,18481.933536701425,0.383935,1.0,1.0039485823679462
DYNLT1,2,0.00708462618457384,11683.433980644302,23372.810029633165,7.001614780093344,23372.867961288604,0.34396575,1.0,1.0041253639003087
DYRK1A,2,0.0003394292857885809,1233.7701299688679,2471.891443823147,30.163230372925263,2473.5402599377358,0.83752135,1.0,1.0017705311141871
DYRK1B,2,3.639029378040813e-5,195.57155887353795,393.976338339233,11.150644361540818,397.1431177470759,0.941087275,1.0,1.0042184532169376
DYRK2,2,0.0005135095747959304,1818.8166695002967,3640.710706453464,35.49029971442906,3643.6333390005934,0.8352658,1.0,1.0063790971282127
DYRK3,2,3.6111186578623035e-5,609.9454676908493,1223.576058539412,21.09973865835349,1225.8909353816987,0.887921675,1.0,1.0035983820529462
DYRK4,2,0.00132975077146,4144.277745023551,8292.081279843916,32.7886100477506,8294.555490047102,0.6942253,1.0,1.0038095961322053
DYSF,2,1.2793670106076523e-6,46.712400152873066,97.43005573617287,4.949709923251661,99.42480030574613,0.96701075,1.0,1.0023008411537628
DYX1C1,2,5.426523003082971e-5,2463.8434990517535,4933.837363148002,37.70782337865239,4933.686998103507,0.748839625,1.0,1.0032703706638184
DZANK1,2,6.385274484985086e-5,627.7471273481096,1261.5904296942078,21.656791488582844,1261.4942546962193,0.87862535,1.0,1.0039335950450887
DZIP1L,2,1.962522373954744e-5,624.9951481025822,1253.1830073985384,21.453603519230004,1255.9902962051644,0.8852181,1.0,1.0025741292223476
DZIP3,2,0.0010096554077090706,3001.6800854361554,6010.364233922244,38.410203550070726,6009.360170872311,0.688911475,1.0,1.0045003611326329
E2F1,2,0.0006024144866740251,1682.7873731946127,3372.161454504076,33.87419822277356,3371.5747463892253,0.78896075,1.0,1.002482471220412
E2F2,2,7.503783270564916e-5,475.72086149877106,955.6684698510818,18.226206468650215,957.4417229975421,0.89744075,1.0,1.0023606933212919
E2F3,2,0.00010906588039310247,1908.3268060728592,3821.1053271746873,35.73370126161153,3822.6536121457184,0.77868015,1.0,1.0048365751094108
E2F4,2,0.003824881939382853,5521.436396853523,11047.967790336486,26.37215463565363,11048.872793707045,0.57020425,1.0,1.006897791074563
E2F5,3,0.0005682861165242243,1537.207445197919,3079.0377980821795,33.15436126445249,3080.414890395838,0.801727875,1.0,1.001929255502797
E2F6,2,0.0010868323483256166,3179.6461778812786,6363.555084035928,38.090427786611095,6365.292355762557,0.710769775,1.0,1.0081370918694257
E2F7,2,0.00015252984725324102,580.0080989612899,1164.4786427884376,20.28126015657817,1166.0161979225797,0.88442915,1.0,1.0041982337077042
E2F8,2,0.0003831820266348455,686.2205734040336,1377.3385270213084,22.088751824342523,1378.4411468080673,0.87328555,1.0,1.002149315029972
E4F1,2,0.00014609728291959794,2649.0961729661876,5302.3713155713895,37.91620039210751,5304.192345932375,0.74498675,1.0,1.0046759620314565
EAF1,2,0.0003861931836291032,1474.0165103396637,2952.1643418057993,32.64365086577261,2954.0330206793274,0.81231705,1.0,1.0027646822077378
EAF2,2,0.00014066460178332316,1283.1030114326538,2569.688765111945,30.889571110771538,2572.2060228653077,0.8298352,1.0,1.0027606338822923
EAPP,2,0.002311033364613069,7280.372037826801,14565.590353416916,15.596172996403034,14566.744075653602,0.486984025,1.0,1.0031790059433137
EARS2,2,0.0004857768618618308,1429.8830148387376,2865.0269689781894,32.179180298709376,2865.766029677475,0.8046395,1.0,1.002871884497143
EBAG9,3,0.002260855253781844,6138.9997358155815,12283.129487971288,23.371317834891137,12283.999471631163,0.5474528,1.0,1.0067598426250342
EBF2,2,3.8702785153682484e-5,200.66770567755754,404.4817745415224,11.317051752862103,407.33541135511507,0.935908175,1.0,1.0026894158461077
EBF3,1,8.870795555863112e-7,39.8395464170444,81.95960510598785,4.551138500539491,85.6790928340888,0.969691725,1.0,1.0025618633392757
EBF4,2,6.448923061800843e-5,937.4041711385348,1883.0919583387822,26.56411776897065,1880.8083422770696,0.844000125,1.0,1.005983270935168
EBI3,2,0.00018987448722397065,385.94281241114817,780.7631625388165,16.509540002470192,777.8856248222963,0.905893075,1.0,1.0023132186446968
EBLN2,2,1.4633308164898957e-5,746.7627752344184,1496.306684799053,23.696072095976003,1499.5255504688369,0.894864025,1.0,1.0019367469338596
EBNA1BP2,2,0.005679888758826396,8297.409105994097,16600.20427423453,13.353355513622818,16600.818211988193,0.431238,1.0,1.0047357589126356
EBP,2,0.004328468934705743,8232.221994984515,16561.888066396397,16.614840768011874,16470.44398996903,0.45211535,1.0,1.0037990078709655
ECD,2,0.0003781045651852137,1850.0898203492704,3703.6415524448053,35.569252098731674,3706.179640698541,0.807369725,1.0,1.0037443874581975
ECE1,2,0.0007029065485737616,1975.7477248126518,3961.0168410833153,36.143997529158824,3957.4954496253035,0.76089135,1.0,1.0074124755534162
ECE2,2,0.0013147328030612053,3754.2061730175215,7513.34195039774,35.7873389778434,7514.412346035043,0.680138175,1.0,1.0048586822075778
ECHDC1,2,0.0021437224830687706,6039.925231851129,12085.426830372888,22.00243363893286,12085.850463702258,0.530387375,1.0,1.0058611130027382
ECHDC3,2,0.0016230490304769112,2382.368534933325,4768.628007470375,37.70286120727282,4770.73706986665,0.784112875,1.0,1.0043901466355214
ECI1,2,0.0046248468080547275,9675.44685870969,19367.886725140124,9.90381907000374,19356.89371741938,0.40548425,1.0,1.0133705937636976
ECI2,2,0.0030920382433051175,7816.59464541472,15639.886240182743,13.865675367087043,15639.18929082944,0.502354525,1.0,1.0187117962911802
ECM1,2,9.621810390213212e-5,292.5573864787957,593.0693483902688,14.074224213219166,591.1147729575914,0.9192464,1.0,1.0018243933914184
ECSIT,2,0.002080253294123495,4092.3810324711494,8191.609845917259,34.37557303389202,8190.762064942299,0.645468625,1.0,1.0029344988006776
ECT2L,2,1.4218194282141647e-7,17.768400665279128,37.850848728124426,3.11805346528705,41.536801330558255,0.976083325,1.0,1.0027288392911227
ECT2,2,0.0016784365125194851,2928.121979413711,5866.770814859968,39.75532841577344,5862.243958827422,0.709019225,1.0,1.0059695448465087
EDAR,2,5.695195526542008e-7,32.764216117093916,67.7436692486582,4.112785753438811,71.52843223418783,0.97154055,1.0,1.0015942068818802
EDA,2,8.903412239621683e-5,729.2318209223475,1462.8335209760571,23.166440639727444,1464.463641844695,0.8688118,1.0,1.0029114449426928
EDC3,2,0.0005300199920931802,2000.7308393671353,4004.5847460295713,36.33857244189678,4007.4616787342707,0.809561925,1.0,1.0033917305125726
EDC4,2,1.0260805470889653e-5,114.65027463831926,232.6843524211224,8.19411872146322,235.30054927663852,0.950952275,1.0,1.001300275155614
EDEM1,2,1.6552849514652054e-5,701.1436161384809,1405.7264242858487,22.880890041517823,1408.2872322769617,0.8752051,1.0,1.0024699973229867
EDEM2,2,0.0004705364775214464,3246.1565149071744,6497.452115585628,37.32524890300215,6498.313029814349,0.7010366,1.0,1.0031889312457445
EDEM3,2,5.8057294085597654e-5,987.8253253420304,1978.8285687316932,27.316013801804836,1981.6506506840608,0.855468325,1.0,1.0053360588953004
EDN1,2,4.746353028072343e-6,329.2302114043679,661.4406005671611,14.970802691783303,664.4604228087358,0.92109325,1.0,1.0041019961621178
EDN2,2,4.294424253493811e-6,78.97397047954223,160.37603331633642,6.627257288164954,163.94794095908446,0.96039985,1.0,1.001141146290262
EDNRA,2,9.621449951721534e-5,292.55737690915373,588.4392859444731,14.075897644769553,591.1147538183075,0.9219623,1.0,1.0018561326066515
EDRF1,3,0.00015116432600062826,2288.8591589852167,4582.199830057974,37.387249854539576,4583.718317970433,0.760281175,1.0,1.0099099529490532
EEA1,2,0.000947615921910487,4106.0371723811295,8216.715793334464,35.28815960868234,8218.074344762259,0.63669095,1.0,1.0041687387595866
EED,2,0.0002504319968488384,2314.390702731992,4633.299294227138,37.4455424497915,4634.781405463984,0.7711507,1.0,1.0038116227020375
EEF1A2,2,0.005019422367058473,7625.858693585144,15353.39217512153,14.725473938587983,15257.717387170287,0.432212525,1.0,1.0083787560825117
EEF1E1,2,0.004578894424923147,8308.480436389287,16621.77229600452,13.323044803696128,16622.960872778574,0.440741275,1.0,1.0027024305123144
EEF2K,2,7.146425381914146e-5,1176.901855733589,2357.2678308058225,29.77231657081062,2359.803711467178,0.83937945,1.0,1.0018577135914224
EEFSEC,2,0.0002496088230562694,1480.6029737832162,2964.8840565534506,32.79316536979136,2967.2059475664323,0.8129703,1.0,1.0053780712005624
EEPD1,2,8.895977830630379e-5,729.2316235387889,1462.6067988629736,23.167803314105775,1464.4632470775778,0.87083325,1.0,1.0016384056382572
EFCAB11,2,0.001412671283009855,3347.744203588833,6701.891359332882,38.245232253823666,6701.488407177666,0.68502455,1.0,1.0050252494566578
EFCAB12,2,1.7414543852542539e-6,53.42006635288305,109.25750589622753,5.328243269305735,112.8401327057661,0.96534775,1.0,1.0044818456649491
EFCAB14,2,0.0009270178789231206,3440.4895079619614,6889.026899231828,36.83981905107098,6886.979015923923,0.665470275,1.0,1.006306370802745
EFCAB2,2,0.0010738477137120215,2079.120223114214,4163.563082105281,36.58048038400999,4164.240446228428,0.7645431,1.0,1.010672148371686
EFCAB6,2,1.1504003544076277e-5,120.36555653754944,243.4284729116733,8.42657131364759,246.73111307509888,0.9503167,1.0,1.0017131278068612
EFCAB7,2,5.6688051187621026e-5,815.9070190032119,1635.58316649851,24.699569949349762,1637.8140380064237,0.861995,1.0,1.0037642191952507
EFCAB9,2,2.2718009630237942e-6,59.98324681795269,122.34430621557222,5.680258646697247,125.96649363590538,0.9640953,1.0,1.0042364861896198
EFCC1,2,3.846336128440711e-5,819.1617279680936,1641.7657781964183,24.805310308428997,1644.3234559361872,0.862934675,1.0,1.002725624228412
EFHD1,2,9.09112390892317e-6,108.8761414965947,221.26632038934932,7.954685785471349,223.7522829931894,0.952124025,1.0,1.0033523241587536
EFHD2,2,0.0014334990878967335,4453.701282047068,8919.8975932799,33.81243524608118,8913.402564094136,0.59719505,1.0,1.0053571362181166
EFNA1,2,0.000741218193215435,2171.0627573793035,4345.016899131059,37.02276421206696,4348.125514758607,0.82570305,1.0,1.0025808626195123
EFNA2,2,6.657709808339404e-5,1146.6689748255512,2296.7773052969524,29.479279560115195,2299.3379496511025,0.8467224,1.0,1.0037072241560852
EFNA3,2,0.0009460351468929292,3520.916764635442,7046.480882153067,36.452260132891915,7047.833529270884,0.720590575,1.0,1.0057523135500623
EFNA4,2,0.00020870429279838757,2591.159241347434,5186.723032606419,38.0517047478313,5188.318482694868,0.7634201,1.0,1.0040993722887246
EFNA5,2,1.2821066359156739e-5,126.02526141433799,254.68824296253618,8.652465587566205,258.050522828676,0.949981175,1.0,1.0027684899916034
EFNB1,2,0.0001958184747676498,1376.8547346249793,2756.974900519841,31.827239555705397,2759.7094692499586,0.8308654,1.0,1.003263572587906
EFNB2,2,0.00038558107301956063,1121.8852445366363,2248.210823567241,28.767137174448095,2249.7704890732725,0.837629175,1.0,1.0016388107435605
EFR3A,3,0.002058720241196741,5155.116504133629,10318.736253667179,27.982548108547736,10316.233008267258,0.56413115,1.0,1.005825410615637
EFTUD1,2,0.00020244234658124024,1140.7317339732854,2285.9276795895653,29.136598587440343,2287.4634679465707,0.8320216,1.0,1.0028171915720403
EFTUD2,2,0.0006298949598706245,3089.178332769763,6184.277514453548,37.61807383086111,6184.356665539526,0.694922325,1.0,1.0052645934786748
EGFR,2,0.000628846795118567,1682.150812984387,3368.761692734194,34.31060761022771,3370.301625968774,0.7973863,1.0,1.0015842314664731
EGLN1,2,0.000899311480729191,3574.2115442506924,7153.338664133562,36.557057960001394,7154.423088501385,0.704779625,1.0,1.0037034617197755
EGLN2,2,0.0007776252004237311,3471.5068717833165,6947.867027966808,36.937997836524566,6949.013743566633,0.7115215,1.0,1.0012664591982035
EGLN3,2,5.306311918539681e-5,870.9617759199458,1745.025271257935,25.764841117113686,1747.9235518398916,0.88181205,1.0,1.004203497905966
EGR1,2,0.0037440058189329127,8315.064235168778,16636.26027756106,14.35877173391729,16636.128470337557,0.497566925,1.0,1.0013229647625281
EGR2,2,0.0006115919318821018,1432.384324765825,2869.2880452149857,32.16958723524739,2870.76864953165,0.8170447,1.0,1.005077357726606
EGR3,2,0.0001792537902042211,734.4533562485794,1473.2261608436156,23.12681522439258,1474.9067124971589,0.870242975,1.0,1.0039841429493552
EGR4,2,6.885298990548351e-5,254.89893065263627,512.7166368016823,12.998201055214603,515.7978613052726,0.931879975,1.0,1.0022236810514353
EHBP1L1,2,0.00034840200689415955,1633.1121039453233,3274.097125272347,34.035376783483784,3272.2242078906465,0.786943025,1.0,1.0035193004191862
EHBP1,2,0.0005049371922781091,2560.711940780492,5126.074436368424,38.04275889275671,5127.423881560984,0.724569425,1.0,1.0014560974462832
EHD1,2,0.0004697298601314959,1904.1453236855677,3811.2338450407633,35.83940171621596,3814.2906473711355,0.81856015,1.0,1.004419969885503
EHD2,2,0.0006427180213508385,1782.6792266315235,3569.492972603991,35.0200031134149,3571.358453263047,0.79543945,1.0,1.0023963683190307
EHD4,2,0.0010629498635574912,3824.215628184558,7653.4955246336895,35.05770067282066,7654.431256369116,0.675975325,1.0,1.0076488400458317
EHF,2,0.0003485522768868154,2323.0875710243445,4651.649123041301,37.68981507257273,4652.175142048689,0.74665075,1.0,1.0029650704117872
EHHADH,2,0.00013623573634753455,1062.6054633809058,2129.5434977194577,28.200990092786817,2131.2109267618116,0.83691135,1.0,1.0049279469453283
EHMT1,2,0.002627312981899839,4008.5595831638625,8021.498594783858,34.46664814339753,8023.119166327725,0.682529075,1.0,1.0086174674036212
EID1,2,0.005282905208498473,11242.042996594604,22497.05264257155,7.717052155366269,22490.08599318921,0.3427402,1.0,1.0034486228218213
EID2B,2,4.663110425007393e-5,712.043208692043,1427.7240402580214,22.96234772725763,1430.086417384086,0.883218325,1.0,1.0043479772290644
EID2,2,0.000362567953039703,2554.9514930746204,5115.054587361457,38.18024647231549,5115.902986149241,0.738003975,1.0,1.002176237131812
EID3,2,7.204940060918322e-5,259.6723328418387,522.2189816104465,13.13867783562307,525.3446656836774,0.934335725,1.0,1.0032239440845103
EIF1AD,2,0.0009597514604567477,1998.3785643145532,4000.436631375123,36.22527570249646,4002.7571286291063,0.8144807,1.0,1.0056804163036595
EIF1AX,2,0.003763911071722024,8617.31832851483,17241.339709067943,12.06596505362102,17240.63665702966,0.438273175,1.0,1.0131730350285324
EIF1B,2,0.001042204997610984,6096.234892285028,12196.796747831664,21.525802453500376,12198.469784570056,0.57702745,1.0,1.0093760658108666
EIF1,2,0.033314094700840687,18698.80580264772,37426.46889413378,2.0446135656464013,37403.61160529544,0.1851136349399035,1.0,1.0145016767943635
EIF2AK1,2,0.00196517512389649,7616.607781813998,15462.365586793696,14.705543445460657,15239.215563627997,0.428877925,1.0,1.0075135638049668
EIF2AK2,2,0.0024970013677925594,4905.611062120984,9816.174500984282,28.634337819695595,9817.222124241967,0.609191675,1.0,1.0080418442642785
EIF2AK3,2,2.04246234750517e-5,606.3532490040329,1215.9666681286026,21.089200272200895,1218.7064980080659,0.887682475,1.0,1.0051123796783141
EIF2AK4,2,0.002155166042754849,5518.0031433022405,11043.880531693378,26.282100948858748,11042.006286604481,0.6146527,1.0,1.0083842301091135
EIF2A,2,0.0024772663537477525,8660.357677059676,17330.19108808179,11.774443167490144,17326.71535411935,0.41534385,1.0,1.0063502955907508
EIF2B1,2,0.0005572938814863619,3299.733218325129,6617.4505255684935,37.267511932654166,6605.466436650258,0.661169875,1.0,1.0041238270906159
EIF2B2,2,0.0005534949535639775,3017.6735656625733,6038.750666406467,37.59493972684832,6041.347131325147,0.744329375,1.0,1.0044493083880766
EIF2B3,2,0.0010056792006359785,2133.342955955517,4270.9221123073785,36.81546317659007,4272.685911911034,0.7712264,1.0,1.002134601916489
EIF2B4,2,0.001517439639880963,3963.901864178333,7933.155772769728,34.57449954205603,7933.803728356666,0.682303175,1.0,1.0020261166494384
EIF2B5,2,0.0013196005153384674,3935.0098223815507,7875.080752730696,34.56489324816409,7876.0196447631015,0.683175425,1.0,1.002776590626899
EIF2S1,2,0.0021841889677645192,6318.114911061695,12641.708942741865,21.728665971116705,12642.22982212339,0.5409177,1.0,1.0113606026280972
EIF2S2,2,0.012300425837810009,12376.235164233924,24757.27311574443,6.429651416678659,24758.470328467847,0.322346375,1.0,1.0088261518357475
EIF2S3,2,0.0027684157412381965,8637.167356080434,17281.3909428069,11.753577554366085,17280.334712160868,0.442144325,1.0,1.0042543238827821
EIF3A,3,0.015480874775693612,12686.075159127186,25379.026003629104,6.154868745005831,25378.15031825437,0.306680375,1.0,1.0045818395042918
EIF3B,2,0.0022050674578819175,5964.222079500691,11935.72010429164,24.117111556589947,11934.444159001381,0.5267174,1.0,1.0049737208593763
EIF3G,2,0.007795415773095845,10959.945433410958,22021.237217138958,8.206828217296232,21925.890866821916,0.31347165,1.0,1.007830129480098
EIF3J-AS1,2,0.00035927163657048245,1797.500827284719,3597.8571407868317,35.232527602773885,3601.001654569438,0.834720575,1.0,1.001564277372224
EIF3J,2,0.0042645607952820005,7748.732859868982,15503.28764096885,14.989796312978502,15503.465719737964,0.4893822,1.0,1.0042070274945352
EIF3M,2,0.006756481990253779,11117.202181765138,22239.60795309416,7.866797454665047,22240.404363530277,0.344221375,1.0,1.0160833834549827
EIF4A2,2,0.011837269661163278,11905.478573591978,23816.067572179967,6.855596976799253,23816.957147183955,0.32606675,1.0,1.0029002613832476
EIF4A3,3,0.00437614754083545,9057.764162128144,18121.379460522,11.116961988524958,18121.528324256287,0.39525595,1.0,1.0144687115343387
EIF4B,2,0.00518533267730248,10678.318001514348,21374.795504863305,8.634129017200335,21362.636003028696,0.33931815,1.0,1.0067690442106698
EIF4E1B,2,8.196075580183366e-5,273.8950129357003,550.9252670805186,13.5497999819029,553.7900258714006,0.925601275,1.0,1.0043255001440574
EIF4E2,2,0.002710880626965147,6967.0762522096475,13940.720216149219,17.24411338801474,13940.152504419295,0.561431925,1.0,1.0117936997063914
EIF4E3,2,0.00011775054587806354,1160.6008026975694,2326.582550133023,29.48667566707561,2327.201605395139,0.8268548,1.0,1.0042117989769852
EIF4EBP2,2,0.00037069878713738043,2824.6401492862587,5655.046287625067,38.11970717517185,5655.2802985725175,0.710145225,1.0,1.0015644849510037
EIF4ENIF1,2,0.0007046482574399742,2104.117356346048,4211.15150243845,36.75454951644112,4214.234712692096,0.8149176,1.0,1.002997160642074
EIF4E,2,0.004205792841696853,8150.024928636774,16304.893645476397,13.593920567672692,16306.049857273549,0.441748175,1.0,1.00243896592604
EIF4G1,2,0.002954338720525853,6591.044477175092,13186.952666212946,19.194014523091436,13188.088954350183,0.526703225,1.0,1.0120791271459384
EIF4G3,2,0.00018841154459666367,2348.476401103646,4701.4452227314,37.466470767925564,4702.952802207292,0.750693125,1.0,1.0018326666885116
EIF4H,2,0.004562706023354392,8647.752096637474,17300.997443728917,11.888871804037576,17301.50419327495,0.433654775,1.0,1.0099769461980834
EIF5A2,2,0.001108565537851192,2006.1108017626816,4017.8351619908835,36.24698777338006,4018.221603525363,0.764436275,1.0,1.0084071984920497
EIF5B,2,0.006803345780329339,10962.56795917836,21929.821535773313,8.20341159893233,21931.13591835672,0.345810725,1.0,1.0022131515520927
EIF5,2,0.007814887466027397,9233.785404271388,18473.059218707447,12.514684909967263,18473.570808542776,0.421727,1.0,1.0023642934965127
EIF6,2,0.003569651823876359,9474.177031194977,18960.52746638074,10.175007463274527,18954.354062389953,0.42871365,1.0,1.018653305251216
ELAC1,2,0.00022383878295184764,2768.7635439481414,5540.713930138721,37.879946180868686,5543.527087896283,0.772218775,1.0,1.0056061380044623
ELAC2,2,0.0008677334943117741,3694.954193669696,7397.275153651669,35.63803916485955,7395.908387339392,0.66164585,1.0,1.0080874607116561
ELAVL1,2,0.0023765737223025427,6669.046953352238,13343.711932223756,19.13401720491432,13344.093906704476,0.548353875,1.0,1.0085705035276433
ELAVL3,2,2.874411090184405e-6,66.42110296213603,135.21906580047477,6.012759043245887,138.84220592427206,0.963347275,1.0,1.0034996123372562
ELF1,2,0.0011282056731040152,4585.7584060005565,9175.851326104219,32.63312993558377,9177.516812001113,0.6489472,1.0,1.0096718132250766
ELF2,2,0.0027065860072391324,3554.8613157060413,7114.52798591772,36.73418071922427,7115.722631412083,0.721225725,1.0,1.0056981122963249
ELF3,2,0.0032054865242304746,4233.207477073318,8471.797971094338,37.827241714825554,8472.414954146636,0.646001025,1.0,1.002604731407264
ELF4,2,5.811370398562683e-5,798.9815617760524,1601.5835440010449,24.419959040229877,1603.963123552105,0.867442425,1.0,1.0020577176838361
ELF5,2,1.2818577271974073e-5,126.02525480581153,254.74041974291134,8.65243579137436,258.05050961162306,0.949754525,1.0,1.0037648532549852
ELFN1,2,5.133546326752817e-5,225.71091654513728,454.42162945251636,12.114676341136184,457.42183309027456,0.93309385,1.0,1.002199092860683
ELFN2,2,8.26375475426128e-6,689.9564537587755,1383.315264483857,22.748638128488164,1385.912907517551,0.87916435,1.0,1.0023920622601252
ELK1,2,0.00015884832544780977,2477.1436896645905,4960.592102018679,37.73038152133204,4960.287379329181,0.727903925,1.0,1.0023776449346438
ELK3,2,8.27068664912669e-5,2293.2109972203734,4591.145760030585,37.332178964191726,4592.421994440747,0.7506325,1.0,1.0016572633108118
ELK4,2,0.00020042616565803638,1258.9179659834008,2521.675527410485,30.55191619638432,2523.8359319668016,0.828140275,1.0,1.0030778222819705
ELL2,2,0.0001750269517974638,1445.1724275326085,2893.4723032285406,32.52607957046473,2896.344855065217,0.8308671,1.0,1.003269567227893
ELL3,2,6.957609010734442e-6,97.13605745158102,197.31555197352344,7.452913741460834,200.27211490316205,0.954748625,1.0,1.003611582148627
ELL,2,0.0003485489192511702,1622.8164931787942,3248.6828073653637,34.158150747232796,3251.6329863575884,0.8475001,1.0,1.001789064294822
ELMO2,2,2.545751898155031e-5,732.2125913542553,1467.7103666439218,23.51005544589233,1470.4251827085106,0.880065625,1.0,1.0035189963667817
ELMO3,2,0.0015309922480620714,3672.7153035740225,7379.499692128006,35.54251129928038,7351.430607148045,0.6322839,1.0,1.0022413457323427
ELMOD1,2,1.4775699661498937e-5,407.4840059239133,820.2719100698794,16.850553804349722,820.9680118478266,0.9036942,1.0,1.0044681625732093
ELMOD2,2,0.0006188129836336061,1921.874684968146,3849.0140080025367,35.88383494195212,3849.749369936292,0.774725475,1.0,1.0048503781333102
ELMOD3,2,0.00010727147997547378,1086.535104881738,2176.528495137518,28.562116285779354,2179.070209763476,0.848386875,1.0,1.0022903844095168
ELMSAN1,2,0.0004352406053741282,1526.3113319491126,3056.654574042847,33.09915576685503,3058.6226638982253,0.829488575,1.0,1.0032950321592797
ELOF1,2,0.0021938391492904137,6780.826380300795,13566.28580494761,17.431338197852487,13567.65276060159,0.5478041,1.0,1.0078434509279617
ELOVL1,2,0.0013259080704437136,4730.286698975077,9465.997214288662,31.388240881741556,9466.573397950155,0.606987175,1.0,1.002916388358207
ELOVL3,3,0.0009561475105146157,2513.4861799692053,5032.804080283986,37.98482135786293,5032.972359938411,0.719957025,1.0,1.0022814882665643
ELOVL5,2,0.0006760682665323342,4850.114697749813,9710.171753494584,29.818042588668813,9706.229395499626,0.583361575,1.0,1.0033657780752043
ELOVL6,2,0.0038579417641823907,5970.4505246733415,11945.64883627419,26.71617508899408,11946.901049346683,0.541823,1.0,1.0067596949075943
ELOVL7,2,8.26368869713747e-6,689.9564535833939,1384.9742871565525,22.747774752155102,1385.9129071667878,0.871744575,1.0,1.0032571002939241
ELP2,2,0.00026620907510492293,3067.426308536188,6139.0469120891385,37.5809560044205,6140.852617072376,0.72084205,1.0,1.0055835830709756
ELP3,2,0.00011343807929962034,2632.71247924692,5269.196237263511,37.867370143529875,5271.42495849384,0.747971625,1.0,1.0039363182228744
ELP4,2,0.000859553080615945,2242.6837920947746,4489.931091584005,37.24955172343724,4491.367584189549,0.7678878,1.0,1.003303578766532
ELP5,2,0.0017305600542396806,7246.004794623655,14496.78780259633,16.42907576306857,14498.00958924731,0.488763575,1.0,1.0050774107684617
ELP6,2,0.0008317272393776678,4197.464274001546,8399.55390270593,34.44725306937188,8400.928548003092,0.6326005,1.0,1.0104688856036
EMB,2,8.691590132743206e-5,2137.884766053485,4281.6553376865,36.84777310717903,4281.76953210697,0.747348525,1.0,1.0028342072751186
EMC1,2,0.0009221719651420105,2234.6638205828995,4505.898919600542,37.19406267308766,4475.327641165799,0.729373225,1.0,1.004262811889693
EMC2,3,0.0010959386190868016,5031.262811142623,10067.237021849101,27.30939607796315,10068.525622285246,0.612538375,1.0,1.007963349778162
EMC3,2,0.00025274476491967605,2708.4208952800627,5421.699901610651,38.1406209963364,5422.841790560125,0.72531805,1.0,1.0019430535907483
EMC4,2,0.004980806593827814,9388.761337566082,18787.536074685282,10.583469151039264,18783.522675132164,0.377118475,1.0,1.0084239259372245
EMC6,2,0.004634129171492679,9771.78305674912,19549.004314307615,9.901024603252402,19549.56611349824,0.3805871,1.0,1.0023396916334408
EMC7,2,0.002035047141209416,5674.701056870585,11354.469330850201,22.706910752714055,11355.40211374117,0.594235725,1.0,1.008714067981135
EMC8,2,0.002724066690376053,7039.705217364105,14084.102798014905,19.028362754010864,14085.41043472821,0.497362025,1.0,1.0049061760757951
EMC9,2,0.00332474773792889,4584.969272537781,9174.739453142687,34.72487758405106,9175.938545075562,0.612455825,1.0,1.0041030725558544
EMD,2,0.00303966630233357,7343.146170260364,14714.868848190252,16.971697752064635,14692.292340520728,0.467523575,1.0,1.0125382365824178
EME1,3,0.0005165059719657282,906.0303696885035,1817.6093589693612,25.667404677966157,1818.060739377007,0.849294125,1.0,1.002228789967247
EME2,2,2.008253602046292e-5,621.2839451169034,1250.5741715349372,21.374901181952403,1248.5678902338068,0.876741625,1.0,1.0028563572635554
EMID1,2,0.0006208237918684467,1817.5682161615896,3643.174032124073,35.2490462244342,3641.136432323179,0.772976525,1.0,1.0013921163233404
EMILIN1,2,4.29436637152256e-6,78.9739703258656,160.43733143656195,6.627128299300186,163.9479406517312,0.9594707,1.0,1.0083681077206643
EMILIN2,2,0.00021629416847357937,2429.953240837606,4864.162460275104,37.74250422608036,4865.906481675212,0.75743795,1.0,1.0039165659074896
EML1,2,2.822773851984595e-5,740.1862399171023,1484.3641291961326,23.515497565759244,1486.3724798342046,0.867391175,1.0,1.0040094154045023
EML2,2,0.0018018304102320236,4157.448942692803,8363.640899016968,34.291549860588766,8320.897885385606,0.6027452,1.0,1.006922508256369
EML4,2,0.001147643696069185,4880.602583723437,9766.544621835175,30.65171417498683,9767.205167446875,0.61047305,1.0,1.0054463778045999
EML5,2,6.575603070225728e-5,250.0943258607574,503.61890053254615,12.855195422791393,506.1886517215148,0.92738685,1.0,1.007123394146741
EML6,2,0.0001745749519860912,373.01969301608557,758.3576984778316,16.18945219056578,752.0393860321711,0.9069647,1.0,1.0021831894695667
EMP1,2,0.00036056236373544913,901.9667238287743,1811.040640215606,25.69294029312665,1809.9334476575486,0.8482806,1.0,1.0026556970008567
EMP2,2,0.0012439155531982788,4422.523157728444,8850.102031918153,34.587707279878096,8851.046315456888,0.62007165,1.0,1.0067700117482539
EMP3,2,0.004775286688384775,10485.84671960664,21001.5267410061,8.69837420329295,20977.69343921328,0.3839461,1.0,1.0073604830699872
EMR2,2,1.3783832893540073e-5,767.4014579384577,1538.2035039722077,24.05366674787977,1540.8029158769154,0.870814925,1.0,1.0023897276014904
EMX1,2,3.842708122668956e-5,819.1616316445404,1641.7063285336837,24.807081382695177,1644.3232632890808,0.864522275,1.0,1.0024719826190414
EMX2OS,3,1.2779278246912422e-6,46.71352766041922,96.20346779044003,4.953246053250313,99.42705532083843,0.967055875,1.0,1.0034073957893308
EN2,2,2.874610949372045e-6,66.42110349276219,135.24781973223114,6.011495953302388,138.84220698552437,0.96245935,1.0,1.0036323936869032
ENAH,2,0.0030920259869602756,5317.444955376205,10639.669031586884,28.042620018340738,10640.88991075241,0.58002465,1.0,1.005849520566333
ENC1,2,0.0007516361184314914,2524.9945790569795,5054.333537108266,38.11982836195679,5055.989158113959,0.730564225,1.0,1.0076055149733294
ENDOD1,2,0.000251782893386121,2718.5671720439705,5442.48174157636,38.0318270860696,5443.134344087941,0.71760785,1.0,1.0037531415196208
ENDOG,2,0.0009273551980053735,4841.566443424115,9689.463462238233,31.329074166313134,9689.13288684823,0.6245401,1.0,1.0048003471004923
ENDOV,3,0.002493509147079313,5602.27733567182,11209.319794155288,24.15423115035776,11210.55467134364,0.5839174,1.0,1.0093581833521619
ENHO,2,0.000588971063513507,2881.15832486152,5769.001328280516,38.044730090731534,5768.31664972304,0.70573055,1.0,1.0053071333726546
ENKD1,2,0.00022024531437374098,1390.696498365468,2784.8898551436223,31.947478595455948,2787.392996730936,0.822569075,1.0,1.0058262377067235
ENKUR,2,1.7189377511201533e-5,142.69870287779773,288.30177930832093,9.293439925962915,291.39740575559546,0.94589875,1.0,1.0020901864945275
ENO1-AS1,2,0.00011023325033433737,918.3113678707638,1840.5370983661437,26.19869017122743,1842.6227357415275,0.857262525,1.0,1.0015314668844515
ENO4,3,1.026118173290197e-5,114.65027563729491,251.0924481359738,8.192187468385557,235.30055127458982,0.950329875,1.0,1.0045597369675032
ENOPH1,2,0.000822977963565273,4496.11486249611,8997.82459095081,31.562334309739626,8998.22972499222,0.6158624,1.0,1.0043390731419033
ENOX1,2,1.933586619243692e-5,721.7340222016264,1446.9334941340492,23.32461598874561,1449.4680444032529,0.87549335,1.0,1.0045720750039848
ENOX2,2,0.0007834933788107841,1885.6481982916275,3776.9653637604797,35.634556919429656,3777.296396583255,0.770374275,1.0,1.0032587152294234
ENPEP,2,2.573325052492593e-6,501.8770915737479,1007.4029095503068,19.080757935864877,1009.7541831474958,0.8949278,1.0,1.0031030324600658
ENPP1,2,8.022282571394235e-5,795.4625446590849,1596.085059368347,24.309109125720788,1596.9250893181697,0.858812375,1.0,1.0021516000220294
ENPP3,2,1.2772869087906273e-6,46.7135259587875,95.85219851378332,4.953202368321791,99.427051917575,0.96738845,1.0,1.0019843822112522
ENPP4,2,0.00010198962581532553,972.6593454746037,1949.6131148518639,27.006726970202745,1951.3186909492074,0.845053825,1.0,1.0044776437036067
ENPP5,2,1.0717576513901999e-5,700.60704961899,1404.272706070469,22.943682406159798,1407.21409923798,0.886648375,1.0,1.001739205121059
ENTHD2,3,0.00041922066648228336,1648.6181186494598,3301.293325077583,34.12765963471198,3303.2362372989196,0.79851535,1.0,1.0035847069075658
ENTPD1-AS1,2,9.663051391607558e-5,1151.4663153388738,2306.6328253937304,29.409493338819484,2308.9326306777475,0.833557325,1.0,1.002713953033747
ENTPD1,2,8.869501907430435e-7,39.83954607358074,82.19126259391429,4.549516244046257,85.67909214716148,0.9690594,1.0,1.0022519301915231
ENTPD3-AS1,2,0.0008252975451916423,2222.062648567035,4447.130026915578,37.21217987517557,4450.12529713407,0.813447525,1.0,1.003518241387914
ENTPD4,2,0.0002677128370102428,1519.3113855259533,3046.0151998833594,33.126727932948626,3044.6227710519065,0.794995675,1.0,1.0073263488001731
ENTPD5,2,0.0002549504829859754,1301.2330164218672,2616.86322294458,30.96616475004038,2608.4660328437344,0.80708015,1.0,1.0034673243042047
ENTPD6,2,0.0005530805872285229,3216.9901337566353,6444.228707900071,37.33704247106226,6439.9802675132705,0.67830135,1.0,1.0039312512241743
ENTPD7,3,0.00022244867735797392,411.42404191490203,826.0423947703405,17.127489078120266,828.8480838298041,0.91264205,1.0,1.0033335261829397
ENTPD8,2,6.576117489745121e-5,250.09433951859566,504.6618644615394,12.854686665603918,506.1886790371913,0.926349225,1.0,1.0023500722383785
ENY2,3,0.012054758768348784,13064.657720840922,26135.70143728629,5.684919872987479,26135.315441681843,0.279493875,1.0,1.0080438450913967
EOGT,2,8.941853586275206e-6,693.5132166020007,1393.9611629641277,22.81144836913881,1393.0264332040015,0.869746525,1.0,1.0035720335841267
EOMES,2,9.254382273815828e-5,287.92159626714607,578.8478196707097,13.94680610998084,581.8431925342921,0.9262294,1.0,1.0046134925108225
EP300,2,0.00021550454553618105,1309.098794525007,2621.774360598783,31.092268969937777,2624.197589050014,0.842017875,1.0,1.003770313937527
EP400NL,2,3.551817345458442e-5,621.1793424296054,1246.1237470197127,21.31727054556849,1248.3586848592108,0.881818275,1.0,1.0038131134305384
EP400,2,0.00012010411507564254,2477.020551026357,4957.769998205492,37.744179908418474,4960.041102052714,0.7702535,1.0,1.0048476906100114
EPAS1,2,0.0005009442186590112,1328.3114847141662,2661.2269494347543,31.62887758846935,2662.6229694283325,0.831225,1.0,1.0013913045130733
EPB41L1,2,0.0006238270969165194,2079.5843816420097,4163.670740572164,36.685999208418615,4165.168763284019,0.78048295,1.0,1.0047783078603707
EPB41L4A-AS1,2,0.005457816209588884,8742.451105045437,17490.067298616035,12.508425347752528,17490.902210090873,0.4220304,1.0,1.0073360485522151
EPB41L4A,2,5.5642117273139144e-5,826.0461487545703,1655.6495550929105,24.868670653422228,1658.0922975091405,0.864707975,1.0,1.0042593952088763
EPB41L4B,2,0.00013456071559154241,927.9385201829195,1860.34119895321,26.303992098709475,1861.877040365839,0.850733725,1.0,1.0038809833951843
EPB41L5,2,0.00017393265620726215,1357.628148719824,2718.837890218159,31.651305852986077,2721.256297439648,0.822617875,1.0,1.002296706150817
EPB41,2,0.00038686055121428943,4126.97533390961,8260.071652801193,35.310304259365786,8259.95066781922,0.63497725,1.0,1.0038677068926682
EPC1,2,0.0014250727070664127,4569.588761457256,9144.547165331061,31.541569849508075,9145.177522914511,0.6869516,1.0,1.002814057742784
EPC2,2,0.000175467607239563,2534.791162648566,5074.114656107477,37.930905543561686,5075.582325297132,0.760508125,1.0,1.0042654484910836
EPDR1,2,0.000329756625009235,1522.8418010418009,3049.59070839246,33.12020184269814,3051.6836020836017,0.808295775,1.0,1.0028674174544052
EPG5,2,7.727241107096439e-5,815.866377050839,1635.6628734787814,24.654854391389886,1637.732754101678,0.864053325,1.0,1.0031691169488903
EPHA10,2,0.00017455900178860742,373.0196506683112,763.8179949701305,16.188681527685503,752.0393013366224,0.9067392,1.0,1.0038951305072716
EPHA1,2,0.00024267483870052582,1133.7217384111166,2270.828675927955,29.408224027657194,2273.443476822233,0.8575262,1.0,1.0060830587426488
EPHA2,2,0.0008121261909619893,2256.9915544462297,4518.559484516581,37.352719347075656,4519.983108892459,0.7497107,1.0,1.0079479073853082
EPHA4,2,6.272894951096605e-5,245.26645882293934,493.5306861844681,12.711669872840167,496.5329176458787,0.93094125,1.0,1.0016648727321136
EPHA8,2,1.7404903851397245e-6,53.41874366180845,109.3748350031265,5.328076594507027,112.8374873236169,0.96544555,1.0,1.0036404946877322
EPHB1,2,5.704289457843277e-7,32.76421853153268,67.75377024727166,4.116015140510253,71.52843706306535,0.971484725,1.0,1.0025764234941317
EPHB2,2,0.0002660461158057517,1436.331863544306,2877.417335397924,32.35412850440775,2878.663727088612,0.808164625,1.0,1.0016032224691571
EPHB3,2,3.424787196935633e-6,428.76474511239775,860.3270627968764,17.435253566405976,863.5294902247955,0.9148578,1.0,1.0037422336185093
EPHB4,2,0.0008528521459774006,2065.73647818618,4135.037724338673,36.7479437651393,4137.47295637236,0.805134925,1.0,1.004440852578113
EPHB6,2,0.0002555623972823042,1278.9617058227,2563.459595766944,30.724341412269318,2563.9234116454,0.8155742,1.0,1.0032430783914945
EPHX4,2,0.0004275924991045413,1744.8169258998082,3493.017795073508,34.83565805724022,3495.6338517996164,0.804876225,1.0,1.004264879203148
EPM2AIP1,2,0.0008002563493455213,1695.4288590208716,3395.4560339828677,34.38802237762013,3396.8577180417433,0.802079875,1.0,1.0031980446720836
EPM2A,2,0.00013686525463125338,337.9131908569698,679.2781252170536,15.29609852140546,681.8263817139396,0.91669205,1.0,1.0048380475972583
EPN2,2,0.0012709099499044764,5035.685183015383,10076.014153796032,29.14442951233351,10077.370366030766,0.6114692,1.0,1.006858635245198
EPN3,3,0.00014775754579651108,2328.070036968112,4660.129768307534,37.421893139576696,4662.140073936224,0.76933,1.0,1.0027636465113257
EPOR,2,0.0003106597469840334,2330.211535450724,4664.994744307459,37.55375254167395,4666.423070901448,0.742665075,1.0,1.0019931226726495
EPPK1,3,0.00015200829971191943,692.8200697332256,1389.2222650642777,22.8781624165893,1391.6401394664513,0.8805969,1.0,1.003142578795462
EPRS,2,0.0024156510521565477,7244.504580212279,14501.856259104514,16.234139724467664,14495.009160424557,0.463328725,1.0,1.0054819615539223
EPS15L1,2,0.0003132726381405746,1697.8946956248453,3398.8517018613466,34.558710720111335,3401.7893912496907,0.819379075,1.0,1.0032251132738979
EPS15,2,0.0002897475822297418,1612.5670406103102,3229.127203613204,33.91428357550983,3231.1340812206204,0.803342175,1.0,1.0088768536427637
EPS8L1,2,0.00011858624640817752,2439.9577165895635,4883.368977189136,37.64600766785425,4885.915433179127,0.765874025,1.0,1.0063403146064605
EPS8L3,2,6.546632580096527e-9,1.738130950015628e-5,3.7493198481526115,0.0,6.000034762619,0.98178655,1.0,1.0023637571757904
EPS8,2,0.0016824703190026497,3711.8776499502615,7429.45708301127,36.41582583710381,7429.755299900523,0.66216055,1.0,1.0052623123185587
EPSTI1,2,6.888591547532711e-5,254.8906620660181,518.2551594119323,12.996160615039468,515.7813241320362,0.92501585,1.0,1.0013692167325499
EPT1,2,0.0005907712907207204,1737.5867924314427,3480.152481109589,34.718446247383,3481.1735848628855,0.7883524,1.0,1.0036803829456402
ERAL1,2,0.0008411913490477628,3534.1824584041206,7073.834045010137,36.67364811028253,7074.364916808241,0.677225125,1.0,1.002270443983673
ERAP2,2,0.0001368649394614786,337.91319002019407,678.9985794314159,15.296804432721329,681.8263800403881,0.9191798,1.0,1.001347745126251
ERBB2IP,2,0.0003522135519419712,2860.7566564281396,5726.225273051382,38.03720637675362,5727.513312856279,0.737659175,1.0,1.006211627882571
ERBB2,2,0.0010295396274068573,2320.689636471681,4645.424461701446,37.511816790969405,4647.379272943362,0.781063775,1.0,1.0040636189611334
ERBB3,2,0.00031177658640873894,2741.6386779399263,5488.061838045898,37.922489535673066,5489.277355879853,0.7218659,1.0,1.0052068424790996
ERC1,2,0.0006176253866823824,3220.6086480957283,6446.215928209944,37.78667334413376,6447.217296191457,0.7138058,1.0,1.0058314019914991
ERCC1,2,0.003060065782297592,7745.222672288087,15513.259935299533,13.892824990976976,15496.445344576174,0.445328275,1.0,1.0049592689166549
ERCC3,2,0.0004907068452553184,2699.5691447182608,5404.290774442979,38.04873682550668,5405.1382894365215,0.720502125,1.0,1.0029419688199983
ERCC4,2,8.420985522250473e-5,2370.9882091166205,4745.077790766021,37.51027252244159,4747.976418233241,0.793569875,1.0,1.0029772918176028
ERCC5,2,0.00022970437248954318,1361.3077255992487,2726.267370551002,31.63607490437994,2728.6154511984973,0.824207525,1.0,1.0029487336951277
ERCC6L2,2,0.0009094713839498863,2088.0345281822947,4179.228456601709,36.63693881891392,4182.069056364589,0.799667775,1.0,1.0039805429915742
ERCC6L,2,2.2563688917474483e-5,560.7404784851113,1124.9590541657683,20.173080859959562,1127.4809569702227,0.890340775,1.0,1.0020590151770066
ERCC6,2,2.3742410375652203e-5,537.4413116224688,1078.4117388735156,19.69095357715189,1080.8826232449376,0.8944036,1.0,1.0034311802093825
ERCC8,2,0.0006703645800879231,1911.16556083418,3826.5722072163803,35.80123119860886,3828.33112166836,0.77972985,1.0,1.0032048859017673
EREG,2,0.010058585336188506,10712.019715283797,21429.87548983749,12.592555072084402,21430.039430567595,0.428972075,1.0,1.0035856286927056
ERF,2,0.0005854914981069786,3051.02689855723,6106.285274414731,37.80921254689751,6108.05379711446,0.730274175,1.0,1.0072947875079377
ERGIC2,2,0.00243437405325794,6245.819071148611,12496.268889936242,21.923924118050998,12497.638142297223,0.532835075,1.0,1.0074773565730326
ERH,2,0.014151537047486252,13975.169351367484,27955.56367673802,4.802846200128097,27956.338702734967,0.2717472,1.0,1.0040357514626603
ERI1,2,0.0009374066411653872,3452.594228901081,6910.517750729841,37.3141332137117,6911.188457802162,0.68664335,1.0,1.0041351948527786
ERI2,2,8.675215421037933e-5,1253.0001411294427,2509.675049388564,30.69315374212574,2512.0002822588854,0.8370214,1.0,1.0031184096164816
ERI3,2,0.0019600888969074992,6406.360266962158,12830.920056101504,20.184608297483322,12818.720533924316,0.503782775,1.0,1.004625462351993
ERICH1,2,0.0012625006132189298,6238.341062764555,12481.630763502977,21.46634938155443,12482.68212552911,0.572103975,1.0,1.0038969253761942
ERICH2,2,4.418183155942196e-5,743.779640225188,1491.165437389786,23.52440016576811,1493.559280450376,0.871143075,1.0,1.001161185066061
ERLEC1,2,0.002033308919260346,7307.817743261875,14621.258539979548,16.38237717208981,14621.63548652375,0.492984725,1.0,1.0149202205563974
ERLIN1,3,0.00039880653262989633,2633.215153910174,5281.449440954532,38.14163021581183,5272.430307820348,0.7041214,1.0,1.0034035983102998
ERLIN2,2,0.00011990146648678667,1151.8187288678282,2309.1086186998277,29.37355259425637,2309.6374577356564,0.82778085,1.0,1.003153427825652
ERMAP,2,0.00026373279867524516,440.57798262022004,884.5234685095511,17.81096057697605,887.1559652404401,0.90747665,1.0,1.0016420736523943
ERN1,3,0.00019945949696964228,1379.4650322898447,2762.005614897505,31.8520870854921,2764.9300645796893,0.8406435,1.0,1.0026438735772636
ERN2,2,1.7190146838967024e-5,142.69870492036293,288.15884770578845,9.293904603493838,291.39740984072586,0.94626825,1.0,1.005071830742411
ERO1LB,2,0.00016067987688404394,2148.0933996507774,4301.1671549807,36.86289544261517,4302.186799301555,0.7604758,1.0,1.0049874410440378
ERO1L,2,0.0016094856382900874,3776.9758737242296,7561.777092041887,35.43333201145485,7559.951747448459,0.65919425,1.0,1.005499024158571
ERP44,2,0.0017151073614988781,3734.8658716734953,7473.88356783096,35.19348341790408,7475.731743346991,0.68737605,1.0,1.0028381404039375
ERRFI1,2,0.007926907924652839,9046.487393732104,18099.62247007265,14.724262971820341,18098.97478746421,0.441341975,1.0,1.0014921831962886
ERV3-1,2,0.0007154690668389575,1859.7450945017654,3726.9106075311142,35.48661710085978,3725.4901890035308,0.769805925,1.0,1.004457168177802
ERVMER34-1,2,0.0007100395112713396,2307.8941490123893,4620.373275706622,37.49291816926707,4621.788298024779,0.74280515,1.0,1.0023884685410955
ESAM,2,8.027083891070307e-5,798.8856227549992,1602.6881909213232,24.366358777247363,1603.7712455099984,0.859636425,1.0,1.0017579125063296
ESCO1,2,0.0019326803114481138,3778.617574523337,7562.103151467814,36.51270886598856,7563.235149046674,0.692762375,1.0,1.0052495014139615
ESCO2,2,0.0023795218381736476,2176.5352647338286,4361.621917912095,37.148911910221855,4359.070529467657,0.760145975,1.0,1.0015242681443521
ESD,2,0.0027989258295206317,9942.535218374474,19894.412273284583,9.709226975019682,19891.07043674895,0.3658094,1.0,1.0085724477824594
ESF1,2,0.003835117708490568,7996.48714529956,15997.73066302272,14.414043332292874,15998.97429059912,0.456937575,1.0,1.0076944621846042
ESPL1,2,5.4750621572607765e-5,628.2812423287398,1261.03402839433,21.397428891560484,1262.5624846574797,0.878421,1.0,1.0035332554998877
ESPNL,2,1.1454528469673225e-8,3.0411773086982415e-5,1.499043320249522,8.090167070589817e-15,6.000060823546174,0.98236,1.0,1.0022216284525425
ESR2,2,1.2817489472623987e-6,46.71353780549964,95.69449541628116,4.953513996920876,99.42707561099928,0.9676577,1.0,1.0013446824876444
ESRP1,3,0.0029855282721094546,4962.085789310749,9931.85172673081,32.529088144788794,9930.171578621497,0.596577575,1.0,1.0048368965987367
ESRP2,2,0.00027559264661572793,1493.9082838644408,2991.4899878945043,32.89666788694531,2993.8165677288816,0.814755675,1.0,1.0047098864196915
ESRRA,2,0.0008115897578102317,4658.713399895745,9324.298764991037,32.51017098856918,9323.42679979149,0.64262855,1.0,1.0070824790788622
ESRRB,2,3.6390476366068535e-5,195.5715593583029,394.0440644166571,11.149945041534789,397.1431187166058,0.93741975,1.0,1.0042056356211582
ESYT1,2,0.00011120356079522623,2623.5555533563875,5258.57286002643,37.854677115890134,5253.111106712775,0.714085975,1.0,1.0022663313097182
ESYT2,2,0.0007248864885790843,2131.153589345064,4321.170788083707,36.8463461595615,4268.307178690128,0.733377575,1.0,1.004749672492141
ESYT3,2,1.336827093914495e-9,3.549275934342984e-6,1.3810165750341907,1.401258040798223e-14,6.000007098551869,0.982483025,1.0,1.0022178890190627
ETAA1,2,0.00014127597359674815,2471.7348664760557,4947.6605677647785,37.787938887050345,4949.469732952111,0.776538275,1.0,1.0039255250683625
ETF1,2,0.001542840997584635,5893.9285899521365,11792.69106724509,23.08573152376961,11793.857179904273,0.54869495,1.0,1.0044344455001444
ETFDH,2,0.0004860631248139135,1577.5662951913207,3159.9194052450716,33.52155136295148,3161.1325903826414,0.797795775,1.0,1.0041615170606881
ETNK1,2,0.0015166775909214334,4111.898616358701,8227.7653883155,33.18177397035018,8229.797232717401,0.685556575,1.0,1.005845794899721
ETNK2,2,0.00040610755865762955,1886.5102858572432,3785.105241839115,35.786495229827,3779.0205717144863,0.76822135,1.0,1.0013495689735799
ETS1,2,4.870339839501389e-5,220.74394370744565,444.5674233524477,11.959772106657288,447.4878874148913,0.932577925,1.0,1.0046329711539568
ETS2,2,0.000836503791937745,2496.716123027679,4998.194793714532,37.866357459187775,4999.432246055358,0.760711925,1.0,1.0031184741653445
ETV1,2,0.0003200312203290705,1908.499990878928,3821.894199246528,35.70815584466978,3822.999981757856,0.76490525,1.0,1.0025456872566703
ETV2,2,0.0006341211824568667,1849.9626471289675,3703.3576859037285,35.454215299243565,3705.925294257935,0.8073047,1.0,1.002264342750026
ETV3,2,8.548172886319452e-5,1214.5315517529912,2431.8863738724126,30.192104393812443,2435.0631035059823,0.8642376,1.0,1.004233197524408
ETV4,2,0.0008112913889822637,4530.76420699347,9074.616734885152,32.61979081002177,9067.52841398694,0.602057175,1.0,1.0032234169802234
ETV5,2,0.0005155802968507716,3307.291365532142,6618.314045743237,36.94677823303944,6620.582731064284,0.71882295,1.0,1.0029874183326783
ETV6,2,6.308531722247126e-5,1100.5667891351,2204.049383832659,28.832026749174098,2207.1335782702,0.85930045,1.0,1.002408590623636
ETV7,2,8.548000847676892e-6,613.5856062105379,1230.120895761295,21.301486196900886,1233.1712124210758,0.88971,1.0,1.0042304113010188
EVA1A,2,1.6499286113145375e-5,701.1434739544316,1405.2555781764813,22.88194424477246,1408.286947908863,0.8837777,1.0,1.0088131690969202
EVA1B,2,0.0023922583578918815,5289.939738103846,10585.580274074307,29.047620333323525,10585.879476207692,0.613202325,1.0,1.0079506775806364
EVA1C,2,0.00019515753104792002,2478.6624791009544,4961.648951425931,37.8286796265369,4963.324958201909,0.75769615,1.0,1.0016607089469864
EVI5L,2,1.634361083407078e-5,814.8260404622152,1633.6869522127656,24.85473231709272,1635.6520809244305,0.863935725,1.0,1.0044268125077327
EVI5,2,0.000729460159435907,3493.831358797059,6991.391719905606,36.405249002268555,6993.662717594118,0.733188475,1.0,1.0052408339584016
EVL,2,0.0001894016316099756,1300.6316834835773,2605.5217238433434,31.026113052210103,2607.2633669671545,0.8194141,1.0,1.0012750824500547
EVPL,3,0.0008981991765846561,1938.051932090002,3882.1261503659844,35.9105776340505,3882.103864180004,0.768407925,1.0,1.0083255342207573
EWSR1,2,0.004000431815100523,7560.1102895016,15132.729201586306,14.864191495424256,15126.2205790032,0.453370925,1.0,1.0064863263148158
EXD2,2,0.00018282815021410142,1504.8789877389272,3013.0750886040087,33.07973048282047,3015.7579754778544,0.8205702,1.0,1.0025933127777718
EXD3,2,0.0010413151351929269,3586.7193983574925,7178.206468284851,36.243549697356734,7179.438796714985,0.679284875,1.0,1.004634524650622
EXO1,2,0.00011035973813118152,608.0051212057073,1220.5166654284403,20.89486670840822,1222.0102424114145,0.88127475,1.0,1.0029759794347737
EXOC1,2,0.00035868124633480815,2860.227186493311,5725.96887868469,38.19726784393143,5726.454372986622,0.71252545,1.0,1.0030267369475412
EXOC2,2,0.0004031710402778771,1518.4467789572693,3042.4899655134677,33.04113285971277,3042.8935579145386,0.79637975,1.0,1.0033991529986315
EXOC3L1,2,5.69105231869752e-7,32.76421501707223,67.85087804696444,4.11100006508645,71.52843003414446,0.9713891,1.0,1.0024098048359824
EXOC3,2,6.5913235633379e-5,2317.773872766084,4639.897820796575,37.3927176249852,4641.547745532168,0.7546539,1.0,1.0065801843568707
EXOC4,2,0.0006069167600374233,1983.12298721801,3973.3243257208246,36.21653265720126,3972.24597443602,0.76567735,1.0,1.0053385108405741
EXOC5,2,0.0008688038222910277,2039.0119144799796,4082.4549519403818,36.430485261283614,4084.0238289599592,0.770717325,1.0,1.0052481431323008
EXOC6B,2,0.00014267313616475512,1406.1478225417588,2816.3444160641116,32.2643049575962,2818.2956450835177,0.825659725,1.0,1.0029927377532102
EXOC6,2,0.0008034917913597255,2181.970624852471,4367.229227998617,37.03967488953799,4369.941249704942,0.794915225,1.0,1.0025638986688634
EXOC7,3,0.0020865994111171587,4327.925006398748,8674.113290853766,31.895652583944926,8661.850012797497,0.622077625,1.0,1.0017434200628845
EXOC8,2,5.787460220606544e-5,770.1690701346896,1543.3297126834184,24.170996144874465,1546.3381402693792,0.894147275,1.0,1.0029983724592828
EXOG,2,0.00020224812441269088,1592.7955289048507,3188.651633308572,33.84682146130048,3191.5910578097014,0.8357038,1.0,1.00504161376318
EXOSC10,2,0.00033621541252667434,3046.6600027854715,6098.322254567443,37.60907542571233,6099.320005570943,0.71337425,1.0,1.0035411933552587
EXOSC1,2,0.002812784501551256,5723.071647647681,11452.321668470857,23.72257735994839,11452.143295295362,0.57159235,1.0,1.004158797956375
EXOSC2,2,0.0017535252086242964,3364.4978745107055,6733.420090286209,37.67389603978909,6734.995749021411,0.6803751,1.0,1.00704919229341
EXOSC3,2,0.0027066321079494654,6058.219805330003,12121.437461661357,25.06105694831076,12122.439610660005,0.5628053,1.0,1.004601563704018
EXOSC4,3,0.002398977661074251,8241.984626429528,16488.968798564383,12.862189160948988,16489.969252859057,0.458243875,1.0,1.0057843141247924
EXOSC5,2,0.0029760700793450695,6515.371236036913,13037.764212251424,19.605152163011486,13036.742472073825,0.517527925,1.0,1.0051023307492382
EXOSC6,2,0.0004064369227960364,4320.719835355924,8646.851853206841,33.840173381613894,8647.439670711849,0.65724455,1.0,1.0039454967955195
EXOSC7,2,0.0021835690636363334,6819.411022506115,13646.531663006188,17.307629840243955,13644.82204501223,0.53448775,1.0,1.0050705665183712
EXOSC8,2,0.0035405185610959283,6349.730975107799,12704.633724476618,27.612034570307497,12705.461950215598,0.536288825,1.0,1.009376437726496
EXOSC9,2,0.002917492659356381,4270.901301915223,8546.755927596241,36.19674559604348,8547.802603830445,0.62749955,1.0,1.0023899250653436
EXPH5,2,0.00023897961403586055,1331.0630173474067,2665.7834411378085,31.311497245147542,2668.1260346948134,0.83705605,1.0,1.00925767964068
EXT1,3,0.0003963009939444812,1861.961660846426,3727.3147530331926,35.62628527107105,3729.923321692852,0.8056593,1.0,1.0033800901980046
EXT2,2,0.000716110391541592,1864.4963834778735,3746.1378660370965,35.5081714635744,3734.992766955747,0.761597675,1.0,1.002177679711439
EXTL1,2,1.7387773279194388e-6,53.420059245295825,109.19424859825807,5.327332624483495,112.84011849059165,0.9656416,1.0,1.0020660634604104
EXTL2,2,0.0014910287658755925,3826.8114504452374,7659.679061446185,35.550213481336854,7659.622900890475,0.6542476,1.0,1.00400041131641
EXTL3,2,5.6246499733582345e-5,1132.141137283962,2267.5697500941283,29.29221233336804,2270.282274567924,0.849880675,1.0,1.002071930883641
EYA3,2,0.0007145226286257414,1199.087892089411,2401.5253245024546,30.269642758886242,2404.175784178822,0.8592296,1.0,1.0047979099735103
EYS,2,8.882233193808107e-7,39.83954945373728,81.97531595415599,4.547858318828044,85.67909890747455,0.96925305,1.0,1.0021233975635817
EZH1,2,0.00044410008484983387,1835.8316812724033,3680.8835278611923,35.434369841841026,3677.6633625448067,0.772783275,1.0,1.003540215364723
EZH2,2,0.0039012384418233193,3968.3914990248095,7941.830742911955,38.73246226618584,7942.782998049619,0.647699925,1.0,1.0008010713377262
EZR-AS1,2,9.461098573488468e-10,2.511921671261188e-6,1.1665271997002167,1.401258040798223e-14,6.000005023843342,0.98248175,1.0,1.0011619624000863
EZR,2,0.013064716162152084,12316.306199344333,24639.3703404924,6.686117646016904,24638.612398688667,0.3346829,1.0,1.0017198440364523
F10,2,6.003615200472739e-6,91.15872961745504,185.03139133630435,7.188123598621408,188.31745923491007,0.956334275,1.0,1.001630695947679
F11R,2,0.0004401538814895393,2580.134842486982,5165.488731826904,37.83751433497424,5166.269684973964,0.7292895,1.0,1.0088294101603288
F12,2,0.004348867281679243,6852.486486693888,13709.885714234184,18.232036218130567,13710.972973387776,0.5215445,1.0,1.0027165272323766
F2RL1,2,0.0023215273369859898,3588.430199292519,7181.420654171382,37.18446022427741,7182.860398585038,0.670815975,1.0,1.006917435088014
F2R,2,0.000790100276793016,2026.5568309959574,4057.9672328687416,36.37809297344668,4059.113661991915,0.769299,1.0,1.0043053985141603
F3,2,0.0004605904844447587,1400.0195127440297,2804.8095000610224,31.89462146879977,2806.0390254880595,0.811886375,1.0,1.0030901996706687
F8,2,6.0020400563427986e-5,624.0638793243643,1252.0740949251808,21.586495627987865,1254.1277586487286,0.883443575,1.0,1.0036149478957765
FA2H,2,0.0003144644834422619,772.8913481292232,1549.5714097301784,24.288415049319536,1551.7826962584463,0.873407725,1.0,1.003539821566056
FAAH2,2,0.00013503037945174505,1013.6862483364953,2035.2428566518097,27.841185360370247,2033.3724966729906,0.84002855,1.0,1.0024683835834742
FAAH,2,0.0007233590119824591,2149.6892633133134,4306.4420165929005,36.945164702003225,4305.378526626627,0.76237685,1.0,1.0047108305359935
FABP5,3,0.013061657258543715,15313.179226228347,30632.39411548558,3.5734550849433937,30632.358452456694,0.2860759427937162,1.0,1.0007721257926578
FADD,2,0.0006748230960306827,3106.4179529090147,6217.0468113624,38.09068332609544,6218.8359058180295,0.736496175,1.0,1.005298938928497
FADS2,2,2.3433773082633927e-5,825.4780414709699,1659.6634089295787,24.963274229614942,1656.9560829419397,0.8555884,1.0,1.0036317285252787
FADS3,2,0.00195802745515257,4024.409728488555,8057.097825453162,34.58112775071827,8054.81945697711,0.64447,1.0,1.0095854051380957
FAF1,2,0.0005555125520349208,3386.557685812727,6778.000849768309,36.89911948437883,6779.115371625454,0.696290475,1.0,1.0016699402878408
FAF2,2,0.0014620445775112064,4807.422270188873,9619.418357121798,30.149290598764146,9620.844540377746,0.61321195,1.0,1.005344274264694
FAHD1,2,0.0007408391664573184,4207.031332112534,8418.725172030257,33.326561973521635,8420.062664225068,0.64443605,1.0,1.0018141447803153
FAHD2A,2,0.0004559922556196541,3223.970264397402,6452.698354659758,37.28057944675775,6453.940528794804,0.707761225,1.0,1.002739670978969
FAHD2B,2,0.00026363042787604324,2921.8554044627012,5855.517476719551,37.73504186518225,5849.7108089254025,0.70518465,1.0,1.008371962998004
FAIM,2,0.0007431071847771272,4353.122393053388,8710.641500151498,33.086825297945346,8712.244786106776,0.64358655,1.0,1.0081266853184292
FAM101B,2,0.0026028711426994665,3847.030033140151,7708.117164525726,36.67978427706493,7700.060066280302,0.655094575,1.0,1.0068520133910508
FAM102A,2,7.931737879539707e-5,1124.6874867949425,2252.333207205036,29.105746079190002,2255.374973589885,0.859245275,1.0,1.0038836841939882
FAM102B,2,4.464436150139577e-5,740.2808573506338,1484.4332092676195,23.46156562587017,1486.5617147012676,0.86783105,1.0,1.0033464363406686
FAM103A1,2,0.003983323870054506,5944.3470920467735,11893.687091933205,22.043540614279273,11894.694184093547,0.589328475,1.0,1.009665773962057
FAM104A,3,0.00433933651191806,6963.5870980121,13932.45225809472,16.535411746028874,13933.1741960242,0.555636825,1.0,1.006071521251415
FAM104B,2,0.0007670868483642941,4673.476124980015,9352.795635582082,30.432114304818256,9352.95224996003,0.60288345,1.0,1.0070843189211842
FAM105A,2,0.0001297332232153089,1329.7148429096626,2663.532137320619,31.41344054294437,2665.429685819325,0.8228422,1.0,1.0026798411788147
FAM107B,2,0.0009731643435614276,3095.7141052978036,6198.207771052817,38.6616823636319,6197.428210595607,0.6973854,1.0,1.0062911746469572
FAM109A,2,2.6234337302518734e-5,771.3327160180067,1545.701641156149,24.058787348933482,1548.6654320360135,0.8779409,1.0,1.005198700760544
FAM109B,2,1.0861062301262639e-8,2.8836120409852305e-5,1.4310229314639293,8.090167071531637e-15,6.000057672240819,0.9823139,1.0,1.004730054581128
FAM110A,2,0.0014367016934512431,3326.678836035741,6657.666398920952,37.51957368323484,6659.357672071482,0.71942895,1.0,1.00351969678132
FAM110C,2,0.00013008543006109294,1218.3354517609964,2439.8173476348647,30.16362168215664,2442.670903521993,0.852102975,1.0,1.0050060718237013
FAM110D,2,4.013107405845395e-5,795.4984512833834,1594.1643331301252,24.412255902011612,1596.9969025667667,0.8846423,1.0,1.0030381873058287
FAM111A,2,0.002193630033501485,3098.4381483936386,6203.0144234658865,39.46845537269921,6202.876296787277,0.711338125,1.0,1.0033767601722443
FAM111B,2,0.0003648982540984045,715.6467240438857,1436.1959301498664,22.629766929312755,1437.2934480877714,0.86973455,1.0,1.004589443452509
FAM114A1,2,0.005350452091810761,5129.763527990062,10264.124383030086,28.29051341317193,10265.527055980125,0.5896944,1.0,1.0081400720420546
FAM114A2,2,0.000736334320455414,2115.200896404969,4233.952108346293,36.790082435045406,4236.401792809938,0.791274225,1.0,1.004322977581999
FAM115A,2,0.0027938572319183472,5398.25773615769,10806.837494799125,27.349475296964826,10802.51547231538,0.56095065,1.0,1.0053988474602216
FAM115C,2,3.1980002238867005e-5,185.28449307153525,373.4955139696816,10.806806089560443,376.5689861430705,0.93870045,1.0,1.004325817725893
FAM117A,3,0.0005336305991050033,1776.9150985801384,3558.137373536918,35.018885081888364,3559.830197160277,0.788316775,1.0,1.005198127442097
FAM117B,2,0.00015486693212971603,837.4271526546709,1678.0550308840297,25.29194593436831,1680.8543053093417,0.882714075,1.0,1.0074482026093992
FAM118A,2,0.0005837716242805175,1961.2665726179498,3925.40060526268,36.10946822525405,3928.5331452358996,0.82085615,1.0,1.0038218340523501
FAM118B,2,0.000825170698757696,1939.8736665770107,3883.499138433071,35.93527724045327,3885.7473331540214,0.79726325,1.0,1.0041009675648447
FAM120AOS,2,0.0008009912393636917,3634.3994457845665,7273.574826484314,35.918968595947064,7274.798891569133,0.6903234,1.0,1.0033308285362008
FAM120A,2,0.00189802693678891,4646.806006515557,9318.182043271358,32.91840328968699,9299.612013031114,0.587679025,1.0,1.0029178528129026
FAM120B,2,0.00036314137213563024,1598.86971961905,3201.137106916096,33.756927435922314,3203.7394392381,0.816678975,1.0,1.003672540274862
FAM120C,2,0.0002977605163000513,1250.8989717781985,2506.1589011018873,30.384396560260257,2507.797943556397,0.828546925,1.0,1.0015583524566565
FAM122A,2,0.0017487606437220072,2205.920836737284,4416.515569180832,37.096384219814176,4417.841673474568,0.786915175,1.0,1.0026877709402437
FAM122C,2,0.00011677900925917562,902.1091113726071,1818.9686724200478,25.935285430618833,1810.2182227452142,0.844914675,1.0,1.0018570510555318
FAM124A,2,3.4385813017478316e-5,636.04161760759,1275.6815669489974,21.60552193188683,1278.08323521518,0.885229225,1.0,1.003080764598679
FAM126A,2,0.00024782624809014384,1674.3944702533768,3352.0642478137347,34.447912899010724,3354.7889405067535,0.82268675,1.0,1.0043269115368727
FAM126B,2,9.57362709563764e-5,1013.2456897475643,2029.9819854263114,27.59260687429044,2032.4913794951285,0.860624025,1.0,1.001753562740625
FAM127B,2,0.002875653852294793,7862.093473110148,15734.36286967832,13.532618573075531,15730.186946220296,0.490971525,1.0,1.0201644807697525
FAM129A,2,1.2543032163083645e-5,469.9127097892168,943.5689038048926,18.294470364684393,945.8254195784336,0.897155925,1.0,1.002948866060348
FAM129B,2,0.00041785234954072186,2548.9492216058225,5105.523942719723,37.88966229091704,5103.898443211645,0.7175577,1.0,1.0031037749902427
FAM129C,2,4.297361656092598e-6,78.97397827834612,165.01345343773116,6.624659463658558,163.94795655669225,0.9584253,1.0,1.001829255761471
FAM131A,2,0.000224297661552818,1594.5517686477576,3192.3678566233716,33.889748705981404,3195.1035372955153,0.8320278,1.0,1.0058725061222173
FAM131B,2,8.898864337972526e-7,39.83955386930605,81.99943915851516,4.548095336513302,85.6791077386121,0.9691405,1.0,1.0053884245069984
FAM132A,2,1.3115515259039771e-5,465.83707007459566,946.7462611051058,18.195746342396863,937.6741401491913,0.894389725,1.0,1.004039750339447
FAM132B,2,7.032686403488284e-5,686.6427011442385,1378.4723022768628,22.443548779811717,1379.285402288477,0.870546575,1.0,1.0049348113147345
FAM133B,2,0.005063766112957914,7920.724381476255,15847.20704561005,13.880256725221834,15847.44876295251,0.48021,1.0,1.0093667937324338
FAM134A,2,0.0016809285816621125,4381.891556400646,8768.842052189268,32.054773233572874,8769.783112801291,0.6307466,1.0,1.0035194322426264
FAM134B,2,0.0009309119555812347,2111.4502235029377,4226.496461771294,36.73380105207815,4228.900447005875,0.784614725,1.0,1.0074275488632507
FAM134C,2,0.00043315802232655315,1735.6377176646185,3474.435871685267,34.768544690445154,3477.275435329237,0.813619825,1.0,1.006272450308622
FAM135A,2,0.00010605704107616798,947.2828915036664,1898.6826472779865,26.633135872360377,1900.5657830073328,0.84987215,1.0,1.0037982478814984
FAM136A,2,0.002488485275016566,8284.571831711326,16605.570965539253,13.259999025140724,16575.143663422652,0.4609406,1.0,1.0123780485601082
FAM13A-AS1,2,2.874450026603302e-6,66.42110306551223,137.90027676276878,6.009641063588421,138.84220613102445,0.961753325,1.0,1.0030962045626817
FAM13A,2,0.001060482327605876,2169.341651908983,4341.919715106199,36.948705456498786,4344.683303817966,0.793230675,1.0,1.0016819921431663
FAM13B,2,0.00010841281703016575,1209.3620324158503,2421.9578300915705,30.09222795649578,2424.7240648317006,0.84062305,1.0,1.0021516899834744
FAM149A,2,1.6401405023808035e-5,704.7198922073643,1412.713228065064,22.946552298197236,1415.4397844147286,0.875597475,1.0,1.0030952037136394
FAM149B1,2,4.222357681222414e-5,971.7642272707875,1947.279550992536,27.129289898342563,1949.528454541575,0.849275175,1.0,1.0024156411906198
FAM151B,2,9.995761801004031e-5,297.17392774279364,597.5764212604184,14.203912194823967,600.3478554855873,0.921874475,1.0,1.0024740275029467
FAM154B,2,9.548437637964958e-5,686.1286734489923,1376.4516756733658,22.3868501006726,1378.2573468979847,0.874342725,1.0,1.0032094740078699
FAM155B,2,3.270878880823756e-5,406.63990549242766,817.8646782457923,16.76225135655953,819.2798109848553,0.90437285,1.0,1.002144500107489
FAM160A1,2,7.52635504710226e-5,264.44046318195404,531.9468695330349,13.277379264800395,534.8809263639081,0.927268475,1.0,1.0031557435426968
FAM160A2,2,7.939222739972033e-5,2302.467339698513,4609.033731792686,37.36981611976095,4610.934679397026,0.77012775,1.0,1.0020877319801644
FAM160B1,3,0.0003500377192339629,1332.0812464590713,2668.8939278074963,31.253027304822464,2670.1624929181426,0.815147875,1.0,1.0051228837098956
FAM160B2,2,0.00013514968553066638,1077.7467613679007,2161.3294542750014,28.403137788385713,2161.4935227358014,0.8324949,1.0,1.005302684346885
FAM161A,2,0.0007816483237520791,2989.5320220683484,5984.785323645158,38.3313914084131,5985.064044136697,0.718824725,1.0,1.007450310025385
FAM161B,2,0.0005232431934323486,578.5683376152338,1160.722759798556,20.776682420194323,1163.1366752304675,0.894346575,1.0,1.0043781705466066
FAM162A,2,0.0036413207950198217,9497.160988807505,19002.80210098845,10.462038054602274,19000.32197761501,0.3752176,1.0,1.0032180090569602
FAM166A,2,5.682017188857311e-7,32.76421261824526,68.35775688953447,4.107689167191426,71.52842523649052,0.97111235,1.0,1.0015291833472209
FAM166B,2,6.275266598107062e-5,245.25854861164564,493.8617445586836,12.710981159625096,496.5170972232913,0.928533,1.0,1.0056535765730832
FAM167A,2,4.9127644034328494e-6,320.19510143024047,643.4855729488823,14.727890188907937,646.3902028604809,0.91852445,1.0,1.0020682008566888
FAM167B,2,2.8744148181561206e-6,66.42110297203381,135.21613650244547,6.013133532713629,138.84220594406762,0.9629789,1.0,1.0025448230172243
FAM168A,2,1.3346077467397943e-5,777.68562625385,1558.9736498498883,24.230343951023478,1561.3712525077,0.867678125,1.0,1.0043806650285712
FAM168B,2,0.0002206251879829743,2227.112043864714,4459.1681781293655,37.182885651596585,4460.224087729428,0.7472042,1.0,1.0044666219997576
FAM169A,2,0.00010774936371533427,1083.5369695470583,2170.68025090908,28.520707406597264,2173.0739390941167,0.84505875,1.0,1.0030692603391425
FAM171A1,2,0.0005850077687982924,1618.1643687444137,3241.576890655039,33.82276898643334,3242.3287374888273,0.789398625,1.0,1.0030235489249564
FAM171A2,2,1.9619631202176908e-5,628.6994832568702,1261.0362433961513,21.522689642833402,1263.3989665137403,0.880156075,1.0,1.0048597565106938
FAM171B,2,0.00022811336259317196,1640.2622964896225,3284.2383945115535,34.19606121756089,3286.524592979245,0.810529625,1.0,1.0046066683300034
FAM172A,2,0.0014246132394694962,3783.430079137077,7575.774844129939,35.80045433463893,7572.860158274154,0.64891545,1.0,1.0042373452345243
FAM173A,2,0.003910978523329574,6767.5881344665795,13542.148868200411,19.28449351890599,13541.176268933159,0.540480375,1.0,1.0086302471895257
FAM173B,2,0.0002505891841553051,1556.9995083192468,3117.8589686257833,33.47562412078481,3119.9990166384937,0.80807085,1.0,1.0085985138671474
FAM174A,2,0.0007137889898588266,3622.2282625062594,7248.482756742078,35.88314148901574,7250.456525012519,0.70716625,1.0,1.002557673628759
FAM174B,2,2.272862847133196e-6,59.983249637255,122.37493615182422,5.680045642541984,125.96649927451,0.96395825,1.0,1.0033709355112437
FAM175A,2,0.0008529984805406133,4400.011136341538,8804.844516098658,32.72885442292961,8806.022272683076,0.62640835,1.0,1.0046663796538915
FAM175B,3,0.0005617688127257364,3339.416435164236,6682.30222853366,36.87057708309352,6684.832870328472,0.736470775,1.0,1.0050575144506095
FAM177A1,2,0.0036767817194351226,7832.095832082716,15669.393927045023,13.793807097415263,15670.191664165432,0.516232125,1.0,1.0056776981005202
FAM178A,3,0.0006103214806769836,2718.3459122692907,5440.137110174036,37.88265413260901,5442.691824538581,0.75338985,1.0,1.0033092110806658
FAM179A,2,2.876505015516598e-6,66.42110852150779,135.3771636971854,6.0115420432787605,138.84221704301558,0.962179125,1.0,1.0027276171113306
FAM179B,2,4.750836823236123e-6,329.24140004075184,661.4836596802121,14.969151177476334,664.4828000815037,0.9190648,1.0,1.0029020284615924
FAM180A,2,8.869696756292583e-7,39.83954612531311,81.95238999425038,4.551270853472846,85.67909225062623,0.96958355,1.0,1.0021308010966576
FAM184A,2,4.173485171945898e-5,774.9808274396833,1553.4303564970432,24.06418825652012,1555.9616548793665,0.87010345,1.0,1.0030974513812647
FAM184B,2,1.4102641842984633e-5,760.5688108471284,1525.1007605820357,23.9353080994537,1527.1376216942567,0.866777375,1.0,1.0043858874024734
FAM185A,2,8.78614068487243e-5,900.0991461229978,1803.541727017817,26.220533110209765,1806.1982922459956,0.8689627,1.0,1.0035175675073915
FAM186B,2,1.2772718892705561e-6,46.713525918910676,95.70813324243144,4.954266110472576,99.42705183782135,0.96781825,1.0,1.002461698737409
FAM188A,2,0.0003408163720570332,1805.3302130428635,3614.9760301033325,35.33613827906911,3616.660426085727,0.7974892,1.0,1.0052872637417927
FAM188B,2,6.354465863274115e-6,541.0208247754707,1084.941665721295,19.91660788257321,1088.0416495509414,0.907085575,1.0,1.0039072763575698
FAM189A1,2,1.1504075050740267e-5,120.36555672739962,243.38214352374806,8.427046485988308,246.73111345479924,0.950941925,1.0,1.0022258031712277
FAM189A2,2,2.7854368336183048e-5,174.86399318502097,352.60506596844,10.451267741304877,355.72798637004195,0.940875825,1.0,1.0028009640024902
FAM189B,2,0.0018146092413436241,3830.364435682255,7668.042406613103,35.515558850858866,7666.72887136451,0.64420195,1.0,1.0060623654365164
FAM192A,2,0.0008000161349769507,5001.04918844416,10009.308700483267,28.280920811672512,10008.09837688832,0.58318125,1.0,1.0062598606620017
FAM193A,2,7.975291294141815e-5,1121.749947301323,2246.3935598696107,29.066759927490295,2249.499894602646,0.86428265,1.0,1.0027290842645644
FAM193B,2,4.8525295535816706e-5,1017.4372845901775,2042.348353479538,27.839637806437683,2040.874569180355,0.8388566,1.0,1.004204299294149
FAM195A,2,0.004103582713319437,5583.796450222903,11172.026147001547,25.192183710474527,11173.592900445807,0.5750148,1.0,1.0092853911691055
FAM198A,2,0.0001646987080766376,364.33307939451686,731.9641249250127,15.973771823934936,734.6661587890337,0.9146388,1.0,1.0013088184124876
FAM198B,2,2.271015979990919e-6,59.98324473382274,122.58660963218254,5.679240184157561,125.96648946764547,0.963625075,1.0,1.0032783430669376
FAM199X,2,0.00013506271377918352,2191.397368199581,4387.642184944903,37.0586858373282,4388.794736399162,0.75011695,1.0,1.006996863524484
FAM19A2,2,6.006598382961736e-5,969.0751091566331,1941.43325786894,27.04233104276226,1944.1502183132661,0.8535988,1.0,1.0046165748514915
FAM19A3,2,3.9411203504102905e-5,809.0564655540937,1622.172692892333,24.6370136956535,1624.1129311081875,0.861843475,1.0,1.0034750417515723
FAM19A4,2,9.154099700690805e-11,2.4304134705334084e-7,1.1618319602961165,1.1441223993092332e-14,6.000000486082694,0.982660975,1.0,1.0018650101713162
FAM200A,2,0.00016123131451959967,1504.19007550133,3011.259656898954,33.09949867451253,3014.38015100266,0.85098775,1.0,1.0035251539624646
FAM200B,2,0.004323661318377368,7317.285536669593,14639.396067747199,17.212278638743644,14640.571073339186,0.491588,1.0,1.0031590974481897
FAM201A,2,3.797706462820337e-5,1048.49190829562,2100.6418824996945,28.223001456057467,2102.98381659124,0.84729365,1.0,1.0015409553997057
FAM204A,3,0.003096843959447525,8211.543438779576,16427.977409690233,13.273693292426662,16429.08687755915,0.435580125,1.0,1.0061857627737503
FAM206A,2,0.00020501014117307455,1247.6663095252588,2501.646971419612,30.414154984220485,2501.3326190505177,0.8172059,1.0,1.0024812980495728
FAM207A,2,0.0017312821018680168,6230.8448197792095,12466.418259822503,20.35973321597829,12467.689639558419,0.5465435,1.0,1.0055141171000606
FAM208A,2,0.0007118281609504769,1913.7859604217085,3831.1460807820313,35.808104433618034,3833.571920843417,0.797765075,1.0,1.0025606902301774
FAM208B,2,0.00089914359963425,3028.630007925195,6061.646587352521,37.752961588078705,6063.26001585039,0.72109475,1.0,1.0074639349278642
FAM209A,2,3.5500458321555975e-6,72.74762347169184,147.94672381006944,6.327196247800206,151.49524694338368,0.960923375,1.0,1.0033100639692372
FAM20B,2,0.0007195380990998719,1616.1036861360321,3237.4376451023386,33.777679450613604,3238.2073722720643,0.792253675,1.0,1.0056342661612236
FAM20C,2,0.0001490537693643283,1351.8645666077655,2706.8083450202753,31.62207555811277,2709.729133215531,0.837204225,1.0,1.003412151837456
FAM210A,2,0.0005487480026311,3167.6999941827003,6339.653544081747,37.60735166172054,6341.3999883654005,0.72975605,1.0,1.003402258868384
FAM212A,2,5.974162075581792e-5,781.8699792341528,1567.4171601954106,24.132234970202497,1569.7399584683055,0.879096075,1.0,1.0032084331367002
FAM212B-AS1,2,2.590836481124388e-5,169.5956915479032,342.3284218638019,10.267756691102706,345.1913830958064,0.940861075,1.0,1.0026803352266032
FAM212B,2,0.00012703648757937813,969.5257730582018,1943.0220673730885,26.92596032653182,1945.0515461164036,0.8561343,1.0,1.0080650617843012
FAM213B,2,0.00018006386296359208,2437.723736247369,4880.019185341675,37.64716636584547,4881.447472494738,0.74582615,1.0,1.0017594805854073
FAM214A,2,8.159364269309437e-5,781.7121915105951,1567.4819966156974,24.080277643103408,1569.4243830211901,0.866988025,1.0,1.003227237161577
FAM214B,2,0.00025337653182581926,1549.5917486977953,3102.117864196793,33.407360116301724,3105.1834973955906,0.83596375,1.0,1.0012261025981544
FAM216A,2,0.0007857844204718324,3211.16194335198,6428.25392919682,38.08994573265236,6428.32388670396,0.69827065,1.0,1.0040310867727882
FAM217B,2,0.0004904740034145102,2863.5080091173027,5729.958885333846,37.77829466116508,5733.016018234605,0.782816375,1.0,1.0035476586338252
FAM219A,2,4.419834307912338e-5,949.7709759772581,1902.5398473763355,26.8046102170536,1905.5419519545162,0.86369865,1.0,1.0021394860200734
FAM21A,2,6.354553607076376e-6,541.0208250084305,1086.2009644517343,19.915055656329766,1088.041650016861,0.888800475,1.0,1.003608920084614
FAM220A,2,0.000287238212143757,1617.2750525706979,3237.5035168462664,33.95072798608041,3240.5501051413958,0.826065425,1.0,1.0014618398794954
FAM221A,2,0.0001553781417089281,1218.7715783748629,2441.1698683272375,30.13555855256898,2443.5431567497258,0.8348292,1.0,1.00277023656308
FAM222A-AS1,2,3.198331380378586e-5,185.2845018637401,373.5393304704803,10.806581629732099,376.5690037274802,0.93842975,1.0,1.0037300978765087
FAM222A,2,2.905702849891473e-6,473.8772437778096,950.7536960593435,18.4653327735532,953.7544875556192,0.901647375,1.0,1.002015991300963
FAM222B,2,0.0010273814335972136,2072.558105724836,4148.624508133552,36.560082199296616,4151.116211449672,0.81067905,1.0,1.0023059780606511
FAM227B,2,0.00039946265896695577,1846.5112274730066,3696.654135816321,35.528259719953084,3699.022454946013,0.800462425,1.0,1.0036025878959698
FAM228B,2,0.00046919510999827215,1505.9270021542388,3079.848884715938,32.86554540349843,3017.8540043084777,0.7852521,1.0,1.0043739616075662
FAM229B,2,0.0006365652578101493,4277.284121171811,8559.523633474357,32.66249403590953,8560.568242343623,0.636101425,1.0,1.002846936984303
FAM26E,2,2.2710123872255544e-6,59.98324472428394,122.3482101498596,5.680035531136153,125.96648944856788,0.964084125,1.0,1.0035437703515309
FAM32A,2,0.002607939532603876,6733.851290771195,13472.334753239138,17.610082337795998,13473.70258154239,0.529186675,1.0,1.0057490233194593
FAM35A,2,0.0005513580682624761,2014.279830251167,4032.0034932484564,36.39825203176345,4034.559660502334,0.7959307,1.0,1.0040874457378672
FAM3A,2,0.0005203973465089114,1781.5259131470316,3568.230310467762,35.047565883098734,3569.051826294063,0.7822173,1.0,1.0056514780625958
FAM3B,2,1.7408387322641384e-6,53.42006471832436,109.31998308989115,5.327769535621896,112.84012943664872,0.965528325,1.0,1.0017058875406162
FAM3C,2,0.009096491420908862,10789.239679295877,21588.383577908946,9.400737227689055,21584.479358591754,0.38515855,1.0,1.0062954747788857
FAM43A,2,0.00023116688305046374,1146.604221686278,2297.4245582699414,29.18814218354896,2299.208443372556,0.845975575,1.0,1.0027306838617556
FAM45A,3,0.002577500109712741,5635.4029775550625,11279.530549199642,24.772777596426412,11276.805955110125,0.5639294,1.0,1.0072596358555277
FAM46A,2,0.00028692322700071544,2372.2865650292556,4748.785460187307,37.67050669547364,4750.573130058511,0.76699295,1.0,1.0058502490406076
FAM46B,2,0.0005724744593010417,1424.1193300719451,2852.6625219741736,32.10093524062078,2854.2386601438902,0.82029315,1.0,1.0021635760025045
FAM46C,2,6.575426676058241e-5,250.09432117749228,503.2206852501415,12.85577926615688,506.18864235498455,0.92999375,1.0,1.0027117039818683
FAM47E,2,1.029955291499756e-5,545.3317512540341,1093.6141572904687,19.92261118537292,1096.6635025080682,0.896111925,1.0,1.0016425773781443
FAM49A,2,1.8111445823549644e-5,337.4566566841626,678.826855466539,15.109948967009283,680.9133133683252,0.91482065,1.0,1.0027128268398198
FAM49B,3,0.002645988761967457,7489.506561089449,14985.923913833005,15.480599031082585,14985.013122178898,0.4847022,1.0,1.005587013918547
FAM50B,2,5.1356215706960256e-5,225.70376324790766,454.3806120742692,12.114629462371482,457.4075264958153,0.93279235,1.0,1.0020420507434802
FAM53A,2,2.4016162063370853e-5,164.3005202613284,331.98470539992627,10.080979412412164,334.6010405226568,0.9412711,1.0,1.0048358682915426
FAM53B,3,0.0008942830254988649,713.330823183372,1430.3946384511398,23.325314869292917,1432.661646366744,0.88243445,1.0,1.003531154857424
FAM53C,2,0.0004972340664809323,3012.6963349023777,6030.29114002329,38.082800084331396,6031.392669804755,0.731659475,1.0,1.006480097302871
FAM57A,2,0.00016031393180227624,2278.227402122455,4561.065095559968,37.387970932096906,4562.45480424491,0.746919775,1.0,1.0051495055445914
FAM57B,2,1.026081591552688e-5,114.65027466604978,232.1605587263763,8.194440537317913,235.30054933209956,0.9511856,1.0,1.0041862787835643
FAM58A,2,0.001353312414681661,4642.561200816935,9289.81668217359,31.83735700990312,9291.12240163387,0.602662075,1.0,1.0060296800442599
FAM60A,2,0.003106438759101021,6890.430787734071,13786.790320297421,17.650672241201725,13786.861575468141,0.567877675,1.0,1.007765987957625
FAM63A,2,3.1982689559654744e-5,185.28450020637194,373.5465268766609,10.806570397249104,376.5690004127439,0.938498175,1.0,1.0021206637957267
FAM63B,2,0.0016596573483846288,3809.677318842125,7624.959398464001,35.331713263212094,7625.35463768425,0.68425285,1.0,1.0012517372824288
FAM64A,2,0.004038243393381753,3372.532924504413,6753.458380732944,41.83557480226663,6751.065849008826,0.705009475,1.0,1.0029925749930668
FAM65A,2,0.0004997093004371752,1753.0853767173207,3510.695824194989,34.866162476341174,3512.1707534346415,0.7869604,1.0,1.003945830497296
FAM65C,2,1.026060044937447e-5,114.65027409398715,231.89086089848843,8.195170225491891,235.3005481879743,0.952567975,1.0,1.003610375507002
FAM66C,2,3.6390514697832676e-5,195.57155946007373,394.04888025925504,11.149849187984678,397.14311892014746,0.937152025,1.0,1.0030567902541483
FAM66D,2,4.294564019827954e-6,78.97397085062185,160.57636412836578,6.626259265030046,163.9479417012437,0.9592031,1.0,1.001642580320855
FAM69A,2,9.135222971517114e-5,1056.83151606037,2116.909652253432,28.38876817588444,2119.66303212074,0.86197615,1.0,1.0015249760911933
FAM69B,2,0.0001405647137710771,2274.403457901844,4553.711390266244,37.29648437496335,4554.806915803688,0.75146965,1.0,1.0084057581011616
FAM71E1,2,0.0007437965622942562,3730.428211821293,7466.481164130462,38.379390489235696,7466.856423642586,0.662519475,1.0,1.0135443482679407
FAM71F1,2,4.038761699221514e-8,0.0001072291231143312,4.050270248242343,0.0,6.000214458246228,0.981806375,1.0,1.004581327985288
FAM71F2,2,2.874538625855783e-6,66.42110330074324,135.65714763969717,6.010803761559321,138.84220660148648,0.962034525,1.0,1.0024303337225968
FAM72A,2,2.848489629571569e-5,733.1931170134509,1469.6011048866071,23.394188418518873,1472.3862340269018,0.87464845,1.0,1.0031456055382593
FAM72B,2,0.00030855204584107716,469.1615310437101,941.877896349747,18.45984233613002,944.3230620874202,0.9018437,1.0,1.0055835604447754
FAM72D,2,0.0014777154755962355,1086.050523796511,2178.3253776133547,27.90972596435727,2178.101047593022,0.836690075,1.0,1.0026896490272983
FAM73A,2,0.00017406300576262873,1252.9445822179293,2510.188542658116,30.510848705142134,2511.8891644358587,0.8251351,1.0,1.005813133591549
FAM73B,2,2.28417276250639e-5,832.140498193381,1667.7313938242987,25.076880704322175,1670.280996386762,0.8639515,1.0,1.0016604771486253
FAM76A,2,0.00019287109984308118,1555.706566597751,3114.775989016726,33.51805317273937,3117.413133195502,0.8226,1.0,1.0080194448306719
FAM76B,2,0.0008592438941762449,2046.6398397673092,4096.853329395346,36.45779317389585,4099.2796795346185,0.783072775,1.0,1.002322121428249
FAM78A,2,6.575433102928632e-5,250.09432134812567,503.22278710645077,12.855774749935584,506.18864269625135,0.92963345,1.0,1.002824147285405
FAM78B,2,5.38583233931705e-6,537.1484896347727,1077.3755052598076,19.83572695959886,1080.2969792695453,0.898597275,1.0,1.0024693997068592
FAM81A,2,5.112798479110411e-5,875.8016744540103,1755.725186496315,25.667609773777837,1757.6033489080205,0.8551178,1.0,1.003989814141516
FAM81B,2,2.9881725036666942e-5,180.09148845812842,363.0410926566634,10.630716113202554,366.18297691625685,0.9403735,1.0,1.001892914678579
FAM83A,3,1.150416257829581e-5,120.36555695978528,243.69621756167612,8.426250410265055,246.73111391957056,0.950064975,1.0,1.0021275415564486
FAM83B,2,0.00032884037943280695,481.24789373072684,965.7054526685159,18.72846907279466,968.4957874614537,0.90928965,1.0,1.0029024993948599
FAM83C-AS1,2,5.676673849275474e-7,32.7642111995886,67.73857995780939,4.119003487347054,71.5284223991772,0.971827125,1.0,1.004238808992637
FAM83D,2,0.006015680756914072,3180.1964561249333,6366.018478136401,41.14745907178164,6366.392912249867,0.713932,1.0,1.0002341390802645
FAM83E,2,5.678809805774111e-7,32.76421176668505,67.88926439154022,4.111857557122045,71.5284235333701,0.971359275,1.0,1.0028257995195224
FAM83F,2,0.0006352375950255166,1950.9238209145421,3904.898134236811,36.03614525918607,3907.8476418290843,0.8076064,1.0,1.0045761877075756
FAM83G,2,4.014523167786302e-5,795.498488871863,1594.231208929408,24.413095750148315,1596.996977743726,0.87400875,1.0,1.002321354434174
FAM83H-AS1,3,0.00011368068131226525,1195.1222717682822,2393.496459858187,29.919012729601388,2396.2445435365644,0.839437975,1.0,1.0036944205306757
FAM83H,3,0.0007795790473360723,1752.8783862393898,3511.4185197060065,34.791432737843515,3511.7567724787796,0.7783924,1.0,1.0031205651446828
FAM84B,3,0.00010135702863230577,1136.8842194394374,2276.887432637828,29.22155451901468,2279.768438878875,0.8491225,1.0,1.0038023736440216
FAM86A,2,0.0014614794300126354,3859.3599703659165,7724.351685795163,35.11265471116877,7724.719940731833,0.6793477,1.0,1.001801200600197
FAM86B1,2,0.00029836891696739364,1517.2490273278163,3037.814603035491,33.08992442675013,3040.4980546556326,0.82692355,1.0,1.002406744401
FAM86C1,2,0.00039305346167256794,1458.5831542714839,2921.3410338898175,32.49810352243817,2923.1663085429677,0.820816825,1.0,1.0008796073965498
FAM89A,2,0.0010272160554012377,4580.728976556452,9166.114180917868,31.428175648495,9167.457953112904,0.631510575,1.0,1.0113469139597238
FAM89B,2,0.0036253935632050115,7848.702760209492,15710.216068540478,15.475274344029943,15703.405520418984,0.446649875,1.0,1.0009410557407736
FAM8A1,2,0.0009215961119094879,2119.5788875817566,4242.607010064633,36.77286519843393,4245.157775163513,0.7824165,1.0,1.004283752835415
FAM90A1,2,5.111382323941761e-6,85.1092867456763,172.70558166540192,6.91330488252474,176.2185734913526,0.958174325,1.0,1.0023044057795059
FAM91A1,3,0.0007353257974556566,2929.6615475204926,5872.0451451252075,37.79225039121507,5865.323095040985,0.69518115,1.0,1.0022284851717087
FAM92A1,3,0.004170034533327934,7779.035228625198,15563.211532775967,14.46592088883394,15564.070457250396,0.473253825,1.0,1.002428752272104
FAM92B,2,3.494386800287261e-5,639.7392504543466,1287.1845201345182,21.668837997967337,1285.4785009086931,0.8746593,1.0,1.0046145450174775
FAM96A,2,0.005307488360100365,9024.317693666162,18101.372799178538,11.40871088525442,18054.635387332324,0.3867231,1.0,1.003974310307004
FAM98A,2,0.000827643457160411,3217.282194098554,6440.025149111205,37.94938510923434,6440.564388197108,0.684635925,1.0,1.0071775173840554
FAM98B,2,0.0010031938312826535,3220.3304251300024,6447.291835638715,37.815777756056626,6446.660850260005,0.675767725,1.0,1.0046971016081963
FAM98C,2,0.0018612174116727231,5491.601404545965,10988.429283183998,24.540051514325924,10989.20280909193,0.598118925,1.0,1.0014497690909603
FAN1,2,0.00019349920278375525,1476.7862951061963,2960.9194425804026,32.807261521176464,2959.5725902123927,0.800097375,1.0,1.001682272842301
FANCA,2,0.0002782541572063689,1763.471870002294,3582.469438476332,34.67299459863962,3532.943740004588,0.771843725,1.0,1.002309373389746
FANCB,2,0.00028266618796256196,880.1388872063545,1765.0849806483182,25.420024831543277,1766.277774412709,0.852484675,1.0,1.0100660458723396
FANCC,2,8.404270329226473e-6,621.0267851746922,1245.7611697104992,21.445878506560238,1248.0535703493845,0.8805709,1.0,1.00287152742045
FANCD2,2,0.0013288913841506143,1620.1824694358152,3253.9474350591718,33.70016503762175,3246.3649388716303,0.78280185,1.0,1.0022837183426325
FANCE,2,7.140383239749365e-5,1176.9016953147145,2356.84406828947,29.771009517745924,2359.803390629429,0.84918835,1.0,1.0019941129481518
FANCF,2,0.0004647828945166617,1614.8999772911711,3233.5727360613246,33.838091167341865,3235.7999545823423,0.826707525,1.0,1.0015492656798615
FANCG,2,0.0006285953783500002,2417.6704805018526,4840.562895603027,37.92228000936264,4841.340961003705,0.729890525,1.0,1.0085720511079186
FANCI,2,0.002362690194345846,2320.161286505602,4647.525389618922,37.75043228392209,4646.322573011204,0.739426025,1.0,1.0030751773187483
FANCL,2,0.00030095116175733136,2638.598064584202,5282.1510497638255,38.05691785967013,5283.196129168404,0.73598945,1.0,1.004633269846991
FANCM,2,4.9862177379844324e-5,676.0609889720902,1355.9267014862871,22.304142246884357,1358.1219779441803,0.87873605,1.0,1.0015283305991405
FANK1,3,0.0009970241084631363,1794.454940771745,3596.1085326085586,35.04357802724057,3594.90988154349,0.771306775,1.0,1.0066002703261205
FAR1,2,0.0005743885609015161,1703.793560489717,3414.459600003644,34.478100339137356,3413.587120979434,0.780140475,1.0,1.0058131313495418
FAR2,2,3.1206721161965125e-5,917.4723497945255,1838.941941214974,26.36882372928758,1840.944699589051,0.853011325,1.0,1.0037837769062892
FARP1,2,0.0008162055899585148,2222.8947343034747,4456.3707512454675,37.213229995237256,4451.789468606949,0.7487249,1.0,1.0052711877959326
FARP2,2,0.00013428274287832727,931.1686954663979,1866.8965247445306,26.353007939418532,1868.3373909327959,0.84838415,1.0,1.003278301175936
FARS2,2,0.0004752360057643134,2197.4329079695863,4398.98566907715,37.037822494879045,4400.8658159391725,0.770644875,1.0,1.0030512091738781
FARSA,2,0.002428252715377377,6567.596137278536,13139.700708410028,19.200022496256828,13141.192274557072,0.53914165,1.0,1.001309053067929
FARSB,2,0.0018578956596428556,4121.969158666759,8253.530467156375,33.66469918775798,8249.938317333517,0.632376575,1.0,1.003271912117766
FASTKD1,2,0.00039426160869193445,1739.6598734088952,3483.607099166168,34.81462417708743,3485.3197468177905,0.794335825,1.0,1.0024609171721863
FASTKD2,2,0.0008525249200257408,2245.5001222423857,4494.201138800167,37.27957501451878,4497.000244484771,0.79948545,1.0,1.0031844429129564
FASTKD3,2,0.0009370378117354257,2147.083540032659,4297.259704529466,36.879300074547764,4300.167080065318,0.795489575,1.0,1.0051202349198511
FASTKD5,2,0.0005395695682569797,1809.5909953490939,3622.354987625264,35.22579062916275,3625.1819906981877,0.818929175,1.0,1.0020171470918335
FASTK,2,0.0026593942177316437,5375.931525411847,10768.004658502552,26.99518052267898,10757.863050823695,0.55417125,1.0,1.0063859213824577
FAS,2,0.0004486309634505276,1927.6358422091423,3860.038600610878,35.79496560578271,3861.2716844182846,0.765280775,1.0,1.0010787464351956
FAT1,2,0.006960965272035841,10907.612431462498,21820.04520696037,8.675368620664974,21821.224862924995,0.375845375,1.0,1.0020107606807966
FAT4,2,1.1504153165865052e-5,120.36555693479528,243.37031641471071,8.426825257966245,246.73111386959056,0.950742225,1.0,1.003423752526616
FAXC,2,0.0012958520481557616,822.7613337386455,1648.9490159679242,25.188076133925968,1651.522667477291,0.88417135,1.0,1.002618585450529
FAXDC2,2,4.294373943015522e-6,78.97397034596791,160.39458406588432,6.626755427864431,163.94794069193583,0.959694425,1.0,1.0028755603475341
FBF1,3,1.958710009116576e-5,668.9317438227711,1360.608249850724,22.280373177988128,1343.8634876455421,0.86956805,1.0,1.004178057894027
FBLIM1,2,1.6842131654745986e-5,359.7690285733996,723.515661480977,15.682186408160542,725.5380571467992,0.91158915,1.0,1.0028644878160848
FBLN5,2,9.386884510795658e-6,583.6132324533265,1172.3256090505577,20.703195521528233,1173.226464906653,0.882714675,1.0,1.0016544266823186
FBL,2,0.006218042665872208,11630.941263584844,23273.754923810706,7.180090103436703,23267.882527169688,0.3330631,1.0,1.0070002030735379
FBN1,2,8.877170962461637e-7,39.839548109714855,81.949473644403,4.553761948904422,85.67909621942971,0.969804,1.0,1.0027538728544299
FBP2,2,3.1927149860413805e-7,25.43620452526381,53.12510811318628,3.6373961700955593,56.87240905052762,0.9736254,1.0,1.0021314172458906
FBRSL1,2,0.00025971292801680944,2628.6398538726785,5263.816911421083,38.129957957933975,5263.279707745357,0.715394875,1.0,1.0031807885570185
FBRS,2,9.930153065516613e-5,2249.651280711407,4503.073342847785,37.20686724373897,4505.302561422814,0.776053175,1.0,1.0053838960159434
FBXL12,2,0.00012830543526025817,2686.878750132179,5376.5555748237875,37.85680273822577,5379.757500264358,0.7882898,1.0,1.0033021364063002
FBXL13,2,7.202295676113417e-5,259.6808101526946,522.3492091336725,13.138549039079967,525.3616203053892,0.928967525,1.0,1.0032746166309539
FBXL14,2,9.257850766782173e-5,287.9119902124674,578.9012484631406,13.946918521107369,581.8239804249348,0.92590415,1.0,1.0025597349162798
FBXL15,3,0.001850572371080342,6252.033491551587,12508.52978230453,20.92997601899634,12510.066983103174,0.55249895,1.0,1.0108246275485977
FBXL16,2,0.0003337188678007691,2857.784697476637,5720.520493403476,38.03746582703955,5721.569394953274,0.72534585,1.0,1.0040148889566551
FBXL17,2,9.438838838577979e-5,1022.5013848642697,2049.7905222988006,27.719426012416157,2051.0027697285395,0.84002055,1.0,1.0022711070142254
FBXL18,2,2.570107114256238e-6,501.8770830301219,1006.7406576446037,19.08214924882595,1009.7541660602438,0.900823625,1.0,1.002631780365583
FBXL19-AS1,2,0.00010377088818961474,301.77160556241967,606.6420036146332,14.330525997702344,609.5432111248393,0.92429565,1.0,1.0048441638899093
FBXL19,2,0.00023845212108703393,1425.567283420446,2854.688814933363,32.275543610553804,2857.134566840892,0.82015025,1.0,1.0026213922892828
FBXL20,2,5.2516105495718095e-5,646.8357770568507,1297.5917307768566,21.754634409709368,1299.6715541137014,0.879725925,1.0,1.0036665587580915
FBXL22,2,7.85763137736837e-5,269.17837700883524,541.3269179577879,13.414229579591275,544.3567540176705,0.928414025,1.0,1.0026294397890123
FBXL2,2,9.344824322935265e-5,1168.788360112922,2340.8615234821996,29.62764426855869,2343.576720225844,0.842263775,1.0,1.001786305449758
FBXL3,2,0.0008086015332105031,2173.9477805285637,4350.83401373891,37.00481947850641,4353.895561057127,0.806908875,1.0,1.0030075342944902
FBXL4,2,0.00024934018987767285,1631.5483311864175,3266.1152639726324,34.17296897033427,3269.096662372835,0.83804965,1.0,1.0016934727724853
FBXL5,2,0.0004534765709474861,2296.6426588992144,4597.082140135559,37.341158977286,4599.285317798429,0.781630275,1.0,1.0073153535194703
FBXL6,3,0.0021959955235830914,4067.3327117932017,8148.258378125981,34.46696309458382,8140.665423586403,0.6208479,1.0,1.0084554038114641
FBXL8,2,3.6471011828120626e-5,845.8569919802867,1696.8125911809736,25.240148592163184,1697.7139839605734,0.856307275,1.0,1.0048055300028254
FBXO10,2,6.578008415032538e-5,250.08622516902815,503.2002125515358,12.855942839172059,506.1724503380563,0.93070505,1.0,1.0027778247450214
FBXO11,2,0.0009310889411285379,2190.299526993199,4383.496039840619,37.043722428610494,4386.599053986398,0.80441385,1.0,1.0070511382951803
FBXO15,2,7.526355538344605e-5,264.44046319499654,532.2166060126679,13.276935253303565,534.8809263899931,0.925859625,1.0,1.0033482599727668
FBXO16,2,0.00019819896784320916,2596.5390102474557,5196.74566971833,37.84698278995145,5199.0780204949115,0.7628634,1.0,1.0017220119340478
FBXO17,2,0.00021325750636827832,2343.960129321878,4740.933925290414,37.54025400304798,4693.920258643756,0.7202733,1.0,1.0039188694674326
FBXO18,2,0.0001946687702339293,2637.701187620867,5279.907029742237,37.90931163077274,5281.402375241734,0.737196375,1.0,1.0057334812439254
FBXO21,2,0.0010623084711221605,3794.0268916532177,7593.62216235277,35.29988452642167,7594.053783306435,0.6701833,1.0,1.0045959978711065
FBXO22,2,0.0017303624777391157,5207.4554666857875,10419.337905759961,27.53456241849658,10420.910933371575,0.6076774,1.0,1.0059817721816235
FBXO24,2,3.870286160390032e-5,200.66770588053285,404.98783467903894,11.316569474824018,407.3354117610657,0.93499715,1.0,1.0021918058746084
FBXO25,2,0.0019115330344423676,3975.119575994707,7958.173565100855,34.81281898037118,7956.239151989414,0.6527769,1.0,1.0075401730564613
FBXO27,2,0.0006912630603511068,1658.283599535873,3322.6945009203146,34.11290533098174,3322.567199071746,0.785163725,1.0,1.0026675550230508
FBXO28,2,4.866711073312524e-5,2279.7090767641944,4562.492207849878,37.28866931067691,4565.418153528389,0.79413925,1.0,1.0049852384577551
FBXO30,2,0.00010042024461190968,804.0699839977701,1611.2528365513756,24.743763198879076,1614.1399679955402,0.888551075,1.0,1.0042330668931216
FBXO31,2,0.00015801376977015295,1316.5960518706208,2636.33994077015,31.235145377786797,2639.1921037412417,0.83768655,1.0,1.002915439873326
FBXO32,3,9.612221876435614e-5,1221.6229447846815,2446.4543600198353,30.362340511145508,2449.245889569363,0.8523023,1.0,1.0054041405833885
FBXO33,2,0.0004480205871707491,2867.283073457546,5738.855700607677,38.19152458204889,5740.566146915092,0.736563975,1.0,1.0028525776214279
FBXO34,2,0.0002490863485582482,2798.4626484082123,5601.294551384433,38.08601061937812,5602.925296816425,0.759088775,1.0,1.0061569130520782
FBXO36,2,4.8053743060836645e-5,908.293619435205,1820.0862862176025,26.175364907147564,1822.58723887041,0.8553553,1.0,1.0064709500440003
FBXO38,2,0.00026943401608297944,1509.228151281771,3021.6642381224333,33.03907865545977,3024.456302563542,0.827300375,1.0,1.0025607057078967
FBXO3,2,0.0007720051269231188,3259.2553207737196,6524.247269383845,37.014288831068455,6524.510641547439,0.706041625,1.0,1.0044165673532461
FBXO41,2,0.000825998166020274,1346.428041916634,2696.412627571843,31.863577026336483,2698.856083833268,0.846901875,1.0,1.0025050181822537
FBXO42,2,0.00023312456365811473,1598.988192839778,3200.795811262993,33.84192440830962,3203.976385679556,0.844215575,1.0,1.0037330442493435
FBXO43,3,5.120150210517314e-6,85.10931002441517,172.66516990383417,6.913269860138131,176.21862004883033,0.9580635,1.0,1.0030361158159071
FBXO44,2,0.0010796295633672434,3578.0341939296095,7183.797496285414,36.714527394885266,7162.068387859219,0.639532275,1.0,1.0057413013263938
FBXO45,2,0.00014439499600980667,1999.5125641482427,4003.2107263887756,36.24146299992472,4005.0251282964855,0.7728448,1.0,1.0054187169200204
FBXO46,2,0.00014566609712352013,1462.7905097834614,2928.4507945446558,32.73167802568291,2931.581019566923,0.85349225,1.0,1.0029517299486816
FBXO48,2,2.490301270478422e-5,795.2085981771774,1593.499625703588,24.46519086847576,1596.4171963543547,0.87221825,1.0,1.0019627294024696
FBXO4,2,0.00023264588253571637,1443.8096079702143,2891.7276272459712,32.45691852759065,2893.6192159404286,0.8092778,1.0,1.005355115426642
FBXO5,2,0.0038493793506587056,2697.650737268029,5400.350905905256,39.31571201812415,5401.301474536058,0.72840015,1.0,1.0016134139737116
FBXO6,2,0.00039076879227467994,3067.159181701078,6140.006406793252,37.720201251060764,6140.318363402156,0.70071245,1.0,1.0027058697016042
FBXO7,2,0.0032221707862784693,5824.176942514403,11653.32137301729,22.355042769964697,11654.353885028806,0.584636825,1.0,1.0029859039475795
FBXO8,2,0.00038599465049814875,1863.4989400746679,3730.1623531247214,35.65563701651489,3732.9978801493357,0.814988125,1.0,1.0031208673392324
FBXO9,2,0.0023352773755954135,5263.089908941377,10532.813009551526,27.55496401968067,10532.179817882754,0.5669889,1.0,1.001947342774781
FBXW11,2,0.0018462759247664558,4184.531531568222,8373.771959357071,33.06718479003402,8375.063063136444,0.684003175,1.0,1.0037190225990333
FBXW2,2,0.00042446567032721296,3116.61622556217,6237.842877259231,37.68686137555239,6239.23245112434,0.711716175,1.0,1.004141835253735
FBXW4,3,0.0011367261794865216,2008.4797698358623,4026.7811186053223,36.2461425478519,4022.9595396717245,0.755146375,1.0,1.004196007994411
FBXW5,2,0.0022235466591152353,5636.485587138328,11287.125629140111,24.735368448492366,11278.971174276656,0.55614875,1.0,1.0054443878582662
FBXW7,2,0.0004083828197199831,2435.9610052746225,4876.352192625619,37.70179416305893,4877.922010549245,0.773488975,1.0,1.005576498648589
FBXW8,2,5.245219998198796e-5,1040.012762033519,2084.815293455504,28.05497787768269,2086.025524067038,0.8394772,1.0,1.0027418831996588
FBXW9,2,0.0003816102498097634,1699.1089978088066,3403.0841750010454,34.52756646280438,3404.2179956176133,0.79240675,1.0,1.003977899446845
FCER1G,2,7.990782428449814e-6,103.03946280588364,212.1748631977359,7.707240513813178,212.0789256117673,0.95321735,1.0,1.0025565448603944
FCF1,2,0.00013422981499569382,2393.0685190753115,4805.355506160962,37.55000034551182,4792.137038150623,0.7219976,1.0,1.0036456194937335
FCGBP,2,4.108672339335074e-5,205.73354500164305,414.5244646466905,11.481697979479538,417.4670900032861,0.9352152,1.0,1.003985886552442
FCGRT,2,3.321668420962581e-5,891.7245993111762,1788.959633919827,25.969869308844892,1789.4491986223525,0.851285425,1.0,1.0032752274678456
FCHO1,2,0.0017217465791388494,5383.866023303038,10772.47551032664,25.669084389346033,10773.732046606076,0.5914237,1.0,1.0064202936519544
FCHO2,2,0.0006057728246319673,1775.5761733368927,3555.5431225682814,34.97983190459184,3557.1523466737854,0.7894366,1.0,1.004327253975207
FCHSD1,2,0.00010506032267357774,1107.4092725091136,2227.5546036392498,28.829657184449136,2220.8185450182273,0.826110975,1.0,1.0029052869269495
FCHSD2,2,2.2597433318492366e-5,835.4634039948486,1674.1584144090073,25.13127634718938,1676.9268079896972,0.86594915,1.0,1.001802939363411
FCN3,2,6.957964150652345e-6,97.1360583944775,197.04312108809947,7.4528394911705105,200.272116788955,0.954941225,1.0,1.001865134165261
FCRLB,2,1.5062100063794201e-5,736.3412019469004,1475.63799892896,23.512919589798493,1478.6824038938007,0.8822069,1.0,1.0025098034615312
FDFT1,2,0.005697586145564908,9998.999278751686,20013.497700542022,10.846303283234693,20003.99855750337,0.426238,1.0,1.001696822961716
FDX1L,2,0.0008913360060826021,3361.074818584538,6726.994991761601,37.55142420206383,6728.149637169076,0.694619225,1.0,1.0064610472265305
FDX1,2,0.0014167544027363674,6506.138419310931,13017.1819052541,18.831861560497785,13018.276838621861,0.5483228,1.0,1.013360994471658
FDXACB1,2,6.351384480993418e-5,880.7175040910726,1764.5186116941227,25.9181998986097,1767.435008182145,0.881740925,1.0,1.004070142610608
FECH,2,0.0006071918000117273,3299.323038157107,6610.661151184631,37.25640278208789,6604.646076314214,0.66261015,1.0,1.0083384340841046
FEM1A,2,0.0004299722367417962,2519.161901848196,5041.1374545470335,37.754155409124984,5044.323803696392,0.796278375,1.0,1.0031261991064189
FEM1B,2,0.00035883259673968784,1533.3052379584838,3070.15613143562,33.196162754409315,3072.6104759169675,0.835816625,1.0,1.002252282082002
FEM1C,2,4.853066724957598e-5,901.8366371099368,1806.721034266943,26.076563201722745,1809.6732742198735,0.879756525,1.0,1.0051475872215458
FEN1,2,0.004951002429307114,4780.64502470467,9568.038473855602,40.32396586545248,9567.29004940934,0.6326946,1.0,1.001213764898976
FERMT1,2,0.001699358428462465,3884.694296178889,7776.58937946216,35.60441836318338,7775.388592357778,0.6527764,1.0,1.004231052841044
FERMT2,2,0.000782228495289412,3324.9713304136517,6655.223612090459,37.64886906631497,6655.942660827303,0.69170685,1.0,1.0060803820456488
FERMT3,2,1.2774264814978054e-6,46.71352632935304,96.43540949919894,4.949921532678953,99.42705265870607,0.9672672,1.0,1.0022860544157757
FER,2,6.61440311484035e-5,2148.797875224849,4302.021679649874,36.87429316876167,4303.595750449698,0.76939755,1.0,1.003482954531258
FES,2,0.002393659452241053,6622.8057793290445,13254.273927647773,19.22845643966164,13251.611558658089,0.520261175,1.0,1.0085535403089796
FEZ1,2,0.00017011514019060837,703.4510572286351,1412.1672188652844,23.070458758995404,1412.9021144572703,0.87151335,1.0,1.0032814795222167
FEZ2,2,0.0007274440515933899,4724.995667644183,9455.141778435276,30.34573402850871,9455.991335288367,0.626099025,1.0,1.0026498203886252
FEZF1-AS1,2,6.462270458415989e-5,736.6074522196985,1477.2878449409723,23.34657028240796,1479.214904439397,0.86984145,1.0,1.0043348167935748
FEZF1,2,4.294576818133863e-6,78.97397088460136,160.38731347010133,6.62676953574465,163.9479417692027,0.959626825,1.0,1.0020110791138401
FGD1,2,3.973327048700294e-5,564.2326442198923,1132.8808109792612,20.18000622008892,1134.4652884397847,0.8852122,1.0,1.0029329978811299
FGD3,2,8.357363480323361e-5,1163.9898738028473,2331.2376523921207,29.699114588435762,2333.9797476056947,0.854238825,1.0,1.0026875247702935
FGD4,2,7.475294360195611e-5,1009.8892177978262,2022.9804051352917,27.587013882468362,2025.7784355956524,0.860831525,1.0,1.0019890070435153
FGD5-AS1,2,0.0004887997297858316,3030.622599960212,6066.83187138761,37.8235013048393,6067.245199920424,0.69454285,1.0,1.0061835694870214
FGD6,2,1.0401172488647083e-5,541.4529982437411,1085.9424719982162,19.842848343298144,1088.9059964874823,0.8946242,1.0,1.0044574993137678
FGF11,2,4.802036372253789e-6,329.2415359755545,661.8308058574727,14.967559270165884,664.483071951109,0.916257875,1.0,1.0006934744318825
FGF17,2,1.566955723135333e-5,137.18536975550123,278.5826165188342,9.084476858178705,280.37073951100245,0.9462243,1.0,1.0021821062701146
FGF18,2,1.7071096222255305e-5,355.32753088228293,714.3652477725362,15.571476470172302,716.6550617645659,0.91393555,1.0,1.005868235594837
FGF19,2,0.0022697772961322673,5112.895629748857,10231.087350950304,34.0233850213349,10231.791259497713,0.598361975,1.0,1.0038824810457967
FGF2,2,1.4157971408273775e-5,420.1980985916467,843.9197333250329,17.154750229550448,846.3961971832935,0.90501155,1.0,1.002510548743573
FGF8,3,2.785497687833442e-5,174.86399480070037,352.4419172482808,10.451486666064289,355.72798960140074,0.94357975,1.0,1.0040399266781808
FGF9,2,0.00013789782461139994,766.9860678355775,1538.3142090357621,23.74057500054988,1539.972135671155,0.869367425,1.0,1.00269648791678
FGFBP1,2,0.0006375060985000388,2319.673917371014,4645.254641361988,37.69156211937101,4645.347834742028,0.7390577,1.0,1.0018003451570279
FGFBP2,2,7.535235779039123e-5,264.41447660476024,533.2965686619948,13.276164890313115,534.8289532095205,0.9242884,1.0,1.0036897745623368
FGFBP3,2,1.4816910956787857e-5,743.2954828755239,1490.0206252365556,23.635180125914047,1492.5909657510479,0.8713349,1.0,1.0040145694962581
FGFR1OP2,2,0.002732545916146847,4098.484698639364,8203.920200765451,34.54472481175216,8202.969397278728,0.673380225,1.0,1.0111034564686763
FGFR2,3,5.2003132038994284e-5,672.4869301480404,1349.0791673930485,22.235768559367873,1350.9738602960808,0.875539725,1.0,1.003994320717666
FGFR3,2,8.694529904142279e-6,548.738547607242,1100.8551609766082,20.077003257693967,1103.477095214484,0.89203795,1.0,1.0055654420599451
FGFRL1,2,0.000197433428592858,1371.6471106184283,2748.6928708309088,31.770486267007637,2749.2942212368566,0.810805125,1.0,1.0035016665832928
FGGY,2,0.00011279698305751694,1374.57391529718,2753.8637295284407,31.936147435185067,2755.14783059436,0.81756665,1.0,1.006081615057453
FGL2,2,3.2044797687869467e-7,25.436207648813628,53.048501119818525,3.638596320572025,56.872415297627256,0.9738188,1.0,1.0030428652788623
FHAD1,2,0.00012195275459998306,922.4977462525687,1848.372285759707,26.564198019059955,1850.9954925051375,0.869404275,1.0,1.0069732596892595
FHDC1,2,8.894437794734823e-5,283.26620549608646,569.5422728664341,13.816261353627663,572.5324109921729,0.928981375,1.0,1.004564824181723
FHIT,2,0.0007432016858150482,3126.821258859664,6258.8480970167075,38.05649269663403,6259.642517719328,0.689844675,1.0,1.0019096072437748
FHL1,2,0.0005885791292079122,1937.6187954146028,3883.215620348845,36.136810784056244,3881.2375908292056,0.779795825,1.0,1.0026945066052444
FHL2,2,0.004826894900225696,6225.195730418205,12455.268458331782,23.196523578663413,12456.39146083641,0.5239541,1.0,1.0039366194455133
FHL3,2,0.0010319385564666718,3971.220433046462,7945.42206180353,33.82366985489935,7948.440866092924,0.714353325,1.0,1.0050062258339443
FHOD1,2,0.00044052848385225897,1515.9933050264192,3036.632086840748,33.00207384143914,3037.9866100528384,0.803721825,1.0,1.0024848128591377
FHOD3,2,2.1803907843641396e-5,579.9008848112813,1163.452361759404,20.560780761158057,1165.8017696225627,0.885408275,1.0,1.0025315886903603
FH,2,0.000552912267955771,4193.955562314532,8395.9439829829,34.199421851691454,8393.911124629063,0.615331925,1.0,1.001989592591784
FICD,2,0.0001244431690442685,1007.5118880576599,2018.032121318492,27.75311198428686,2021.0237761153198,0.8809481,1.0,1.0039799813197554
FIG4,2,0.0007111506721704026,1918.4458493119134,3842.252692834911,35.835110854833985,3842.891698623827,0.77311365,1.0,1.0022889621702027
FIGF,2,5.998642147133352e-6,91.16117085962088,184.93772875775636,7.188215332305067,188.32234171924176,0.9563868,1.0,1.0021876714062126
FIGNL1,2,0.0003704391523494623,1157.893019413133,2320.6117423995524,29.226520386577707,2321.786038826266,0.829531425,1.0,1.0047690282648396
FILIP1,2,5.680237528291187e-7,32.76345821120094,67.84562342795886,4.112378460105671,71.52691642240188,0.97141665,1.0,1.0041071261893706
FIP1L1,2,0.0010240026150724777,4847.926785102944,9700.328799384777,29.54671928753318,9701.853570205889,0.6232085,1.0,1.009537292033659
FITM1,2,2.8746061366618425e-6,66.42110347998444,135.42681758982133,6.011225299827592,138.84220695996888,0.96215185,1.0,1.0023157295488825
FITM2,2,1.4504312323848415e-5,750.2238070290152,1503.5677140608816,23.755663784481516,1506.4476140580305,0.875822175,1.0,1.0040253599265925
FIZ1,2,7.635157044146182e-5,997.456241020813,1998.1307556467198,27.409585135580816,2000.912482041626,0.860443025,1.0,1.0019966682282069
FJX1,2,0.0006967896752419082,2591.242731156735,5187.132603514373,38.42675127553748,5188.48546231347,0.732570525,1.0,1.0028841860984274
FKBP14,2,0.00023269071595534728,1526.4196530408274,3059.304018168566,33.22146647545506,3058.8393060816547,0.79787145,1.0,1.0035602825180263
FKBP15,2,0.00014354855395118602,1435.5950085493996,2874.310947625575,32.52896922908352,2877.190017098799,0.84234685,1.0,1.0033259624751003
FKBP2,2,0.009134046888470427,11636.410553524842,23277.91053019322,7.329552140561849,23278.821107049684,0.319138875,1.0,1.0038669916849712
FKBP4,2,0.0023061492995026015,7259.360302276281,14526.99278835433,16.5816517160024,14524.720604552562,0.4807194,1.0,1.0087956992613523
FKBP5,2,0.0005281205397424168,2690.0075109688305,5385.0890940011295,38.41124479283253,5386.015021937661,0.7191822,1.0,1.0025671489669021
FKBP7,2,0.000577403623106078,1756.0488254324678,3516.1274454930726,34.85606792488833,3518.0976508649355,0.79274495,1.0,1.0028550750984326
FKRP,2,9.978562104272359e-5,992.1220817430466,1988.4021543894698,27.53575838544936,1990.2441634860932,0.850499125,1.0,1.0036044186047737
FKTN,2,4.3778267706296665e-5,861.1619252626236,1726.263295336031,25.60866049702562,1728.3238505252473,0.86224565,1.0,1.0035822782096409
FLAD1,2,0.0014978819971458786,4011.5994327500293,8027.585318976625,34.03000592167584,8029.198865500059,0.693497775,1.0,1.0034359054553874
FLCN,2,8.327625048930373e-5,1098.1060443993974,2199.2471718686306,28.756380668963555,2202.212088798795,0.857803825,1.0,1.0021871829681634
FLNB,2,0.00017687412804793948,2563.93767825499,5136.966885650737,37.89228582242091,5133.87535650998,0.715430075,1.0,1.0031190097223472
FLNC,2,7.777030495146669e-5,822.6694594493273,1657.3467134053337,24.755847272273012,1651.3389188986546,0.853829025,1.0,1.0011695297262624
FLRT3,2,4.295033019012366e-6,78.97397209581469,160.40140862117158,6.627081421592137,163.94794419162938,0.95995705,1.0,1.0017802135845926
FLT3LG,2,0.000604554607669305,612.2511624842105,1228.4846540139686,21.443002425300172,1230.502324968421,0.886477225,1.0,1.0058651157791405
FLT3,2,4.301926157162875e-6,78.97399039709647,160.8084330506915,6.625736964875069,163.94798079419294,0.958946875,1.0,1.0016785237914383
FLVCR1-AS1,2,0.0007665759150143662,2245.008327980399,4495.346633730555,37.22694268436762,4496.016655960798,0.74556635,1.0,1.0042544567353586
FLVCR1,2,0.0005684885499070732,1770.282262367406,3547.088122403697,34.95226219680419,3546.564524734812,0.775931525,1.0,1.0026171877748518
FLVCR2,2,2.7858226169480832e-5,174.86400342756838,352.64872112607566,10.451040641584266,355.72800685513675,0.940206975,1.0,1.0026856710468004
FLYWCH1,2,0.0007362459782071439,2030.9213784149101,4065.0160463027114,36.42081982705547,4067.8427568298202,0.7956332,1.0,1.0020447009162148
FLYWCH2,2,0.00281693068371092,6420.278120420409,12845.153401632999,20.267992989515363,12846.556240840819,0.5480947,1.0,1.0039331559199338
FMN1,2,3.5495172764089603e-6,72.74762206837633,147.92018690408227,6.326838252620302,151.49524413675266,0.961151425,1.0,1.0039960875966951
FMNL1,2,0.0006231394431790345,619.6799559404585,1242.9385154458548,21.586881626454556,1245.359911880917,0.89014945,1.0,1.0089766470283772
FMNL2,2,0.00019400762123373693,2464.334571887622,4936.682816369422,37.727504141679155,4934.669143775244,0.72529985,1.0,1.0044568373569847
FMNL3,2,2.0466917123219745e-5,153.57851861143857,310.06692455589035,9.69603414987171,313.15703722287714,0.943985125,1.0,1.0053277538714995
FMO4,2,1.398160696267489e-5,428.60860058381405,860.9409202482254,17.349507709072277,863.2172011676281,0.902401775,1.0,1.0017867506642193
FMO5,2,1.2792274073599968e-6,46.7135311108112,95.75829322709691,4.9531113820370365,99.4270622216224,0.967506775,1.0,1.0048411512750262
FMR1,2,0.00032048252141318924,1463.1723921099804,2930.4737402571695,32.57750544633746,2932.3447842199607,0.810322,1.0,1.0022745790076744
FN1,2,0.00012816313579028119,328.9801591605104,699.7458094451041,15.05817409223812,663.9603183210208,0.912672825,1.0,1.0025043626887373
FN3KRP,3,0.003894811019982044,3416.599390401804,6847.49674899981,37.663910615475146,6839.198780803608,0.654311075,1.0,1.0020566710124217
FN3K,3,0.0006616491412411953,634.3981397552982,1274.0719362668447,21.86888361396424,1274.7962795105964,0.879927575,1.0,1.0037407946202324
FNBP1L,2,0.0007452254781928504,4262.945940132712,8530.416723471579,34.800654717208936,8531.891880265424,0.6380569,1.0,1.0014951892394883
FNBP1,2,0.0007009276885892067,3232.261631958073,6470.389888823898,37.89351287146871,6470.523263916146,0.686678075,1.0,1.0068583650187561
FNBP4,2,0.0014259072576651758,5265.206391542526,10535.856479041831,26.508839227888892,10536.412783085052,0.579971825,1.0,1.0041061029174285
FNDC3A,2,0.0004932716123269247,3457.9911106892064,6919.291530631329,36.35643106685236,6921.982221378413,0.723244325,1.0,1.0057501230772077
FNDC3B,2,0.0004306259895643927,1536.4266209732707,3076.9232896263056,33.19056816674557,3078.8532419465414,0.810321625,1.0,1.0057967827927814
FNDC4,2,0.00028669209905612817,1284.6971809284128,2574.79170044126,30.766449991621034,2575.3943618568255,0.81544575,1.0,1.0048335016062706
FNDC9,2,1.3686749516204335e-9,3.633831996552251e-6,2.3891896086431266,8.090167130866259e-15,6.000007267663993,0.982082575,1.0,1.0019052502655494
FNIP1,2,0.00015254427024000586,1110.766146199042,2225.4340250357836,28.811178044677483,2227.532292398084,0.842208975,1.0,1.0034882002217942
FNIP2,2,3.0516617513275147e-5,697.8238496315321,1398.9480297669238,22.759461916287762,1401.6476992630642,0.87753895,1.0,1.003359542793555
FNTA,2,0.002165726056683818,5842.8249297323155,11691.477740780312,21.713598946735964,11691.649859464631,0.609229925,1.0,1.0032195313255403
FNTB,2,0.000166972377983185,1471.1737488645726,2946.431020805336,32.78617401174023,2948.3474977291453,0.81228535,1.0,1.0052858708859012
FOCAD,2,0.00018311379628492417,1037.989839014997,2080.55443154758,28.18256746727999,2081.979678029994,0.8451831,1.0,1.0047924287752852
FOPNL,2,0.0013429078065111029,4861.6376466379315,9730.767085024268,31.851060183672374,9729.275293275863,0.608244225,1.0,1.0073915655460706
FOSB,2,0.001632585145969758,4622.132133404084,9249.297964740366,34.70686683164671,9250.264266808168,0.643997075,1.0,1.0028637652697368
FOSL1,2,0.003864465167716254,4753.887989768395,9513.1251335785,34.476720351042964,9513.77597953679,0.624065275,1.0,1.003128552822917
FOSL2,2,0.00013210322233300745,1433.6189011355084,2870.1071556522943,32.47388654351295,2873.237802271017,0.856494775,1.0,1.0030691831790401
FOS,2,0.009075310441500457,12054.863584032664,24118.046922633563,7.2118316024216575,24115.72716806533,0.3881304,1.0,1.000165429114714
FOXA1,2,7.075614063937097e-5,500.20470180243865,1004.6131082283381,18.768920022957012,1006.4094036048773,0.895617625,1.0,1.002276892506204
FOXA2,2,5.9986643083634826e-6,91.16117091845895,184.8208072261951,7.1891756120813595,188.3223418369179,0.957831725,1.0,1.003391437256498
FOXA3,2,0.00032912048734006004,1522.7601951460165,3048.8929956947045,33.11925353943261,3051.520390292033,0.840373375,1.0,1.0073145250743747
FOXC1,2,0.0018454450004171802,3292.9926519267965,6590.312062907544,38.62772174319017,6591.985303853593,0.713634625,1.0,1.0041708581534785
FOXD1,2,0.00012658796345541896,1875.4518102410295,3755.606334483812,35.52375420006005,3756.903620482059,0.777206875,1.0,1.0070433381488735
FOXD2-AS1,2,2.988139767234502e-5,180.09148758897615,363.02606706915503,10.630798133370794,366.1829751779523,0.939893225,1.0,1.003911563178376
FOXD2,2,0.00010765660649951808,306.3507658959725,615.7142641351857,14.455881235584167,618.701531791945,0.9277687,1.0,1.0035822002773058
FOXD3,2,5.998702256211721e-6,91.16117101921049,184.80002221724067,7.189479740981684,188.32234203842097,0.95828395,1.0,1.001493901332748
FOXD4,2,3.5488375451409217e-6,72.74762026368981,148.2991131847798,6.326104644557301,151.49524052737962,0.960538725,1.0,1.002460087773515
FOXF1,2,7.205041044813467e-5,259.6723355224562,522.3227552558701,13.138701595150133,525.3446710449124,0.931361575,1.0,1.0028010964408065
FOXJ1,3,8.873738007584558e-7,39.839547198265336,81.97365811879082,4.55009451700587,85.67909439653067,0.9692551,1.0,1.004685066605477
FOXJ2,2,0.00010770291850083753,1083.5368462350139,2170.501021982436,28.523256216043094,2173.0736924700277,0.849977975,1.0,1.0053100438443927
FOXJ3,2,0.00012916035340353725,2315.4354215446056,4635.00648691017,37.41394834695787,4636.870843089211,0.775198325,1.0,1.0045291905307712
FOXK1,2,0.0008015279955103714,2187.837566423721,4378.581023337036,37.058182153779484,4381.675132847442,0.81257525,1.0,1.0026730633409842
FOXK2,3,0.0009540027664319416,1933.8074583408359,3871.986641511924,35.88359390812558,3873.6149166816717,0.7808345,1.0,1.003537557326401
FOXL1,2,5.407653377855432e-5,230.63763418740834,464.28901221037586,12.267134432012817,467.2752683748167,0.931961125,1.0,1.0050482380567765
FOXM1,2,0.0009894885470891003,2196.467895850115,4448.7806616204125,37.205788055890366,4398.93579170023,0.74836685,1.0,1.0024690674031314
FOXN2,2,0.0003425889858537786,1492.062421767989,2987.785371795051,32.8374873865901,2990.124843535978,0.82553315,1.0,1.0013488130763242
FOXN3-AS1,2,0.0001938083061684469,1113.2067147512032,2231.15889214386,29.141971976381353,2232.4134295024064,0.84078605,1.0,1.0029813162606693
FOXN3,2,0.0002664588148175099,1433.855874208309,2871.2600258226526,32.33675478763002,2873.711748416618,0.8228538,1.0,1.0021111593589078
FOXO1,2,9.331886308106941e-5,1168.8442306746379,2340.6216863753475,29.628548491069573,2343.6884613492757,0.8621029,1.0,1.0058411078126186
FOXO3,2,0.0015207194274460222,3118.7534252967494,6241.855205586162,38.23197024344714,6243.506850593499,0.718596425,1.0,1.0049026497419955
FOXO4,2,1.1880881276549235e-5,490.127788749534,984.2073171241769,18.740977349367387,986.255577499068,0.89416625,1.0,1.0040508444288958
FOXO6,2,3.326641693886613e-6,437.0742811626624,876.9520127083149,17.628167727471386,880.1485623253247,0.911011625,1.0,1.0011899525774612
FOXP1,2,0.0017519565333913292,2126.4163950544803,4257.669437979014,36.824475445923795,4258.832790108961,0.782643275,1.0,1.0029522033353284
FOXP2,2,1.1117325849326529e-5,514.0296144424643,1031.1391518405335,19.263378850334934,1034.0592288849286,0.899427925,1.0,1.0036449176706468
FOXP4,2,0.00013284089243639563,1412.8446634971624,2828.8648852616266,32.26490900586247,2831.689326994325,0.8303862,1.0,1.0029690154227129
FOXQ1,2,1.4194925792528225e-7,17.768400047500727,37.64566055210882,3.134664596847708,41.53680009500145,0.976417275,1.0,1.0030448219950956
FOXRED1,2,0.00016396572294289277,2201.9585070856338,4414.565045768436,37.1313080163447,4409.9170141712675,0.7372379,1.0,1.0026352312949727
FOXRED2,2,0.000159505206606065,1408.1772590262858,2820.160395552223,32.18517212452559,2822.3545180525716,0.816483375,1.0,1.0017248131686234
FPGS,2,0.0008184093201650744,3577.211175066234,7166.746378970514,36.259881708615914,7160.422350132468,0.6515604,1.0,1.006509083591146
FPR1,2,1.7189314271931915e-5,142.69870270989747,288.49260078460935,9.2931967087872,291.39740541979495,0.945744525,1.0,1.0028880447920359
FRA10AC1,2,0.006179827527411126,6801.042182622874,13606.670933531825,18.801410057029617,13608.084365245748,0.50470285,1.0,1.0066815037430066
FRAS1,2,0.00011469784605536963,1044.0808787349697,2093.179971560644,27.981672546590104,2094.1617574699394,0.836326975,1.0,1.0053262565985746
FRAT1,2,1.2539408690993655e-5,465.8355405116575,934.8826568642969,18.20654549145043,937.671081023315,0.90646475,1.0,1.0055674925288525
FRAT2,2,0.0002697294549038846,2376.989728859319,4758.157408940976,37.70020783244011,4759.979457718638,0.757569425,1.0,1.0031260872140995
FRG1,2,0.002762410587658179,5638.449282465741,11282.183612445542,24.24920684605347,11282.898564931482,0.589470525,1.0,1.0127228395491275
FRK,2,2.662628918200392e-5,764.4234634663483,1531.8342563174347,23.93998414547176,1534.8469269326965,0.88287495,1.0,1.0023138482653062
FRMD3,2,3.639063123229029e-5,195.57155976947269,394.0175255275398,11.15023858713191,397.14311953894537,0.938037575,1.0,1.00229055739954
FRMD4A,2,1.7196940587864597e-5,142.69456223479443,289.39956702169417,9.292963080909136,291.38912446958886,0.94525315,1.0,1.0029052030451122
FRMD4B,2,1.1335525465181889e-5,506.1041131083321,1015.2881572442366,19.0935419443835,1018.2082262166642,0.903930825,1.0,1.002431022485352
FRMD5,2,0.0005056223350037086,1612.5842559482544,3229.355392768129,33.80370498968491,3231.168511896509,0.807952,1.0,1.004051620556186
FRMD6,2,0.0001827113414317488,710.5060537738484,1424.2098140239218,23.19810152344446,1427.0121075476968,0.890838275,1.0,1.0049154407016296
FRMD8,2,0.0005892450826640042,2264.052178559912,4533.51470776748,37.31420532068083,4534.104357119824,0.75360145,1.0,1.0042936034733874
FRMPD1,2,2.2712740412360163e-6,59.98324541897534,122.346108730583,5.680168621014899,125.96649083795069,0.964135825,1.0,1.0028310520622263
FRMPD2,2,1.7486063337293651e-6,53.420085341306255,109.93738034109242,5.326386200070908,112.84017068261251,0.965202075,1.0,1.0031553880470334
FRMPD3,2,5.680608547993767e-7,32.76421224425111,67.80691693290206,4.115650169623404,71.52842448850222,0.9713168,1.0,1.0032794734946415
FRRS1,2,0.00010377092493171972,301.77160565996996,607.0203567324633,14.329918859645973,609.5432113199399,0.919974775,1.0,1.00234553855621
FRS2,2,6.041269272652499e-5,1176.2203115496968,2355.4286528112552,29.80630297816974,2358.4406230993936,0.862482775,1.0,1.001730047784862
FRS3,2,3.1979641131478196e-5,185.28449211279514,373.4148591055519,10.807143246951714,376.56898422559027,0.93963465,1.0,1.0019816560163126
FRYL,2,0.0002716111142789404,2456.25800635176,4917.415677567274,37.77077687253223,4918.51601270352,0.749778375,1.0,1.002827391811961
FRY,2,1.4204472218193439e-5,131.63229752683208,266.15703106789084,8.871457223811673,269.26459505366415,0.9479321,1.0,1.0050574386913973
FRZB,2,2.9892616223907162e-5,180.08602554924883,363.1354662999938,10.630496977350205,366.17205109849766,0.939357975,1.0,1.0033218868840719
FSCN1,2,0.003787842353436324,7697.136306144228,15403.107830614837,13.954783049089478,15400.272612288456,0.458131275,1.0,1.0125772240532582
FSCN2,3,6.885302277820449e-5,254.89893073991334,512.8578064066373,12.997781873720383,515.7978614798267,0.9287123,1.0,1.0053828079300928
FSD1L,2,0.00016411097190513634,1056.4768405190189,2117.7339404674776,28.083416575639827,2118.9536810380378,0.83643665,1.0,1.0036172576192632
FSD1,2,0.0009369992370560254,3288.755080109743,6617.07569726981,37.77284239705474,6583.510160219486,0.6567943,1.0,1.0076111226084103
FSD2,2,3.1935427161338446e-7,25.43620474502615,53.066552898216905,3.6544055782057714,56.8724094900523,0.97418045,1.0,1.0022663629913726
FSIP1,2,4.7592016349674586e-5,480.8898442726811,965.9513993025341,18.407893982102543,967.7796885453622,0.897675525,1.0,1.0049915255023378
FSIP2,2,3.5488552371628435e-6,72.74762031066213,147.97072681637496,6.326666128619052,151.49524062132426,0.9608084,1.0,1.0030485023429738
FSTL3,2,0.000967800916938179,2037.5372650290635,4078.896752893335,36.40856173703123,4081.074530058127,0.7870818,1.0,1.0020672465386684
FSTL4,2,1.740493366606343e-6,53.417423289384296,109.1592942664191,5.328504444495712,112.83484657876859,0.96584775,1.0,1.002168457942098
FSTL5,2,4.02437213624092e-5,340.65764771595684,685.7183083594603,15.116313846219604,687.3152954319137,0.914048525,1.0,1.0029533017349248
FST,2,1.5673638000253364e-5,137.18935144180864,284.4379251279111,9.083621341540441,280.3787028836173,0.945797725,1.0,1.005631083434307
FTCD,2,2.401472949310206e-5,164.30051645785434,336.431815703749,10.079974873093441,334.6010329157087,0.940715025,1.0,1.003287314271321
FTO,2,0.00038462785243517926,1479.4428086168703,2963.4869386039923,32.69295893745725,2964.8856172337405,0.804808425,1.0,1.002614402296602
FTSJ1,2,0.001099705184206914,3569.9188681759356,7147.9115478926515,36.886147171505336,7145.837736351871,0.658752425,1.0,1.0058332985746776
FTSJ2,2,0.0013803066433203633,3682.595906983451,7369.545219822542,35.957129981898646,7371.191813966902,0.70210545,1.0,1.0037552880712626
FTSJ3,3,0.0015952015680895148,3543.324639270836,7091.170172266287,36.84667581604709,7092.649278541672,0.6747894,1.0,1.0033719954182148
FUBP1,2,0.0006708225063661204,4503.27726401632,9013.718427878708,33.15300437919071,9012.55452803264,0.627432675,1.0,1.0066306489449985
FUCA1,2,0.001425451188711633,5033.709219326585,10075.660954349216,29.352986841722046,10073.41843865317,0.5826798,1.0,1.0048852720886372
FUCA2,2,0.0008650799089308127,5226.4757013322305,10480.542790612983,25.925531985700456,10458.951402664461,0.55308245,1.0,1.0070211094406532
FUK,2,4.924859273523763e-5,694.1723626316123,1394.4513954280949,22.631705809678486,1394.3447252632245,0.8688409,1.0,1.0019780070033895
FUNDC1,2,0.0008944531606436481,4983.5932898162055,9972.824019491649,28.122516893925866,9973.186579632411,0.6115535,1.0,1.0104617565504357
FURIN,2,0.00021962762198618152,1396.085782228521,2797.639332295765,31.9984463911231,2798.171564457042,0.806922875,1.0,1.003860664732129
FUS,2,0.007267713190294035,9551.628364265123,19180.615427676817,10.51188284249579,19109.256728530247,0.381028725,1.0,1.001843960904008
FUT10,2,0.00029196579012189054,1532.5289192850519,3068.298659908429,33.23264967771081,3071.0578385701037,0.8269019,1.0,1.0030612868520985
FUT11,2,0.00019136206141389295,1292.3499726247003,2588.128160186367,30.933791352318373,2590.6999452494006,0.840927575,1.0,1.005241636945522
FUT1,2,0.00021601498754355523,728.0327735100119,1459.0704848802045,23.509988798132447,1462.0655470200238,0.9023245,1.0,1.0054383290815907
FUT2,2,0.0006631328879906338,1754.752413260657,3513.428038719287,34.832541472743365,3515.504826521314,0.820831875,1.0,1.0025448208566872
FUT3,2,9.383990939670004e-9,2.491449594482386e-5,1.620118425172273,1.1441223993092332e-14,6.00004982899189,0.98221585,1.0,1.0021193763320215
FUT4,2,0.00014618423874657684,689.2633064269369,1381.6430563128722,22.813220858203625,1384.5266128538738,0.89734075,1.0,1.0022828729075024
FUT5,2,9.128744891967626e-9,2.4236817688174047e-5,4.4172475579510255,1.1441224334067373e-14,6.000048473635377,0.981933225,1.0,1.0038505200896326
FUT8,2,0.0006248910129889476,1687.171595112568,3378.7309030114748,34.35228816819024,3380.343190225136,0.798372475,1.0,1.0034850091788823
FUZ,2,0.0001488996958543921,834.1150808018102,1672.4870938702304,25.23873237664823,1674.2301616036204,0.8654929,1.0,1.0032265199874615
FXN,2,0.0012315049549254573,5208.649334384987,10423.655733001286,27.510897904494122,10423.298668769974,0.60004415,1.0,1.0057049327658647
FXR1,2,0.00379201022985983,8683.559594063589,17372.248911971965,11.735421001412588,17373.119188127177,0.442415775,1.0,1.0104863319184059
FXR2,2,0.0001753790190377567,2686.8617085183073,5377.408215763161,37.89195549478598,5379.723417036615,0.753262325,1.0,1.0042145543875982
FXYD5,2,0.004316003941565209,9108.485350589734,18226.423255248148,11.122103884070407,18222.970701179467,0.383898675,1.0,1.0038398739503311
FXYD7,2,1.5662392470395216e-5,137.18932158492686,280.4481787335165,9.083927252166779,280.3786431698537,0.946014675,1.0,1.0027943019618062
FYCO1,2,2.6849664132971447e-5,761.0077394549749,1525.2292424007233,23.879849971237377,1528.0154789099497,0.87215205,1.0,1.0029897903690328
FYN,2,0.00016369668992272584,1294.7243025036255,2592.8512579230655,30.9913527942431,2595.448605007251,0.8289184,1.0,1.0010643053729154
FYTTD1,2,0.0012601596246497935,4967.583500580325,9943.374965750574,29.526825025039265,9941.16700116065,0.595960075,1.0,1.0111914239604474
FZD1,2,3.477512603786793e-6,424.59125614539516,852.0600410150798,17.335764382726882,855.1825122907903,0.907737575,1.0,1.0024039184384568
FZD2,2,8.749342709185427e-5,1203.1976112478162,2409.3185822814044,30.05537895413278,2412.3952224956324,0.852602875,1.0,1.0087109596278927
FZD3,2,0.0007751915907474033,2183.1445493527026,4369.455005149111,37.05410883052355,4372.289098705405,0.7998592,1.0,1.0020116551694145
FZD4,2,3.5281050416955023e-6,420.4050699486633,843.6701086842678,17.237503348093767,846.8101398973266,0.9097486,1.0,1.0066795441820815
FZD5,2,3.4296895150929853e-6,428.7647581280525,860.3905401492756,17.434878707861493,863.529516256105,0.910762975,1.0,1.0032702997696719
FZD6,3,0.0007877999533044311,2150.5469833231177,4308.713824924654,36.91948056153507,4307.0939666462355,0.76144155,1.0,1.0027852144348728
FZD7,2,6.407580529104665e-5,740.1561226553853,1484.11376090744,23.410489668314234,1486.3122453107705,0.873760925,1.0,1.0031097365195767
FZD9,2,4.110186066715064e-5,205.7271404328937,414.37961560159266,11.481890265583733,417.4542808657874,0.936061425,1.0,1.0019893600649155
FZR1,2,0.0006227906510445905,3054.9542419255317,6114.455730256165,37.74458236056313,6115.9084838510635,0.739733025,1.0,1.0032982602944849
G2E3,2,0.0036795370862599654,4206.775647398249,8418.293743189164,39.240534199116865,8419.551294796498,0.6401445,1.0,1.0036810227673825
G3BP1,2,0.0015504615056509497,7627.99196587753,15261.55174353257,13.963658155761916,15261.98393175506,0.47691115,1.0,1.0059438640614626
G3BP2,2,0.0024223792852086905,6777.325913215051,13559.98045114166,17.82454845629445,13560.651826430101,0.532534925,1.0,1.013572860480625
GAB1,2,4.486347382770975e-6,347.12723190840694,697.2322162547226,15.434570449252838,700.2544638168139,0.9171904,1.0,1.0018922431574646
GAB2,2,4.294559749081008e-6,78.97397083928301,160.46322172577817,6.626279041965775,163.94794167856602,0.959349475,1.0,1.0041985102592106
GAB3,2,2.4023262115611958e-5,164.29561818835873,331.34687748997817,10.081661414752594,334.59123637671746,0.94326745,1.0,1.002581281887214
GABARAPL1,2,0.0008218411506946815,3673.6982706595195,7362.707685759138,35.60320807074726,7353.396541319039,0.64879575,1.0,1.003544869305822
GABARAP,2,0.0003293530492887074,2741.916386360747,5618.639945489522,37.81986605257728,5489.832772721494,0.686190075,1.0,1.0067365168628926
GABPA,2,0.00013936077395884495,1389.1051740341213,2782.1599066382437,32.01912956327629,2784.2103480682426,0.817333275,1.0,1.0031727737615097
GABPB1,2,0.0005865494048024765,1615.4245928771752,3235.311136656712,33.802193045327336,3236.8491857543504,0.804895725,1.0,1.0035284923587446
GABPB2,2,0.0005463862521100951,1741.5151509158488,3486.8790859232863,34.76049441442544,3489.0303018316977,0.802053225,1.0,1.0029625258105126
GABRD,2,0.00029987899140652714,1723.7787832094605,3457.8582433061647,34.761166781738076,3453.557566418921,0.7783078,1.0,1.003342164778887
GABRE,2,5.677167363571459e-7,32.76421133061665,67.75674216059771,4.114582153483332,71.5284226612333,0.971538225,1.0,1.0031329876711836
GABRG2,2,0.00010377124042889726,301.7716064976149,606.705983212682,14.33022033450216,609.5432129952299,0.921785375,1.0,1.0023729448457954
GAD1,2,8.94391053440293e-5,2268.534251555939,4541.096917824287,37.267124152914064,4543.068503111878,0.7615379,1.0,1.005267163854806
GADD45A,2,0.0029580006167061967,6797.369103705254,13600.278202017304,22.46388937393122,13600.738207410508,0.5291001,1.0,1.0025054709736887
GADD45B,2,0.00043953629879793445,2315.4141538204485,4635.410982056726,37.39909159465132,4636.828307640897,0.79859365,1.0,1.0141018297837738
GADD45GIP1,2,0.009836095031539616,12622.088617571297,25249.55989450982,6.037785310819066,25250.177235142593,0.3033494,1.0,1.0069533548858383
GADD45G,2,5.004279026225573e-5,460.3199317109809,924.7894730403447,17.94712047359152,926.6398634219618,0.901731825,1.0,1.0014089839094653
GAK,2,0.0002719236624713862,2326.962104201704,4662.889903073538,37.43059989796302,4659.924208403408,0.732165625,1.0,1.0042194530584387
GAL3ST1,2,5.133535014567068e-5,225.71091624479874,454.4193325872854,12.114604636463579,457.4218324895975,0.9330287,1.0,1.0029004120022615
GALE,2,0.0013174319312958714,6250.345332443287,12509.882933707064,22.124935676631555,12506.690664886573,0.555969525,1.0,1.0085862820615163
GALK1,3,0.0027840117082458906,5892.064405780076,11801.459169978218,21.976762177580124,11790.128811560153,0.53304425,1.0,1.0088749575870877
GALK2,2,0.00038793823217914917,1848.9163725210037,3701.433672471476,35.6046860813397,3703.8327450420074,0.8090644,1.0,1.0057204282570902
GALM,2,0.0003124777643115166,2324.292355598286,4718.139026188437,37.38545216205645,4654.584711196572,0.718843175,1.0,1.0033809930278246
GALNS,2,0.00011887127025987577,2373.6411711078467,4752.594515538221,37.59453010815914,4753.2823422156935,0.737166525,1.0,1.004336520005819
GALNT10,2,0.0002668090866028251,1158.4379985698063,2326.330478546171,29.298331202293365,2322.8759971396125,0.821448225,1.0,1.0021232622007195
GALNT11,2,0.0005877993114664882,3385.7794611601166,6779.036820717325,36.96481759707624,6777.558922320233,0.672741125,1.0,1.006116753761293
GALNT13,2,6.957436047082279e-6,97.13605699236253,196.8911311488146,7.453143888104744,200.27211398472505,0.955229125,1.0,1.0024326358139783
GALNT14,2,4.7854342492870435e-5,911.5145188794804,1826.6418501760875,26.224892649679077,1829.0290377589608,0.85267155,1.0,1.005064108163029
GALNT18,2,0.0011246296821187751,1846.207194313374,3698.7235456582016,35.36810503462256,3698.414388626748,0.771692975,1.0,1.0023033152625347
GALNT2,2,0.00022825757772661188,2179.941008822037,4430.789910665643,36.92974684654333,4365.882017644074,0.72970965,1.0,1.0037509262078093
GALNT3,2,6.887695613696043e-5,892.3217527695354,1788.580247948235,25.880077983997314,1790.6435055390707,0.853433475,1.0,1.0029083068118223
GALNT5,2,0.00040101870768439676,917.6714983743237,1842.0656018195732,25.90639576320743,1841.3429967486475,0.846735,1.0,1.0043141299124247
GALNT6,2,0.00014077731684752277,1454.3806771672334,2914.392626563895,32.68300825487849,2914.761354334467,0.809153875,1.0,1.0029157975518688
GALNT7,2,0.00033996554686485187,1771.6944846235092,3553.4616462046065,35.07142026740118,3549.3889692470184,0.780715575,1.0,1.0023565536582697
GALNT9,2,1.0804223172215886e-5,525.8417052964221,1054.8449837040885,19.51299157940395,1057.6834105928442,0.894005375,1.0,1.0026649900273839
GALR2,3,5.1138781535133106e-6,85.10929337210382,175.3403634135089,6.912259364963035,176.21858674420764,0.957189075,1.0,1.00209705450148
GALR3,2,3.1934647526164025e-7,25.436204724326835,53.26750867075824,3.634773442928551,56.87240944865367,0.973453475,1.0,1.0019782704225655
GALT,2,0.00027138164630440535,3117.7070800458405,6239.340287347277,37.43675153681983,6241.414160091681,0.723634075,1.0,1.002599485731659
GAL,2,0.009758736584866276,10493.852380782755,21176.639119373616,9.814776375199463,20993.70476156551,0.388663425,1.0,1.0038475756655598
GANC,2,0.0006721978491746161,892.2713277886633,1789.879004545466,26.2238020919199,1790.5426555773265,0.85710145,1.0,1.004592620154216
GAN,2,0.00024825757929781495,2132.4748862167353,4269.279838713128,36.84712904726588,4270.949772433471,0.775088275,1.0,1.0028637016544655
GAPDHS,2,3.1929103365287694e-7,25.436204577129363,53.088382899182974,3.638368553117271,56.872409154258726,0.9736128,1.0,1.0035548543581898
GAPVD1,2,0.0006155750186741242,3243.67359741795,6491.981175613242,37.65062485317717,6493.3471948359,0.710049475,1.0,1.007514223395806
GAR1,2,0.0011819643257505962,5636.6001437682835,11278.214319802537,27.481587269649374,11279.200287536567,0.5749271,1.0,1.0050912226164375
GAREML,2,7.220392032238833e-5,1041.7577180289734,2087.070393543065,28.18203274445083,2089.5154360579468,0.85550315,1.0,1.001818079298412
GAREM,2,7.868395167656256e-6,639.4291899264111,1281.8119943077995,21.802882108197313,1284.8583798528223,0.8918902,1.0,1.0023670651312733
GARNL3,2,0.0002113009334833483,402.982709742979,809.3659997966439,16.925341398467722,811.965419485958,0.909720625,1.0,1.001581816035647
GARS,2,0.0031327622032631046,5095.487195235532,10196.42156122864,29.011630597433136,10196.974390471065,0.572990075,1.0,1.004156688051678
GART,2,0.0011846966147618526,5040.746320298161,10086.976074727485,28.23376377899585,10087.492640596322,0.58600005,1.0,1.0029355751148548
GAS1,2,5.69899193473041e-7,32.76421712504029,69.16994230922826,4.106895006360108,71.52843425008058,0.970932675,1.0,1.0025591312821458
GAS2L1,2,0.0016520606154037166,3848.1812124080943,7701.675382567482,35.373646577284774,7702.362424816189,0.65940595,1.0,1.0080701776562633
GAS2L3,2,0.0018246326273306977,1744.027351981196,3493.214453247982,34.26517526495548,3494.054703962392,0.7860267,1.0,1.0021830082661964
GAS5-AS1,2,8.869330978692168e-7,39.839546028199166,82.48734422620123,4.547160824058704,85.67909205639833,0.9690537,1.0,1.0017662078988274
GAS6-AS2,2,4.870275770519267e-5,220.74394200705487,444.6129097162951,11.959585495404962,447.48788401410974,0.932674975,1.0,1.0034667827898063
GAS7,2,0.0001646986937331236,364.33307935643484,732.5404912196402,15.97350731368359,734.6661587128697,0.91112955,1.0,1.0043764538478444
GAS8,2,0.0002931321178106575,2740.924805202033,5486.566452614013,38.13475798414342,5487.849610404066,0.721701725,1.0,1.005185473731138
GATA2,2,0.00128241875752451,1748.8400401111599,3502.5502393200195,34.727493642003246,3503.6800802223197,0.794221625,1.0,1.0045869167167982
GATA3,2,1.1240800448573815e-5,510.0720485191218,1023.2051155411108,19.17833126729751,1026.1440970382437,0.90116645,1.0,1.003106488804406
GATA6,2,2.2968880493420173e-5,828.811651335795,1660.4787680975112,25.022708925408846,1663.62330267159,0.884234,1.0,1.0064378237173413
GATAD1,2,0.0002769627120406683,2897.7339687297476,5802.802680533109,37.86960218072645,5801.467937459495,0.7016215,1.0,1.0061106664472765
GATAD2A,2,0.0007421171184708356,3214.269014991456,6433.00804604196,37.6520053513306,6434.538029982912,0.7060464,1.0,1.0019462619189616
GATAD2B,2,0.0006251265705085921,1913.1607307682689,3829.4257118996634,35.833628253601155,3832.3214615365378,0.811147875,1.0,1.0037350838757788
GATC,2,0.0006049740759414683,1833.4612994746274,3670.6426954200897,35.36140367453458,3672.9225989492547,0.794360125,1.0,1.0048045959442846
GATM,2,1.568221993337244e-5,386.0168379290068,775.863874358255,16.333006103855425,778.0336758580136,0.90830395,1.0,1.0057236814642125
GATSL2,2,9.094371526970008e-6,108.8731275557657,220.46846442686285,7.955164074921487,223.7462551115314,0.95262965,1.0,1.0017309546398019
GATSL3,2,1.0717410195251548e-5,700.607049177414,1404.2019815641527,22.943973309630266,1407.214098354828,0.892130475,1.0,1.0030432940232412
GATS,2,1.0030657061046962e-5,556.9117336819137,1118.0622346730315,20.160209823532213,1119.8234673638274,0.88647365,1.0,1.0040726423400845
GBA2,2,0.0005693356197558072,1826.0167978431045,3656.38614135072,35.31915877315566,3658.033595686209,0.784669575,1.0,1.0019076619199891
GBAS,2,0.002024547737015692,6385.339870079135,12781.57317879463,19.15335206278851,12776.67974015827,0.5005772,1.0,1.0037656537114716
GBA,2,0.0005687301283979182,1715.7474095661846,3442.682105385404,34.5632282802306,3437.4948191323692,0.7734706,1.0,1.0067720618902292
GBE1,2,0.00025735361708065333,1614.3028279985524,3236.0997536855107,33.950392846997396,3234.605655997105,0.791479125,1.0,1.0082798734011602
GBF1,3,0.0006319120185684381,2894.551303349348,5794.913013540995,38.04202146069162,5795.102606698696,0.699217125,1.0,1.0027285710179659
GBP2,2,4.296012580230828e-6,78.97189864130864,160.4957372957469,6.626083180687636,163.94379728261728,0.9592693,1.0,1.0025218048812472
GBP3,2,1.7202936323820665e-5,142.69041664071395,288.05211534200924,9.294002858484482,291.3808332814279,0.94738075,1.0,1.0022552587409026
GBX2,2,9.476695973974893e-5,1019.4204792322379,2042.3281513768716,27.680405700975836,2044.8409584644758,0.85340105,1.0,1.0026053538585058
GCAT,2,0.004010926212786603,7547.606239405332,15255.209366812509,17.542408288285312,15101.212478810665,0.46918405,1.0,1.0094884505010038
GCA,2,0.0006502286521620036,3476.728969190329,6961.733431808707,36.437761635168734,6959.457938380658,0.67307445,1.0,1.0029055374471383
GCC1,2,0.00035779121141724037,1535.8394423428886,3075.2083651570383,33.21602065548994,3077.678884685777,0.83468875,1.0,1.0030263887628337
GCC2,2,0.002365849703258178,6761.12871926604,13528.485141615356,19.252535571623355,13528.25743853208,0.578391775,1.0,1.002466640954555
GCFC2,2,0.0012807079422213024,3180.331034572256,6364.458312592621,37.28401167954999,6366.662069144512,0.720883575,1.0,1.005163197329392
GCH1,2,0.0002323514431761501,1526.4187522715988,3056.159874450279,33.22392549995503,3058.8375045431976,0.815979925,1.0,1.0054272076181363
GCHFR,2,0.0003159451785703868,716.94372423766,1439.5253097310188,22.686910486609932,1439.88744847532,0.86845445,1.0,1.001523376911446
GCK,2,3.549125291448737e-6,72.74762102765627,147.91221068390203,6.327165699015261,151.49524205531253,0.961165025,1.0,1.0030254320522323
GCLC,2,0.0015919487409827289,2733.955672564258,5472.972086758666,37.98973744813381,5473.911345128516,0.7361317,1.0,1.0031109971631496
GCLM,2,0.001253026536974143,3403.0178061472484,6811.050004345157,37.67552935371679,6812.035612294497,0.682693675,1.0,1.0046819216179435
GCN1L1,2,0.000135391065311607,2191.1945925314817,4386.6986169597485,37.01557273216388,4388.389185062963,0.765210025,1.0,1.0033900731695242
GCNT1,2,1.3918885333757987e-5,764.0044534430987,1530.96960819564,23.996112689587786,1534.0089068861973,0.881529825,1.0,1.0051161357822476
GCNT2,2,2.2201674372010853e-5,158.96178387840433,320.6842176014484,9.891205175156147,323.92356775680867,0.944138725,1.0,1.001726714466957
GCNT3,2,3.871729865045252e-5,200.66149018249075,404.21833780311226,11.317227793583976,407.3229803649815,0.9367198,1.0,1.0051469109534996
GCNT4,2,2.848010716352708e-10,7.56146845191644e-7,1.1269924727804845,8.090167070589817e-15,6.00000151229369,0.9825311,1.0,1.003398435732477
GCSH,2,0.012133455172004447,12492.889905340182,24990.68956451222,6.270520242467029,24991.779810680364,0.315684675,1.0,1.0018331800531113
GDAP1,3,0.000265888977224606,2506.247263945651,5046.212120790463,37.8427258486551,5018.494527891302,0.7092806,1.0,1.0032717272492966
GDAP2,2,5.777887980119366e-5,1167.6145678312162,2338.356994483705,29.70005120024826,2341.2291356624323,0.8523091,1.0,1.0060737211173962
GDA,2,0.0007580405881184179,3744.0667961515305,7495.87155280895,37.287337163857465,7494.133592303061,0.6433126,1.0,1.0028318702398606
GDE1,2,0.0005022202010778302,4203.021902182606,8475.043882799293,34.14153112579704,8412.043804365212,0.5989069,1.0,1.000336541114214
GDF11,2,0.00042428171759973645,532.5739115765782,1068.9073331688085,19.833059447587452,1071.1478231531564,0.894462825,1.0,1.004311605485097
GDF15,2,0.03604843327903758,14319.570294969963,28691.626555516857,14.616808878113066,28645.140589939925,0.467259341617001,1.0,1.006767540775197
GDF5,2,1.7392371290507092e-6,53.42006046606783,109.18466937992885,5.329890338836081,112.84012093213566,0.965781475,1.0,1.0038641239314547
GDF9,2,1.280516620464271e-6,46.713534533672,95.73001700614287,4.954272042511123,99.427069067344,0.967641,1.0,1.0023456758792795
GDI2,2,0.0030324776167680086,7102.594034691264,14213.258096450229,15.596815431691171,14211.188069382528,0.49367545,1.0,1.0092751550475743
GDPD1,3,0.0001857868701903875,1330.7503177225508,2664.961192025202,31.36035950978443,2667.5006354451016,0.828167475,1.0,1.0025710431422084
GDPD5,2,9.136765690161219e-5,1306.5671830563178,2616.8043320770935,31.229121591409495,2619.1343661126357,0.83060515,1.0,1.0028458481701241
GDPGP1,2,0.00016469964518084408,364.3330818825286,731.7455657979878,15.974233557751186,734.6661637650571,0.9220411,1.0,1.0038105256108176
GEMIN2,2,0.00022966442267051445,2458.6315694920513,4921.723382615514,37.91445110732968,4923.263138984103,0.744785075,1.0,1.0041717176797234
GEMIN4,2,0.0003229835143583462,2430.062126544849,4864.932398904439,37.766685138650864,4866.124253089698,0.758802225,1.0,1.0037092409558195
GEMIN5,2,0.00047128747662866707,1807.7965694655168,3618.8361655640792,35.41693668680025,3621.5931389310335,0.825900075,1.0,1.0035510237927345
GEMIN6,2,0.003420437397311429,5148.019788879165,10300.567221968326,29.312253613524238,10302.03957775833,0.616834025,1.0,1.008087135922382
GEMIN7,2,0.0005886290363527012,4704.826059675871,9414.132675653189,31.06470295539671,9415.652119351742,0.658790475,1.0,1.0134928175777893
GEMIN8,2,0.0006417684469229568,1944.269960689842,3892.1193345084494,36.0025435898135,3894.539921379684,0.7880901,1.0,1.0025796050871456
GEM,3,0.0009458205775406747,1842.9756211407707,3690.1788806951936,35.37319962701288,3691.9512422815415,0.804436325,1.0,1.002629452405792
GEN1,2,9.760080193045804e-6,697.0634008778483,1398.0496833547772,22.878668047286457,1400.1268017556965,0.8740559,1.0,1.0033737787731638
GET4,2,1.423385475838074e-5,131.63237553747626,266.40478130041225,8.871093753554728,269.2647510749525,0.94762165,1.0,1.0027449714133667
GFAP,2,3.1211546702005186e-8,8.286665649382377e-5,8.268109389921474,8.090167070589817e-15,6.000165733312988,0.98157105,1.0,1.0016613844901177
GFER,2,0.001023274993381607,6278.497418807574,12561.675797489741,20.689879136644027,12562.994837615148,0.57265745,1.0,1.006056217930267
GFI1,2,0.0002761770644740824,448.8009043942889,900.9401105779629,17.999308049673385,903.6018087885778,0.907801225,1.0,1.0039338628954995
GFM1,2,0.0004894833743655818,1928.8302166178064,3862.0063834561265,35.97567341681344,3863.660433235613,0.783287475,1.0,1.0043986391542354
GFM2,2,0.000388561252287633,1807.098386483632,3618.5664474822083,35.28205793632965,3620.196772967264,0.7880426,1.0,1.0013996743014886
GFOD1,2,2.8828018392932155e-5,726.1736386290488,1455.650924006129,23.26933603478028,1458.3472772580976,0.873847425,1.0,1.0035138882616244
GFOD2,2,9.041265931153785e-5,2170.6188371188387,4345.579778448182,36.963694129563905,4347.237674237677,0.78195865,1.0,1.002717065689256
GFPT1,2,0.0005209787364883411,2438.6962182905904,4883.108701732114,37.74008715921551,4883.392436581181,0.7369486,1.0,1.004245691575008
GFPT2,2,2.8142351643897885e-5,743.6730501238949,1492.3694547570983,23.57542267387229,1493.3461002477898,0.86536075,1.0,1.003539787533872
GGA1,2,0.0006626047906344749,4186.858827395519,8381.057150805325,34.26442203044278,8379.717654791039,0.615691175,1.0,1.012623104750505
GGA2,2,0.0017363217858269333,2395.4097565647958,4794.770995326292,37.73414524490313,4796.8195131295915,0.7845097,1.0,1.0040348682197522
GGA3,3,0.0002535568461683786,1401.8200328750263,2807.3063871856452,32.03189729910092,2809.6400657500526,0.81929235,1.0,1.0048622913217136
GGACT,2,2.6809973091615174e-5,916.8143369802999,1837.3747588148196,26.41766482940791,1839.6286739605998,0.857336275,1.0,1.0021278990188913
GGCT,2,0.003563336174890686,7921.6600911406495,15892.886308848938,15.313993347970088,15849.320182281299,0.4420487,1.0,1.0108633591368803
GGCX,2,0.0006691108151872369,4390.99037219451,8811.139683999174,33.86774329824371,8787.98074438902,0.596974675,1.0,1.0041157983605058
GGNBP2,2,0.0013754018075055564,6012.111994607485,12028.839686401821,22.703279491082064,12030.22398921497,0.58167365,1.0,1.0046916164170179
GGN,2,1.566113823110395e-5,137.18931825492155,277.08938732103405,9.085524411690802,280.3786365098431,0.947631125,1.0,1.0041146684742375
GGPS1,2,0.0006363892143165552,4865.955200077613,9736.86398792415,28.687382761120592,9737.910400155226,0.6405193,1.0,1.0045473505229965
GGT5,2,5.9772793917926385e-5,240.41477849332657,483.9996340262177,12.565082641224983,486.82955698665313,0.9292826,1.0,1.0016256848967082
GHDC,2,0.0003790995721040743,1706.3222328254565,3426.600466082165,34.57774010589735,3418.644465650913,0.775825,1.0,1.0027620770814267
GID4,2,0.00018788486787301158,1489.7165091402774,2982.228241702122,32.93172730337284,2985.4330182805547,0.850574175,1.0,1.0046908169690922
GID8,2,0.002630063908323677,4849.8687933846495,9704.56075583796,28.569934965791276,9705.737586769299,0.627085375,1.0,1.0045127813912442
GIGYF1,2,9.529561916205625e-5,1276.5721933314676,2559.981468587944,30.88595333355579,2559.144386662935,0.81982285,1.0,1.0021384271938467
GIGYF2,2,0.0018336408709423576,4135.332668714571,8275.33078271719,33.40205223107168,8276.665337429142,0.69614335,1.0,1.0038472678539239
GIN1,2,0.0002195592445930114,2186.6683825160926,4377.539002674327,37.00863402239202,4379.336765032185,0.786867625,1.0,1.0029765488974034
GINS1,2,0.0006210644298113262,1194.1359926141963,2393.6069961226553,29.546606949142078,2394.2719852283926,0.824171875,1.0,1.0034870973552208
GINS2,2,0.004156475161237753,4909.251500138866,9825.512916830305,39.541615474169866,9824.503000277731,0.624494525,1.0,1.0017874630521213
GINS3,2,8.08288099528923e-5,788.5666964753939,1581.2663783515834,24.197426759029533,1583.1333929507878,0.865152925,1.0,1.0022655459472767
GINS4,2,0.00033276196595708477,1442.2737657707062,2894.398188762067,32.36169728163929,2890.5475315414124,0.7971945,1.0,1.0040392036826107
GIPC1,2,0.0025203599159929714,7119.495514875642,14244.507533551465,17.11868555136032,14244.991029751283,0.4781348,1.0,1.0044967075414721
GIP,3,0.00011161462819498639,310.91174507998824,625.868296149046,14.57876205125694,627.8234901599765,0.918017525,1.0,1.0042438835761591
GIT1,2,0.00044560955954770057,2847.42611599027,5699.723270242408,38.23384169975981,5700.85223198054,0.7101902,1.0,1.0041163064809566
GIT2,2,0.00022545700190394863,1623.2546484832706,3249.5916914081567,34.05248647416392,3252.509296966541,0.825624725,1.0,1.0054228921692239
GJA3,2,0.0002969212672291478,1522.3283091541616,3048.1832146233414,33.13709892593344,3050.6566183083232,0.812116025,1.0,1.0041180824102434
GJB2,2,0.0003603719481043464,1818.737784261653,3640.9898909705003,35.42403058476475,3643.475568523306,0.8128025,1.0,1.0074149643667956
GJB3,2,0.00019117267601578554,2236.0446256357286,4476.338754148029,37.23388624992812,4478.089251271457,0.77678605,1.0,1.0038332908605507
GJB4,2,2.0459338789032955e-5,153.58303917106838,309.87871982499587,9.696481547806538,313.16607834213676,0.945063075,1.0,1.001637692415316
GJB5,2,4.27575368434259e-5,965.4603568387553,1933.896880286069,27.037016220596616,1936.9207136775105,0.8644556,1.0,1.0048028673020082
GJC1,2,0.00014455131713156215,2374.6180274592234,4753.630794513505,37.64099706130749,4755.236054918447,0.76673645,1.0,1.0041427633237077
GJC2,2,9.088418490253099e-6,108.87613431370814,220.40380849712434,7.955557554245914,223.75226862741627,0.952754275,1.0,1.0014496825331483
GJC3,2,0.0001504584166307651,351.19238939058096,705.5497504589398,15.640201728832796,708.3847787811619,0.919555625,1.0,1.0029023051886545
GK5,2,3.359392259239882e-5,594.3223205593633,1202.104821873327,20.999570329118086,1194.6446411187267,0.8789016,1.0,1.0022384373585533
GKAP1,2,0.00015958565810191174,2522.9466003731814,5050.4257747893635,37.89981895457709,5051.893200746363,0.749199425,1.0,1.0049089276324064
GK,2,3.438442291788474e-6,428.7647813666746,860.6257799557875,17.432537921109752,863.5295627333492,0.9049843,1.0,1.0032546423021569
GLA,2,0.00015465212900854654,2587.791801848538,5182.9552385463185,37.911560445399644,5181.583603697076,0.717084,1.0,1.0039085172602835
GLB1L,2,4.949191273930197e-6,377.810654747639,799.9158461291578,16.193106422627253,761.621309495278,0.9057644,1.0,1.003726929134499
GLCCI1,2,1.574829420568277e-5,381.6798568700385,766.9360309679922,16.2287418916481,769.359713740077,0.911093375,1.0,1.004360236153832
GLCE,2,7.402135095841638e-6,657.6389343611486,1318.553844376428,22.14757948646076,1321.2778687222972,0.88214585,1.0,1.0012171519074669
GLDC,2,5.4100462504083494e-5,230.63029823377258,465.7800719190403,12.265793341883471,467.26059646754516,0.929538325,1.0,1.0017393905010437
GLDN,2,0.0002637339158102734,440.5779855862136,886.2696573390792,17.809827338098476,887.1559711724271,0.899911975,1.0,1.0026662050188826
GLE1,2,0.0009169745091765895,2163.735838072717,4331.269518849732,36.955125791256215,4333.471676145434,0.776139525,1.0,1.001798095882705
GLG1,2,0.0015233859292409484,6246.592716220621,12499.761698093167,20.516544376314023,12499.185432441242,0.517828275,1.0,1.0025043068039867
GLI1,2,8.89780666693138e-5,283.2567887469173,569.6707854477913,13.815703094217845,572.5135774938346,0.9241614,1.0,1.0020953143038156
GLI2,2,4.2227633092207735e-5,533.0161649530853,1069.9869383023113,19.534705583912846,1072.0323299061706,0.892484975,1.0,1.0016820011832268
GLI4,3,0.0019463944650609105,4119.488773048264,8244.531225353556,33.732649275995946,8244.977546096528,0.65839535,1.0,1.003583032686984
GLIPR1L1,2,1.739598018576709e-6,53.42006142422952,117.91151945456502,5.3240812165175715,112.84012284845905,0.964897625,1.0,1.0032999541480712
GLIPR1L2,2,3.870263051795773e-5,200.6677052669997,404.585784988501,11.316949742062178,407.3354105339994,0.935443425,1.0,1.0040299579157497
GLIPR1,2,7.989189477701205e-6,103.0394585765994,208.7422802998762,7.708416302866133,212.0789171531988,0.953859975,1.0,1.0028459733229675
GLIS1,2,1.2818669925693124e-5,126.02525505180715,254.69371986623665,8.652471028118127,258.05051010361433,0.949868625,1.0,1.0030504926086667
GLIS2,2,0.00013243840728393048,1207.019816954165,2417.1994055516393,30.025053145802417,2420.03963390833,0.858094775,1.0,1.0037871765565096
GLIS3,2,0.00026383325073438014,440.56178741019636,884.3539394392317,17.810629581515432,887.1235748203927,0.911071875,1.0,1.0023564297962413
GLMN,2,4.683276473025704e-5,2342.9498287946967,4690.984260307087,37.465056470821345,4691.899657589393,0.754210675,1.0,1.0054652729289275
GLOD4,2,0.00312793869060606,6706.192350510821,13423.037610156121,18.603686261677183,13418.384701021641,0.509786625,1.0,1.006058921399255
GLRX2,2,0.0016310024970165107,4955.856629391286,9916.123570449367,30.01561390918171,9917.713258782573,0.624102,1.0,1.00561146571179
GLRX3,1,0.002805838559415654,6759.618264692856,13523.868349771561,17.58884212111674,13525.236529385713,0.53846115,1.0,1.0045696229108045
GLRX5,2,0.008405357808295714,10778.211037504254,21563.373160919604,8.72263921582066,21562.422075008508,0.3686854,1.0,1.0059916944368366
GLRX,2,0.004955313799409565,7463.604702070389,14932.021212290088,16.695261394898548,14933.209404140778,0.475216175,1.0,1.00406383607542
GLS2,2,4.378446499050258e-9,1.1624775454978436e-5,1.045612953593148,1.1441223993092332e-14,6.00002324955091,0.982649725,1.0,1.0022299640203578
GLS,2,0.0005097823788084639,1953.3089297108081,3921.205564229412,36.095669083195716,3912.6178594216162,0.7588915,1.0,1.0032077543951772
GLT8D1,2,0.0012198546824718924,3413.1509047267728,6831.0483277777,37.004531964887285,6832.3018094535455,0.6855897,1.0,1.0079635712178874
GLT8D2,2,0.00040716405155508226,1405.6064997693545,2848.3325967955107,31.957485499605294,2817.212999538709,0.794923975,1.0,1.0045781570934094
GLTPD2,2,3.243048210507828e-7,25.436217888734905,53.149168812028265,3.635299633478006,56.87243577746981,0.97352765,1.0,1.0051666692811232
GLTSCR1L,2,6.0839411831943607e-5,771.5285739080347,1546.8006614268074,23.95456242762486,1549.0571478160693,0.8702953,1.0,1.0016834423901353
GLTSCR1,2,8.250235308654969e-6,624.7229136347125,1252.3009319607868,21.518879833199016,1255.445827269425,0.8977664,1.0,1.007280944227441
GLUL,2,0.0012603023171101795,6087.670797568968,12180.612106829869,22.365888953031902,12181.341595137936,0.5524847,1.0,1.0064673971091793
GLYCTK,2,6.787380736544092e-5,898.8290337240275,1801.290424831572,25.982978791866334,1803.658067448055,0.85581515,1.0,1.001585456963136
GLYR1,2,0.0005985589588276794,1946.1882452131622,3901.793988698465,36.024882981763554,3898.3764904263244,0.76369995,1.0,1.0041358195403511
GM2A,2,0.0004827564943348434,1944.0627516646832,3894.688557679172,36.06294806427704,3894.1255033293664,0.7742775,1.0,1.0028273964867995
GMCL1,2,0.0012968427954435605,3820.000228462871,7644.918540676277,34.8491377197353,7646.000456925742,0.670006325,1.0,1.0032020180436285
GMEB1,2,0.0009667329717647923,2037.6548785364794,4078.863287175902,36.41130055573685,4081.3097570729587,0.807385575,1.0,1.0052102494835176
GMEB2,2,3.48091189136926e-5,628.6263604701492,1260.8385932012106,21.462594791711112,1263.2527209402983,0.885597425,1.0,1.0026071589372243
GMFB,2,0.000518062852592562,4676.205974861921,9360.10980658551,30.544194109533095,9358.411949723843,0.5975932,1.0,1.0078255193706418
GMIP,2,5.5663211624512516e-5,1009.4904220086354,2022.2602320164547,27.625941796069657,2024.9808440172708,0.852695575,1.0,1.0031310907060236
GMNC,2,1.7386963747035089e-6,53.42005903036504,109.16332782422357,5.329517060030796,112.84011806073008,0.96617135,1.0,1.0028760158958905
GMNN,2,0.004088780652390292,4895.36296034746,9796.007033932128,36.77728378134861,9796.72592069492,0.6087154,1.0,1.0016494783816499
GMPPA,2,0.0003991242785176788,4329.891767416853,8670.46483309287,33.60489552526912,8665.783534833707,0.6097234,1.0,1.0024353746398773
GMPPB,2,5.115797181027237e-6,85.10929846712187,173.89245722303428,6.9125368471608715,176.21859693424375,0.95722505,1.0,1.0017701783221373
GMPR2,2,0.0017817291709795308,6362.800455092233,12731.281568232143,19.88898886072033,12731.600910184467,0.53094085,1.0,1.00875203639874
GMPR,2,0.0022769820128313366,4180.518898188842,8366.793879101882,33.18470567475526,8367.037796377685,0.666760125,1.0,1.003287617046141
GMPS,2,0.0011940429740446411,5159.4592190372205,10324.101999663537,27.624846097035388,10324.918438074441,0.6072865,1.0,1.002995866412182
GNA12,2,0.00013176249815308327,1417.998748016486,2840.037986156381,32.31899859715725,2841.997496032972,0.8166759,1.0,1.004600081357379
GNA13,3,0.0005504285737055352,1696.1690936999246,3396.2007785817423,34.442230752814716,3398.338187399849,0.80129325,1.0,1.003591228993549
GNA14,2,3.1946075012753404e-7,25.436205027726604,53.0715778374771,3.6540819654711694,56.87241005545321,0.9739841,1.0,1.0022886429696536
GNA15,2,1.452575028971327e-7,17.768408830891126,37.79396778866288,3.111150956422836,41.53681766178225,0.97605375,1.0,1.0033247930130942
GNAI1,2,0.0018344395491834164,6912.049602360445,13828.986244557891,19.628561729899726,13830.09920472089,0.508752675,1.0,1.004857060857194
GNAI3,2,0.001196662259206025,6178.823732352132,12363.79180984405,22.320811302568867,12363.647464704263,0.543340225,1.0,1.0135260505561354
GNAL,2,0.00014954546275358388,1244.1550232913717,2492.14679239051,30.436990136712033,2494.3100465827433,0.82770575,1.0,1.0023621475082483
GNAQ,2,0.00039568658113981196,2944.861680809945,5894.996185398667,37.989575821034336,5895.72336161989,0.7155238,1.0,1.0053297061556683
GNAS-AS1,2,3.194178311372471e-7,25.436204913776685,53.157309596131604,3.6362332266308113,56.87240982755337,0.97356175,1.0,1.0030680229160562
GNAT1,2,1.2823401815185378e-5,126.02167629376274,254.65950285165653,8.652359723835577,258.0433525875255,0.950333325,1.0,1.0037018590134004
GNAT2,2,6.957594863804892e-6,97.13605741402093,196.8515912309431,7.453333384180816,200.27211482804185,0.9553803,1.0,1.0027250967955887
GNAZ,2,0.00013539614624137543,924.7046536884733,1853.7260753323353,26.25502329163673,1855.4093073769466,0.850886125,1.0,1.005733748289621
GNB5,2,0.00033550413453039917,2986.7470719356425,5994.519692369772,37.6300591638455,5979.494143871285,0.6880667,1.0,1.0028501056688583
GNE,2,3.01962036784588e-5,739.1675650774981,1481.5837930509167,23.632990568342642,1484.3351301549962,0.880564825,1.0,1.0051615999806722
GNG12-AS1,2,2.4023404419500852e-5,164.2956185661044,331.41775877180146,10.08147061754421,334.5912371322088,0.942692975,1.0,1.0039708358456814
GNG12,2,0.0003396764511149602,4432.315144016665,8871.269289647464,32.45415969791926,8870.63028803333,0.6213494,1.0,1.005143448774487
GNG13,2,0.0003377759048487461,1353.9651596726164,2720.049435481332,31.473753452036348,2713.930319345233,0.80291005,1.0,1.0050132359011925
GNG2,2,3.200397229156826e-5,185.27887443742486,373.6360302293771,10.806542312533523,376.5577488748497,0.937952825,1.0,1.0022382175851139
GNG4,2,0.0009153894598811362,2002.1528557745721,4025.7261849669976,36.22184136617284,4010.3057115491442,0.7489728,1.0,1.004066589074394
GNG5,2,0.010724099639566179,11969.64965041749,23944.045865831114,6.931789645803938,23945.29930083498,0.328743,1.0,1.002546860265273
GNG7,2,0.0007232085700281525,3542.7190686761005,7090.4061619018785,36.1803369148922,7091.438137352201,0.688062825,1.0,1.005160876606508
GNGT1,2,0.00016826956624242762,1101.4895632315297,2207.102021400089,28.989278504319838,2208.9791264630594,0.846617275,1.0,1.0028267497626129
GNL2,2,0.0014070314794794427,4554.352906453078,9113.592181561422,31.80025126875825,9114.705812906155,0.61587865,1.0,1.0032428349198526
GNL3L,2,0.0005341383253386897,1922.7225793761552,3848.461102477858,35.91499422472117,3851.4451587523104,0.80806255,1.0,1.0042357070637107
GNL3,2,0.00512362374017106,10049.234392399723,20104.073674463103,9.241541755311903,20104.468784799446,0.408326725,1.0,1.0036817452452826
GNMT,2,5.11463064079079e-6,85.10929536995754,186.61773341326577,6.91058728357669,176.21859073991507,0.9569198,1.0,1.003076471076793
GNPAT,2,0.0004931424035853801,4499.270659315624,9004.784983155065,31.00326331932488,9004.541318631247,0.622129625,1.0,1.0027140533325176
GNPDA2,2,7.153365541836426e-5,2420.7927650478227,4845.794118697381,37.61883573508116,4847.5855300956455,0.7544314,1.0,1.0062727013399206
GNPNAT1,2,0.0009103898779467558,4004.5610727473036,8014.099584876367,35.27269120591238,8015.122145494607,0.6370746,1.0,1.0022779954045158
GNPTAB,2,0.0023989311238103448,3751.683166710688,7507.4347520123065,34.91062680515297,7509.366333421376,0.6935203,1.0,1.0098682659405473
GNRH1,2,4.354186469755585e-5,210.76996782571038,424.5180484707368,11.64378191110867,427.53993565142076,0.935113925,1.0,1.0022100547967847
GOLGA1,2,0.0008949450489615698,2058.361376448219,4120.876607913423,36.516116118551324,4122.722752896438,0.77436215,1.0,1.0034966253785496
GOLGA2,2,0.00236861627563698,5217.839517319236,10440.75842213047,28.470723275809853,10441.679034638471,0.604987425,1.0,1.0049242694688865
GOLGA3,2,0.0003658823677806911,1662.777353066338,3328.7681203721286,34.26222332613741,3331.554706132676,0.81576595,1.0,1.0052904642692841
GOLGA4,2,0.003589393969351185,8637.854624051995,17280.813868035882,13.06383922168454,17281.70924810399,0.436643125,1.0,1.0024207540900978
GOLGA5,2,0.0003842050727849389,2624.9061613082945,5254.092046253793,37.93105809625038,5255.812322616589,0.746940325,1.0,1.0040512132983321
GOLGA7B,2,4.505349886187087e-6,355.97153920657155,722.1186039586845,15.651787946635816,717.9430784131431,0.909854725,1.0,1.0038383694333808
GOLGA7,2,0.0012519483835533075,4485.526116242796,8977.324883023559,31.733872870962223,8977.052232485592,0.620443,1.0,1.0051007112549677
GOLGA8I,2,9.088791152947923e-6,108.8761353031276,220.29848081483755,7.9559330263987285,223.7522706062552,0.95448795,1.0,1.0019075499577987
GOLGB1,2,0.005025942478907851,7771.46471329322,15548.017141590757,15.028532652787742,15548.92942658644,0.482263125,1.0,1.004175834348647
GOLIM4,2,0.00035988815916201256,2537.5179740225803,5080.736912973712,37.96519563093608,5081.035948045161,0.7321053,1.0,1.0057584283041727
GOLPH3L,2,9.748938941459076e-5,2653.319516234397,5309.528381810552,37.849035956397316,5312.639032468794,0.785038025,1.0,1.0036398000250604
GOLPH3,2,0.0008546668785067452,3589.677810280761,7183.787576510845,36.2610650346635,7185.355620561522,0.709366575,1.0,1.0025198597253462
GOLT1A,2,0.0009425933393707877,2060.762279138134,4125.291649007167,36.51503312768532,4127.524558276268,0.778238575,1.0,1.0052087243067906
GOLT1B,2,0.0011216591966721058,3545.455140495432,7095.464027900114,36.43105279661841,7096.910280990864,0.689729225,1.0,1.0037048292883881
GON4L,2,0.001476592086171177,3977.312342898731,7959.411197843576,34.53603846742491,7960.624685797462,0.703019525,1.0,1.0034658820477889
GOPC,2,0.0013236473954935006,6101.165005329792,12206.83160058352,22.112773254992085,12208.330010659583,0.58037615,1.0,1.0073118225977142
GORAB,2,0.00011672654078423904,1028.8404658016761,2061.343919889285,27.773794823739955,2063.6809316033523,0.857657075,1.0,1.0056593651742514
GORASP1,2,0.00010198516167303525,1119.1900798185789,2242.078341382729,28.992629157430386,2244.3801596371577,0.83697865,1.0,1.0075782242064941
GORASP2,2,0.0028388768981615978,5920.085851178368,11846.452824093712,21.91458792555892,11846.171702356736,0.589361675,1.0,1.0029206236564832
GOSR1,2,0.0004182211960227438,3259.012733111192,6522.01333304151,37.18873486376154,6524.025466222384,0.731033775,1.0,1.0068867150396155
GOSR2,3,0.001798678623400604,3723.7105649414843,7453.3937399787965,36.65921561035866,7453.421129882969,0.661222075,1.0,1.0064144376971853
GOT1,3,0.0016737597523132515,5546.0559351398115,11101.474132144172,29.311398571028686,11098.111870279623,0.55774275,1.0,1.0064865844001198
GP6,2,1.73918686315282e-6,53.42006033261187,109.15220879955166,5.328291132644825,112.84012066522374,0.9659974,1.0,1.001622550387295
GPA33,2,2.874618806670343e-6,66.42110351362331,135.28371530392738,6.011637872597444,138.84220702724662,0.962393375,1.0,1.0027689904020878
GPALPP1,2,0.00014884596785877776,2378.6547149544544,4760.653263511117,37.54351046579569,4763.309429908909,0.770494125,1.0,1.0061800582427414
GPAM,3,0.00013503058474566417,1013.6862488815506,2031.8019075756679,27.84264243708444,2033.3724977631011,0.8475492,1.0,1.002327490387928
GPAT2,2,0.0011592764219715023,3646.8682796013823,7306.339993201682,36.463012146298404,7299.7365592027645,0.645000825,1.0,1.0058918497388636
GPATCH11,2,0.00014185555151669343,2061.4284904042934,4127.703897464186,36.55192311830255,4128.856980808587,0.762856275,1.0,1.0046166986272715
GPATCH1,2,0.0004049532645461805,1586.728462364363,3177.0911129512056,33.62866349715904,3179.456924728726,0.821873075,1.0,1.0027463695956194
GPATCH2L,2,0.0011438993361862705,3853.5358753269425,7711.461585965826,34.95578684409965,7713.071750653885,0.70434235,1.0,1.0039766094921412
GPATCH2,2,0.00215720784510037,4026.761159681622,8058.036211799908,34.567051132137856,8059.522319363244,0.697003675,1.0,1.0052820466837276
GPATCH3,2,0.00012773231080782962,1337.7521727473684,2678.35431811185,31.500792432038367,2681.5043454947368,0.8522657,1.0,1.004629577328398
GPATCH4,2,0.004172994609411038,6216.936872822987,12439.543454182709,25.967805285607188,12439.873745645975,0.552543925,1.0,1.0053834176392118
GPATCH8,2,0.0015888675046100893,3991.2178457009654,7986.852538181613,34.28079466111797,7988.435691401931,0.698124,1.0,1.0012739261551407
GPBAR1,2,8.869991473400581e-7,39.83954620356051,82.21895660538436,4.549255067710331,85.67909240712102,0.969036275,1.0,1.0025523824135765
GPBP1L1,2,0.0006965420925484535,3657.5021955729053,7318.478971433687,35.63104344686967,7321.004391145811,0.72486105,1.0,1.0039999909460617
GPBP1,2,0.0034492892051661114,6725.004322021875,13454.615903998334,18.27735609885351,13456.00864404375,0.55141605,1.0,1.0051454343731379
GPC1,2,0.0007742385074835603,3497.3939443561876,7003.110582743979,36.672625173732804,7000.787888712375,0.66393465,1.0,1.0026815005265932
GPC3,2,6.577943332824322e-5,250.08622344142094,503.4547567250108,12.85529395931843,506.1724468828419,0.9280336,1.0,1.002474074756136
GPC4,2,5.344761158173379e-5,849.4217512706001,1703.4792622565317,25.245213118647303,1704.8435025412002,0.85502845,1.0,1.002919779968989
GPCPD1,2,0.00018102803037461544,1509.9367151484153,3023.3372566370463,33.12475132137393,3025.8734302968305,0.8197595,1.0,1.0062502400748417
GPD1L,2,0.00011885437906603239,749.9905961298489,1515.0131717351203,23.478318534662208,1505.9811922596978,0.861477575,1.0,1.0032149461473359
GPD1,2,5.112539642195297e-6,85.10928981835627,173.14156757408355,6.912613595758458,176.21857963671255,0.9575892,1.0,1.003714891210051
GPD2,2,0.000856797249941129,2133.7119426377294,4273.550547178783,36.84766838216484,4273.423885275459,0.756608075,1.0,1.004851771719062
GPER1,2,1.9317063894399813e-5,632.369839263016,1267.869630763241,21.596259590555633,1270.739678526032,0.888285575,1.0,1.0019614571363598
GPHN,2,0.0002261291594761985,1632.9346255434334,3269.080906543137,34.13428057592237,3271.869251086867,0.822073775,1.0,1.004246777321604
GPKOW,2,0.00012395120811797226,2698.813361149392,5400.914761774216,37.8652357428002,5403.626722298784,0.758279675,1.0,1.002504910685381
GPLD1,2,0.00023971886087456555,423.99150913081064,860.8448410938614,17.422593915286104,853.9830182616213,0.90000135,1.0,1.003534196110635
GPM6B,2,3.19473981117435e-7,25.43620506285488,53.065088844374166,3.64322955095337,56.87241012570976,0.97375665,1.0,1.0018354545208006
GPN1,2,0.0006667203290585044,3513.909564538298,7035.730489505666,36.20035487011354,7033.819129076596,0.67278695,1.0,1.0037560534680878
GPN2,2,0.00016107328784186674,2482.8628043099206,4969.798229719829,37.756881420318976,4971.725608619841,0.76754325,1.0,1.0019597682655077
GPN3,2,0.0016836180266194803,5627.2803492185285,11265.59303789168,27.925756623875294,11260.560698437057,0.552236525,1.0,1.0067325247810541
GPR107,2,5.632553108365311e-5,1153.1492838459365,2318.720731975189,29.511558953160492,2312.298567691873,0.823630625,1.0,1.0012322505292757
GPR108,2,0.0028681169603957633,4324.321145540937,8677.131622834024,32.3165392468899,8654.642291081875,0.598170525,1.0,1.0039925840199222
GPR110,2,0.0033678695414867264,5037.229773823748,10080.611357287187,39.220014321705655,10080.459547647495,0.61961345,1.0,1.0010925594015119
GPR113,2,1.73874922911567e-6,53.420059170693506,109.32348827184525,5.327407122795537,112.84011834138701,0.965495675,1.0,1.003401194990871
GPR114,2,0.0001239168358497306,324.48877118942204,652.209737408801,14.943283265801073,654.9775423788441,0.91859725,1.0,1.003230717399842
GPR124,2,4.39072902449056e-6,360.3695148658727,725.4395718962176,15.765903680238335,726.7390297317454,0.9103146,1.0,1.0036679104654695
GPR125,2,0.0004373161910551324,1665.998855543371,3336.8402184788506,34.24555620519078,3337.997711086742,0.789730375,1.0,1.0021259407565455
GPR126,2,0.0004066829084912628,2786.379805409755,5580.872647321288,38.20191901662565,5578.75961081951,0.700297075,1.0,1.003990785998623
GPR133,2,1.4204290969403004e-5,131.63229704561655,265.9873068788963,8.871406516241974,269.2645940912331,0.948476625,1.0,1.0034312842786186
GPR135,2,2.9881344841467444e-5,180.09148744871018,362.9784375638119,10.630819712499727,366.18297489742037,0.94080685,1.0,1.0020258052677484
GPR137B,2,0.0009058215732337987,2266.9727909018893,4539.793259241394,37.35886307464202,4539.945581803779,0.76537215,1.0,1.0035158040432461
GPR137C,2,3.197978853221372e-5,185.28449250414408,374.47671777949495,10.806166695256374,376.56898500828817,0.937368275,1.0,1.0022855868332636
GPR137,2,0.0004886945842122291,1644.6455500478535,3294.919414197034,34.05922605621789,3295.291100095707,0.78906545,1.0,1.002778912401758
GPR146,2,3.127142933423766e-5,423.67127593852825,851.4020844282418,17.169763703607117,853.3425518770565,0.904507,1.0,1.002737788508235
GPR153,2,2.574002550532538e-6,501.87709337250527,1008.4483269887807,19.080553042600176,1009.7541867450105,0.892879625,1.0,1.004794562238462
GPR155,2,3.984304609286964e-5,802.2895999954435,1608.9045220292408,24.523373232506003,1610.579199990887,0.8619051,1.0,1.0021473391647915
GPR157,2,1.3913458527005273e-5,764.0044390349267,1530.8896908957602,23.995468481794905,1534.0088780698534,0.885835975,1.0,1.0057025645186615
GPR158,2,3.2828856631833976e-6,441.2106300991885,885.2580350765298,17.724525000515275,888.421260198377,0.91071495,1.0,1.0012064006435486
GPR160,2,0.0009471821617262111,3596.8124905826417,7199.7545563112735,36.490903571708664,7199.624981165283,0.66746075,1.0,1.0028579018120243
GPR161,2,0.0013181154217174688,1918.1348727180984,3841.7552504904424,35.79936768088578,3842.269745436197,0.77080995,1.0,1.003660278042639
GPR162,2,4.314999958392762e-5,962.3672561683771,1928.2427084568355,26.9920443347646,1930.7345123367543,0.85343515,1.0,1.002167076810758
GPR173,2,5.167906708097973e-6,306.4894817427945,616.3285625145702,14.359990152251754,618.978963485589,0.91904395,1.0,1.0024590027911482
GPR176,2,7.988171528677586e-6,103.03945587394475,208.6684961624098,7.708204619446942,212.0789117478895,0.9540445,1.0,1.0028478122343842
GPR180,2,0.00011314786666542796,2325.0913137070715,4655.007864895283,37.471078957893695,4656.182627414143,0.744763775,1.0,1.0037968399405655
GPR183,2,2.402466480783871e-5,164.29562191180526,331.39296981109464,10.08157682667175,334.5912438236105,0.9426862,1.0,1.0049899193578988
GPR19,2,1.2818894493418837e-5,126.02525564803446,254.68414820939554,8.652406294787292,258.0505112960689,0.949963325,1.0,1.0050007968932233
GPR20,3,8.363262299034195e-5,605.0790084997071,1214.390942418497,20.889848898580162,1216.1580169994143,0.882732725,1.0,1.0033769647635586
GPR35,2,3.870295470952125e-5,200.66770612772828,404.56315879666863,11.317080709273808,407.33541225545656,0.93541465,1.0,1.0013156381340589
GPR37L1,2,7.987365297945606e-6,103.03945373340215,208.66785901500174,7.708434754367775,212.0789074668043,0.95405635,1.0,1.0026700517758975
GPR37,2,2.663636012937348e-5,485.7203277587377,975.1916261327538,18.580017484558446,977.4406555174754,0.8984132,1.0,1.003521956551121
GPR39,2,0.00022244831747830212,411.4240409594215,826.056472271682,17.127807403406962,828.848081918843,0.91532065,1.0,1.0016516527190096
GPR3,2,9.403651636801113e-6,579.8251269765701,1162.646690859513,20.6311117912439,1165.6502539531402,0.892648225,1.0,1.0048577319710335
GPR4,2,3.197377872417076e-7,25.436205763260144,54.34648484944216,3.629201705241053,56.87241152652029,0.9733661,1.0,1.0020464899295831
GPR55,2,6.832868504905969e-9,1.8141265880525348e-5,1.2705028368990907,8.09016707064868e-15,6.000036282531761,0.982429225,1.0,1.0012055487720997
GPR56,2,0.0008656837449070138,1741.5755856742117,3489.5779187214516,34.6998193268369,3489.1511713484233,0.7778538,1.0,1.002423528599065
GPR63,2,9.303785812260474e-6,583.6130118262819,1170.1803840837488,20.706890630400768,1173.2260236525638,0.89228805,1.0,1.0032575459751436
GPR75,2,5.67619033920079e-7,32.76421107121668,67.7435611787375,4.115719825119771,71.52842214243336,0.9716563,1.0,1.0035080241449787
GPR83,2,6.580628053311326e-9,1.7471567481541568e-5,3.4219229125661315,8.090167070589817e-15,6.000034943134963,0.9818678,1.0,1.0022330766303285
GPR84,2,2.3796452505734284e-8,6.317958140272452e-5,1.898660515522502,8.090167070589817e-15,6.000126359162805,0.982164375,1.0,1.0019517755181497
GPR87,2,0.0003312004867207325,865.839909955051,1736.2687224084775,25.159433997278292,1737.679819910102,0.855487475,1.0,1.005842570124036
GPR89B,2,5.112613500192576e-6,85.10929001444926,173.19977423020836,6.913126890686791,176.21858002889851,0.95740955,1.0,1.0012732216980706
GPR98,2,7.532030543298993e-5,264.4231339714053,532.0249123262327,13.277172989878377,534.8462679428106,0.9261785,1.0,1.0033644498720373
GPRASP1,2,5.407619282415586e-5,230.63763328217442,466.18229620052136,12.265782949859773,467.27526656434884,0.92950785,1.0,1.0023216505820984
GPRASP2,2,4.61426708279402e-6,338.2180250255353,679.4961857653667,15.202076466302834,682.4360500510707,0.916090275,1.0,1.0022850635711416
GPRC5A,2,0.003191374306997904,6085.958970498829,12177.288127303878,27.753200875588636,12177.917940997659,0.538467725,1.0,1.0028039278097272
GPRC5B,2,1.6426366969504102e-5,704.7199584813302,1413.0680357167523,22.94656389287273,1415.4399169626604,0.8728647,1.0,1.0030830666486656
GPRC5C,3,0.001805023441000205,3957.7235061514643,7920.537344755714,35.078202628299074,7921.447012302929,0.678093175,1.0,1.0068183040220156
GPRIN1,2,3.40842283510466e-5,878.7264331369511,1760.7821411349785,25.76874341163591,1763.4528662739021,0.8597854,1.0,1.0027764446412273
GPRIN2,2,1.5579422579745875e-5,386.0165650020329,775.5680714075079,16.33435773728757,778.0331300040658,0.91065175,1.0,1.0036098616658522
GPRIN3,2,4.110275351530973e-5,205.72714280295912,414.3081018196179,11.481989262984012,417.45428560591824,0.937589,1.0,1.0039238907133654
GPS1,3,0.0009709315864720164,6106.0388365407325,20201.11523827879,22.054841999090044,12218.077673081465,0.489887925,1.0,1.0016710678751846
GPSM1,2,9.244409750384851e-5,875.9567218482035,1756.1105643274025,25.57900244430458,1757.913443696407,0.856856425,1.0,1.0069125406624564
GPSM2,2,0.0015859761195159152,2641.40795283667,5288.474284441454,39.025699073516655,5288.81590567334,0.726178325,1.0,1.00350972694329
GPT2,2,0.0006646998372589577,1813.0989259854798,3631.270068911364,35.21212144304075,3632.1978519709596,0.77992125,1.0,1.0024420938189578
GPX7,2,3.221559823955081e-7,25.436212183568276,53.07654940816174,3.6431695683027963,56.87242436713655,0.973740775,1.0,1.001962759643012
GPX8,2,0.000826048902741417,4870.429829638054,9746.4827083491,30.06088685430101,9746.859659276108,0.634528875,1.0,1.0058499067301359
GRAMD1A,2,0.0013198452384494685,4870.908507253378,9746.365757367628,29.091243336114456,9747.817014506756,0.6230593,1.0,1.004944859225599
GRAMD1B,2,6.272744747160561e-5,245.26645483502483,493.42928380182104,12.711556841104155,496.53290967004966,0.9338318,1.0,1.0039820263018624
GRAMD1C,2,6.983759144121541e-5,1099.179012906021,2204.353220584585,28.908160368584166,2204.358025812042,0.83408025,1.0,1.0032223112952465
GRAMD2,2,3.898295652195599e-6,390.7326242572017,784.4317805740042,16.52470681323033,787.4652485144034,0.91119095,1.0,1.004090791788337
GRAMD3,2,4.043274775428198e-5,990.4324750658867,1983.730797178479,27.4011970025135,1986.8649501317734,0.87072075,1.0,1.0060378996107027
GRAMD4,2,2.0685899517666387e-5,602.6002325856972,1208.9819694903667,21.013316282301762,1211.2004651713944,0.882047625,1.0,1.0045580023212273
GRAP2,2,5.111099976865808e-6,85.10928599604482,172.7277549448241,6.913610130523013,176.21857199208964,0.958061425,1.0,1.0018834181541698
GRAP,2,3.1943878273341357e-7,25.436204969403175,53.63920697964949,3.63491889389234,56.87240993880635,0.97347385,1.0,1.0026298943275564
GRASP,2,5.737530065533593e-7,32.76422735691402,67.86903496385953,4.1133022882275485,71.52845471382804,0.971241775,1.0,1.0024190315411012
GRB10,2,3.8396223684663426e-5,1011.9581744746357,2027.1561950114274,27.709044446416726,2029.9163489492714,0.856161225,1.0,1.0053394062761905
GRB14,2,0.00020781193011992554,1239.1283987199224,2483.4555789617516,30.31492684848274,2484.256797439845,0.8188779,1.0,1.0061071341066576
GRB2,3,0.004440852944781131,6943.3982053647605,13894.299407816485,17.090440792955512,13892.796410729521,0.52189535,1.0,1.0123566238445185
GRB7,2,0.00023029988257612988,2483.4582826833293,4971.217279871822,37.93494698091263,4972.916565366659,0.752323675,1.0,1.0038896017261487
GREB1L,2,1.8017783829105386e-5,341.95328154426545,688.0589635962922,15.229467650690346,689.9065630885309,0.913670625,1.0,1.0036958080073792
GREB1,2,0.00011564339284408981,315.4548636633494,634.2444844122132,14.701810219081793,636.9097273266988,0.918799775,1.0,1.0025712989383704
GRHL1,2,1.3614399289653144e-5,436.96719260116174,877.5012929609652,17.545284112294652,879.9343852023235,0.90245185,1.0,1.0033003082192258
GRHL2,3,5.2659506807200765e-5,875.8057406449628,1754.9696985090698,25.66971913395651,1757.6114812899257,0.86250155,1.0,1.0035146683466776
GRHL3,2,5.573181923728322e-9,1.4796798007498694e-5,1.3488907190053856,8.090167070589817e-15,6.000029593596015,0.982314925,1.0,1.0021553360231832
GRHPR,2,0.004456029900965875,8252.607348648387,16517.21053977074,12.553434669558344,16511.214697296775,0.441487325,1.0,1.0034997266859131
GRID1,2,0.00013247686008321957,333.45486822870555,670.454302284379,15.179735146850339,672.9097364574111,0.915788975,1.0,1.0022727963584535
GRID2IP,2,1.1504415980779723e-5,120.36555763256888,243.48670513006815,8.42660242729731,246.73111526513776,0.950397175,1.0,1.004525856125393
GRIK2,2,8.869879997085851e-7,39.83954617396355,82.06166259087223,4.548867501328814,85.6790923479271,0.969306725,1.0,1.00357718354038
GRIK4,2,5.998636426341203e-6,91.16117084443218,184.83101155518244,7.188661306908217,188.32234168886436,0.95687715,1.0,1.0028210979967127
GRIN1,2,0.0004734037667673314,1899.5194486800665,3803.373523117178,35.81113666852947,3805.038897360133,0.785747325,1.0,1.0038454092826385
GRIN2B,2,6.130029854163305e-5,567.4746391952474,1139.1631906398497,20.19010008144606,1140.9492783904948,0.887505875,1.0,1.0058036682629174
GRIN2C,3,4.866768627445034e-5,220.75788498813324,446.87793583394443,11.95883128866091,447.5157699762665,0.9309448,1.0,1.0022609879696769
GRIN2D,2,0.0003292303720104552,1522.7604868348742,3048.9979169177755,33.12010112713241,3051.5209736697484,0.823933675,1.0,1.0027630477795997
GRINA,3,0.002606112851184336,7339.215187616477,14763.45081383484,15.783121970627803,14684.430375232954,0.44722195,1.0,1.0039019737519392
GRK4,2,0.00010698247657253873,1128.5861088858917,2260.643344408909,29.29354457775723,2263.1722177717834,0.849835125,1.0,1.0062420271323151
GRK5,3,4.585770370559058e-5,609.2551254816848,1222.36304849482,21.29839349818484,1224.5102509633696,0.884621875,1.0,1.0035527475353778
GRK6,2,0.003065494338835747,5978.425332015317,11963.074143273827,26.199357346786066,11962.850664030633,0.555218475,1.0,1.0054891820454372
GRM3,2,0.00011564330166215685,315.4548634212614,634.0489461344347,14.70197293109722,636.9097268425228,0.9204929,1.0,1.001738646012871
GRM4,2,0.0001551333017880082,355.5876959660322,714.3853019527372,15.75234136748976,717.1753919320644,0.916664725,1.0,1.0031861962770214
GRPEL1,2,0.002497693360319145,7302.817703644942,14610.343475871408,16.419828750137953,14611.635407289885,0.4876596,1.0,1.0039668125888686
GRPEL2,2,0.0007917721046381856,1982.865049977187,3968.7656252290176,36.39035274626812,3971.730099954374,0.830471075,1.0,1.0030287380579648
GRSF1,2,0.0038500536646104795,7939.567093658766,15884.172128139931,13.126791583431658,15885.134187317532,0.478639725,1.0,1.0050694360737242
GRTP1,2,0.00041538438863449544,3241.7028751069543,6489.315296899445,37.11443028771769,6489.4057502139085,0.695156625,1.0,1.00468117165047
GRWD1,2,0.0010796078732302021,3666.308836430753,7337.5468238631365,36.31080600663694,7338.617672861506,0.6978696,1.0,1.0033964294324242
GSDMC,3,3.217980287937552e-7,25.436211233201462,53.28402872573452,3.6393603062805733,56.872422466402924,0.973585325,1.0,1.0030879643019492
GSDMD,3,0.0024259577308472285,6646.135112536213,13305.718825709095,18.28171476607777,13298.270225072425,0.490485325,1.0,1.0063647328931926
GSE1,2,0.0009576744131708914,2130.452196948829,4264.040095651066,36.80459680180917,4266.904393897658,0.798556725,1.0,1.005209616763558
GSG1L,2,3.0070115309267553e-9,7.983615614610536e-6,1.2227640881551334,8.09016707064868e-15,6.00001596723123,0.98233745,1.0,1.0033761058591706
GSG2,2,4.127159246542104e-5,331.5786261773323,667.3696624148141,14.87964479418117,669.1572523546646,0.916606275,1.0,1.0014007008095176
GSK3A,2,0.001411073042666702,3791.4446787434895,7588.698730326776,35.37287244223976,7588.889357486979,0.657807125,1.0,1.0033376253417967
GSK3B,2,0.0009120242727663099,3482.8269371208407,6970.185943423256,36.88687430849169,6971.6538742416815,0.7109192,1.0,1.0021385240738612
GSKIP,2,0.00015582762509054788,2778.3231789268666,5559.771723907675,37.845319590494334,5562.646357853733,0.766686925,1.0,1.0039196133528154
GSN-AS1,2,2.1627575297925403e-9,5.742121241599194e-6,1.2507775246293773,0.0,6.000011484242483,0.98256235,1.0,1.0020632464446502
GSPT1,2,0.0025329086031934686,7610.663586955628,15226.573132450812,14.683188279248128,15227.327173911255,0.4840803,1.0,1.0160870335822552
GSR,2,0.0001396661480966201,2498.550951330669,5003.112666330723,37.81201565768116,5003.101902661338,0.72792,1.0,1.001848420801401
GSTA2,2,3.912060807929244e-5,349.66546463672825,703.653968645573,15.347938918237274,705.3309292734565,0.912968675,1.0,1.0033737670213194
GSTA4,2,1.4103477904577203e-5,760.5688130668719,1526.0442544394434,23.934352713378743,1527.1376261337439,0.86599025,1.0,1.0068376695660939
GSTCD,2,0.00012960021687593535,960.0057553649236,1924.7854778167011,26.781453394560337,1926.0115107298473,0.844644625,1.0,1.0024486331101012
GSTM2,2,1.4204443860664365e-7,17.768400300205435,83.38295228419341,3.0605227450375576,41.53680060041087,0.975212375,1.0,1.0035164751073502
GSTO1,3,0.008601836094872325,12218.66084727074,24445.321922236293,6.495151241423659,24443.32169454148,0.30085345,1.0,1.0106734301561695
GSTO2,3,0.0045570400541714955,10171.25623093124,22357.696197945585,9.58851238748043,20348.51246186248,0.33070955,1.0,1.0020864836072967
GSTZ1,2,0.0027251226569648865,5625.279411431106,11264.226080981896,24.330612500362605,11256.558822862213,0.5458855,1.0,1.0038443412732596
GTDC1,2,4.6630359711085746e-5,924.3462416086802,1851.947671295694,26.421166163481907,1854.6924832173604,0.856371225,1.0,1.003620218314757
GTF2A1,2,0.0004646264885806547,2440.7765042867295,4885.862467987124,37.84822548579939,4887.553008573459,0.7431923,1.0,1.003097823632709
GTF2A2,2,0.005534736934484936,9713.17749276347,19431.0984272271,10.137380707187704,19432.35498552694,0.391439175,1.0,1.006526116928278
GTF2B,2,0.001990321941231792,5591.196284179617,11187.70765290951,24.103291258924543,11188.392568359233,0.61702225,1.0,1.005538953015068
GTF2E1,2,8.794918160690736e-5,1200.3549690450966,2403.5936843827703,30.01957596038588,2406.709938090193,0.856884375,1.0,1.0051602632697616
GTF2E2,2,0.0015038952636401122,6145.215560620596,12295.073792820665,21.233628159099535,12296.431121241192,0.538928625,1.0,1.0059694197150755
GTF2F1,2,0.0017670669927850344,5474.937920485256,10955.830035030182,24.36171031342347,10955.875840970511,0.595285975,1.0,1.0199497325974252
GTF2F2,2,0.0023998518838001435,6535.333498870976,13076.8540363573,20.096582184075494,13076.666997741951,0.518235175,1.0,1.0103167599543486
GTF2H1,2,0.0003689605466858261,2885.8599930982996,5777.190952134511,38.16083612048717,5777.719986196599,0.7116666,1.0,1.0064037681406157
GTF2H2C,2,0.00036256274088322817,1525.7674117940687,3055.224830213925,33.12761895807095,3057.5348235881374,0.822975925,1.0,1.00239813196879
GTF2H2,2,0.0008137135720698863,3276.014942373866,6557.681279778964,37.746554832552974,6558.029884747732,0.701382825,1.0,1.003350738948703
GTF2H5,2,0.004948279543449006,8719.663459299836,17444.573641612515,11.588394285606979,17445.326918599672,0.423354325,1.0,1.012063382181444
GTF2IRD1,2,0.00016088326549157942,1305.7197875253164,2614.6032218248724,31.114632407050706,2617.439575050633,0.838439275,1.0,1.004171196154221
GTF2IRD2B,2,0.00012250549357487264,1359.2934412400507,2721.5839096489212,31.736160205147836,2724.5868824801014,0.841183025,1.0,1.0016326616102325
GTF2I,2,0.002375362064428195,6533.178053774179,13072.041081530471,18.9548196640967,13072.356107548358,0.5189807,1.0,1.0078543823581652
GTF3C1,2,0.0005365020204839414,1814.377676234205,3632.5526273572173,35.262607102720395,3634.75535246841,0.79476205,1.0,1.0068194793970493
GTF3C2,2,0.0006214174436226063,2711.102498982312,5426.751960234463,38.07861257003168,5428.204997964624,0.7252194,1.0,1.0019981398508784
GTF3C3,2,0.0007750039467674218,3404.063315775562,6812.0119091051665,36.71765258035923,6814.126631551124,0.7082221,1.0,1.0055628536714145
GTF3C4,2,0.0005458369102534307,1612.8673945752323,3229.9715785481417,33.79479417224411,3231.7347891504646,0.814232075,1.0,1.003388142114431
GTF3C5,2,0.0015462991200854927,3333.1783812154176,6674.070630200629,38.40329155874863,6672.356762430835,0.695863425,1.0,1.0053179055786432
GTF3C6,2,0.0016941519344152,7439.176727118462,14884.472714468979,14.762473204324554,14884.353454236923,0.4824234,1.0,1.003784116746578
GTPBP10,2,0.000614364447947885,2080.9631679453664,4165.161487655022,36.704295124475976,4167.926335890733,0.802395775,1.0,1.0038579782220227
GTPBP1,2,0.00013223225533018343,1415.386452757086,2834.3826209005097,32.291619462769205,2836.772905514172,0.825052475,1.0,1.0036894143133248
GTPBP2,2,1.0929576284170633e-5,521.9144259052143,1047.120654168714,19.429576153278322,1049.8288518104287,0.892604375,1.0,1.0021179725915903
GTPBP3,2,0.0015389315389402888,3836.6588560405794,7678.725337770415,35.113190480590724,7679.317712081159,0.68330595,1.0,1.0045569958616594
GTPBP4,2,0.0028215414119386432,6610.7504625129095,13226.638982911694,19.373651046414018,13227.500925025819,0.5477033,1.0,1.0147481621621277
GTPBP8,2,0.0009910060888570253,3719.2614641853575,7443.437250328169,35.63478943114281,7444.522928370715,0.682728475,1.0,1.008355679451441
GTSE1,2,0.007488710399962906,3932.283599677418,7873.239339096971,43.309056308174,7870.567199354836,0.674862275,1.0,1.0063942729743898
GUCD1,2,0.0010172308546408217,1945.6736793165524,3895.7937348754303,35.950137292323355,3897.3473586331047,0.78469285,1.0,1.004317327727891
GUCY2D,2,0.0002957217022748315,1442.0915324602402,2888.0062235589226,32.39241388524542,2890.1830649204803,0.819517775,1.0,1.0059772353980145
GUF1,2,0.0004807643612820338,2268.3471833509643,4543.067135983035,37.259378038325245,4542.694366701929,0.74647685,1.0,1.0020694850114409
GULP1,2,0.0019211805815340468,4770.245667370378,9547.98530619725,30.706603362013897,9546.491334740756,0.5819958,1.0,1.0071597431997144
GXYLT1,2,0.0002955323351121416,1733.9748480035746,3471.112023332502,34.88341305255908,3473.949696007149,0.827178975,1.0,1.0016916387145014
GXYLT2,2,0.00021683924246535823,407.20978740706977,817.7055299290369,17.02711662714497,820.4195748141395,0.911993,1.0,1.0025431407578804
GYG1,2,0.0009730033153550559,3426.553757547716,6860.453269932715,37.38916672472651,6859.107515095432,0.672261875,1.0,1.0028255956520045
GYLTL1B,2,0.0002467116249626285,2779.104198990277,5566.728695095984,38.06398241428411,5564.208397980554,0.7006699,1.0,1.0015874076607716
GYS1,2,0.0007872360992247219,2203.3624502151183,4413.299100938036,37.142622148253366,4412.724900430237,0.761044825,1.0,1.0083824505085268
GYS2,2,1.424004397700566e-7,17.768401245388525,37.84019226301196,3.120205680122106,41.53680249077705,0.97603385,1.0,1.001567722992598
GZF1,2,0.00013602487673977252,1189.8476383242096,2382.995179630473,29.81744900667784,2385.695276648419,0.84916175,1.0,1.0045420906586087
GZMM,2,2.878056976831762e-6,66.42111264196508,135.2807774633193,6.011658451972775,138.84222528393016,0.96229705,1.0,1.0025294423628992
H1F0,2,0.014628130087064298,12698.942933825025,25402.93005198114,6.443741708130426,25403.88586765005,0.35329375,1.0,1.0041599170319053
H1FX,2,0.012955304070550342,10044.91608197795,20094.600641879137,11.027307621039615,20095.8321639559,0.410822725,1.0,1.002768280682048
H2AFJ,2,0.0019871388812359027,5317.907388094317,10643.404951896448,27.864085705308014,10641.814776188634,0.58360965,1.0,1.0059943533283915
H2AFV,2,0.01969249496667574,11887.244803335061,23784.5459657976,7.592437704244621,23780.489606670122,0.358235625,1.0,1.015566309464909
H2AFX,2,0.005725243070962996,5214.155141096864,10433.690631594072,38.74935466659361,10434.310282193728,0.61358355,1.0,1.0038129861158347
H2AFY2,2,0.0010069201782211994,4943.540793883622,9893.643385605215,29.506676681495033,9893.081587767245,0.592707475,1.0,1.0043041827486816
H2AFZ,2,0.17143254104382707,19844.70308164195,39736.01656230578,2.6218928290946386,39695.4061632839,0.347809063049425,1.0,1.0435484341545378
H3F3B,3,0.07903670747238954,20551.816624448646,41130.740762965856,1.6675926642117995,41109.63324889729,0.21136885806247596,1.0,1.0471077901986985
H3F3C,2,8.491452529135538e-5,940.7889515832168,1886.8252720401028,26.572942446215333,1887.5779031664335,0.84549665,1.0,1.0041068823376826
H6PD,2,8.15126345789076e-5,959.8925717435931,1924.2480759147945,26.858795505256055,1925.7851434871861,0.8463781,1.0,1.0040556974644164
HABP4,2,0.0010727784893536218,3766.8943909972536,7540.064481297717,35.5119079677382,7539.788781994507,0.6681846,1.0,1.009249703781899
HACE1,2,2.7835526182760114e-6,485.9413345343952,976.9711333277645,18.7303910659695,977.8826690687904,0.894355625,1.0,1.0051499234247634
HACL1,2,0.00021018875222604484,1583.5837393982194,3170.8497441135573,33.739169290754994,3173.167478796439,0.80881695,1.0,1.0030943038909437
HAGHL,2,0.002360248550831977,6873.6426835146085,13752.70117758183,20.27500101672095,13753.285367029217,0.51440215,1.0,1.0029037278188255
HAL,2,2.8805609197147037e-6,66.42111928993344,142.10917738636482,6.009252584762189,138.8422385798669,0.9615363,1.0,1.00415659245413
HAP1,2,1.6317298267762986e-5,708.2313338459146,1421.7102342186379,23.007742541824886,1422.4626676918292,0.869292675,1.0,1.0030727275553066
HAPLN3,2,0.0001636239636296036,1481.3255662958882,2969.085308961472,32.881920726053515,2968.6511325917763,0.8028978,1.0,1.0024594764486365
HAR1A,2,1.652246541679354e-5,701.1723955745172,1405.379016626576,22.882121069637936,1408.3447911490343,0.881051225,1.0,1.0018328301777237
HARBI1,2,0.0001239570492293106,674.9695827526212,1352.999888951352,22.550248848577898,1355.9391655052425,0.9008097,1.0,1.0065981835710585
HARS2,2,0.0008279755216204411,2700.3075709692002,5406.113146637278,38.062343891062554,5406.6151419384005,0.730346975,1.0,1.0039547075114943
HARS,2,0.0012176262694924465,5296.275813733535,10598.202003621003,25.83381445380342,10598.55162746707,0.5856922,1.0,1.0056920121427795
HAS2-AS1,3,9.08864630508533e-6,108.87613491855652,220.87754603682026,7.955064115420302,223.75226983711303,0.9522361,1.0,1.0027526690700932
HAS3,2,0.0001709911352158136,1025.429287499771,2054.9701029739613,27.658453351097837,2056.858574999542,0.84810435,1.0,1.0066176870729822
HAT1,2,0.0021051438241048207,4091.2945380887636,8205.650946277174,36.28293344811346,8188.589076177527,0.618275325,1.0,1.0030221715810503
HAUS1,2,0.001179608633360804,6013.457802450695,12033.318321418505,24.411996092216114,12032.91560490139,0.574500025,1.0,1.0111734458539277
HAUS2,2,0.00014962094044702472,2444.0685791042224,4894.026929217967,37.77112979877955,4894.137158208445,0.729425925,1.0,1.0035858485202915
HAUS3,2,0.00010126952457975864,1246.04370794124,2495.066225769566,30.530682974800943,2498.08741588248,0.848545825,1.0,1.0043408242378051
HAUS4,2,0.0006948694665989904,2132.9745554552364,4271.256915319197,36.93388120853831,4271.949110910473,0.7715155,1.0,1.0023331710814682
HAUS5,2,0.0005805781645995215,1275.5793493236747,2566.9591016780532,30.508272849294613,2557.1586986473494,0.810354375,1.0,1.0021918860727361
HAUS6,2,0.0006948572931204474,2747.766726698647,5502.6988181123825,38.598787642466,5501.533453397294,0.718505875,1.0,1.0141226052068288
HAUS7,2,0.00012691898806533686,832.3505959120046,1671.5292082819506,24.832272378028236,1670.7011918240091,0.8539427,1.0,1.0041041698611795
HAUS8,2,0.0003090764703513732,2638.392644995576,5281.166034016344,38.177169745936126,5282.785289991152,0.739644025,1.0,1.0051565770770001
HAVCR2,2,5.776054912006319e-7,32.76423758526076,67.8844462451433,4.111125222311949,71.52847517052152,0.971025,1.0,1.0042104132228065
HAX1,2,0.002783150470605526,7841.964863933026,15691.112536389868,13.6392899850329,15689.929727866052,0.4797456,1.0,1.0070379835031613
HBA1,2,0.00023667736753372302,946.4594074304318,1937.4221988331417,26.457437366751627,1898.9188148608637,0.839985875,1.0,1.0021190567044345
HBD,2,1.4292785607008803e-7,17.7684026456788,42.60469990470863,3.0933994174722126,41.5368052913576,0.975525825,1.0,1.003092477930557
HBE1,2,0.010799215390665388,12993.633358598066,26580.677320223956,5.781384584875981,25993.266717196133,0.290244425,1.0,1.0130401182765538
HBEGF,2,0.0005876708605045975,1397.5652443979907,2799.559939819015,31.831972343612193,2801.1304887959814,0.821623625,1.0,1.0034561789674739
HBP1,2,0.0006396673030976744,3223.3428850563114,6451.081010855814,37.60711646695742,6452.685770112623,0.727181325,1.0,1.0041371145698887
HBS1L,2,0.002061593450251579,4202.418356406027,8411.996163964957,33.22877055135982,8410.836712812054,0.641033225,1.0,1.002602163697185
HCCS,2,0.0014832902672700422,4453.786994078264,8911.973930106715,33.09612143512768,8913.573988156528,0.629094175,1.0,1.0091236021201424
HCFC1R1,2,0.006695485329282545,7799.312692187997,15608.014944037113,15.731226790761811,15604.625384375993,0.47734315,1.0,1.0056730346680824
HCFC1,2,0.0002722138131268277,2394.512548468223,4793.56766602665,37.7226759438244,4795.025096936446,0.739742525,1.0,1.0039423243416714
HCFC2,2,0.00012204108132800593,997.8323272105358,1999.587323395378,27.33561086566099,2001.6646544210716,0.8496753,1.0,1.0038447369879024
HCG11,2,1.4886265164881879e-8,3.9523034012761385e-5,1.7821392299258731,0.0,6.000079046068025,0.98207335,1.0,1.003708981261535
HCK,2,1.420651513711629e-5,131.63230295078182,267.93325472787,8.870460983900834,269.26460590156364,0.947363025,1.0,1.0026578793441583
HCLS1,2,2.273344015505315e-6,59.98325091475703,127.85187443963055,5.677245887763019,125.96650182951406,0.9631689,1.0,1.003259251673671
HCN1,2,3.1971127660979296e-7,25.436205692874417,53.04090646017624,3.6395450086791814,56.87241138574883,0.973791,1.0,1.0028925516069302
HCN4,2,6.9574786966078254e-6,97.13605710559702,196.78807266512533,7.453507518784837,200.27211421119404,0.955837175,1.0,1.0016239931757969
HCST,2,4.001494918087555e-5,1005.1352357579593,2015.6523991883778,27.665571031313434,2016.2704715159186,0.84315925,1.0,1.0019047299120116
HDAC11,2,0.0002507772842311482,1388.9151417285836,2781.341260500917,32.158750885179415,2783.8302834571673,0.839667775,1.0,1.0090160266938115
HDAC2,2,0.003527952516799764,8599.240532458916,17203.67183024053,11.874986775104553,17204.481064917833,0.4454453,1.0,1.012302366293286
HDAC4,2,4.261179713566959e-5,605.5337044613377,1214.1977048129918,21.225901227294095,1217.0674089226754,0.89843325,1.0,1.0023003460911522
HDAC7,2,0.0006096959119001209,1711.2267913299852,3427.074755122287,34.530161879614134,3428.4535826599704,0.78972025,1.0,1.001424532726631
HDAC8,2,0.00014132613100810006,2516.3329154913254,5038.188277032574,37.80869512354066,5038.665830982651,0.7296681,1.0,1.005857885981881
HDAC9,2,1.7196218013288723e-5,142.69872103933076,288.2922155695396,9.293698712514674,291.3974420786615,0.945735125,1.0,1.0020938733907445
HDDC2,2,0.005581854222142863,8518.556343084274,17041.7866006283,12.187273237544149,17043.112686168548,0.4252469,1.0,1.0064001064229176
HDDC3,2,0.0022162121337757756,5309.564926627626,10623.49377455064,26.98687001714831,10625.129853255252,0.5965651,1.0,1.0061842256648192
HDGFRP2,2,0.0009882252504438923,5127.19779877043,10259.962213636638,26.734457812121583,10260.39559754086,0.623392225,1.0,1.0085376651599254
HDHD1,2,0.0010330159001810057,2219.1525129055085,4441.864696398762,37.27972790094824,4444.305025811017,0.797652475,1.0,1.005463714527278
HDHD2,2,0.0004949416286539789,2515.5629386982623,5109.947083134131,37.72597495878007,5037.125877396525,0.7050345,1.0,1.0053462030165112
HDHD3,2,0.0013203352249241181,3725.5624559347702,7455.9058159080905,36.3396487142863,7457.1249118695405,0.71097155,1.0,1.0036380160279001
HEATR1,2,0.00046241503944225863,2209.5781263878166,4423.248863690568,37.07665645454299,4425.156252775633,0.772516375,1.0,1.0048366847116568
HEATR2,2,0.000136844950333479,2621.1307359913303,5250.237147595683,37.891116520204584,5248.261471982661,0.71599595,1.0,1.0063876506935818
HEATR3,2,0.000108424558733557,664.1780229572533,1331.907935491584,22.350332588019516,1334.3560459145067,0.883908425,1.0,1.0030066996163698
HEATR5A,2,3.143680598415326e-5,914.2308223769026,1831.9465647901275,26.320107853997012,1834.461644753805,0.856566025,1.0,1.002206447352615
HEATR5B,2,4.585749124870404e-5,609.2551249176119,1222.0271186426814,21.298140395741346,1224.5102498352237,0.886434875,1.0,1.00357095755346
HEATR6,3,0.0006790896228158335,2003.8069249242246,4010.6317894454996,36.29814248878921,4013.6138498484493,0.801603,1.0,1.0030145365943348
HEBP1,2,0.0013867482055182623,5286.67474441443,10578.686103236125,25.86964771674689,10579.34948882886,0.584660175,1.0,1.0038036053962056
HEBP2,2,0.0071599729868706,10321.034831864068,20658.7122573493,9.226026543866979,20648.069663728136,0.3482505,1.0,1.0069517639468315
HECA,2,7.682741179335397e-6,646.7358386924177,1296.4990251609092,21.941535576375305,1299.4716773848354,0.88816065,1.0,1.0053526379254842
HECTD1,2,0.0010927136985756363,5165.326742101611,10336.818706178128,28.008560498885288,10336.653484203222,0.6162999,1.0,1.0041758904273677
HECTD2,2,1.7754304997414582e-5,676.1437049577305,1356.6541248952772,22.42051778584442,1358.287409915461,0.8734918,1.0,1.001045345534291
HECTD3,2,0.00014375183101804129,1022.7384412026175,2050.454028380822,27.64863191671877,2051.4768824052353,0.838016775,1.0,1.0019989564808909
HECTD4,2,0.0003213574500788926,1375.5592452991705,2755.7197894329333,31.714471668533417,2757.118490598341,0.812080775,1.0,1.0040379509486905
HECW1,2,0.00032931322204030267,1353.8079786823187,2711.8178767493573,31.488849951015077,2713.6159573646373,0.8237579,1.0,1.0036541850085634
HECW2,2,4.009436478283067e-6,382.1308229238092,767.254026860615,16.312813293689466,770.2616458476184,0.910497075,1.0,1.0017519863348694
HEG1,2,4.108850843430778e-5,205.73354974092678,414.43293411684624,11.48188163919876,417.46709948185355,0.935542575,1.0,1.0038247364051447
HELB,2,2.9627738021757852e-5,712.0538747863773,1427.3072367826212,23.017358678460585,1430.1077495727545,0.883427325,1.0,1.0032475411660424
HELLS,2,0.006863463391444721,5309.346249783614,10627.479795672125,37.06721707176719,10624.692499567229,0.6046231,1.0,1.002333131775862
HELQ,2,0.0009549517826732951,2393.709160293985,4791.977545038382,37.593322962598016,4793.41832058797,0.772867325,1.0,1.002739908971026
HELZ2,2,0.00011656455138732133,2214.662574516491,4433.890401167309,37.11566938522762,4435.325149032982,0.76055235,1.0,1.0044713598723336
HELZ,3,0.0016300607830880996,3254.6485793466163,6513.782073094491,37.61259075077994,6515.297158693233,0.695494375,1.0,1.004697882985428
HEMK1,2,0.0007673703656617623,2128.420716296847,4260.368634369786,36.84456699543385,4262.841432593694,0.78699285,1.0,1.005887072734006
HERC1,2,0.0002125468373931835,1500.2776343286375,3003.89962801274,33.00499978320189,3006.555268657275,0.819483975,1.0,1.0055900416715948
HERC2,2,0.0019866757374422898,4128.868458353375,8262.876454352585,33.544849251675224,8263.73691670675,0.686686975,1.0,1.0030388798266736
HERC3,2,8.941870757206588e-6,693.5132166475896,1394.8573790061932,22.81112902345249,1393.0264332951792,0.869489475,1.0,1.0030317006951646
HERC4,2,0.0009124776156911756,2282.633506670403,4568.6556391122,37.37179663928004,4571.267013340806,0.79504985,1.0,1.0027861309994444
HERC5,2,0.00077616259795822,2335.2706122121076,4676.075010744871,37.495044284835714,4676.541224424215,0.735079425,1.0,1.0022863179987764
HERC6,2,3.186297270205029e-5,683.4815800727387,1372.096391225874,22.49224525091538,1372.9631601454773,0.871409875,1.0,1.0035687428926405
HERPUD1,2,0.005807321101579773,9380.411764096843,18766.319714414178,10.613734907381223,18766.823528193687,0.429674975,1.0,1.0028759327621457
HERPUD2,2,0.0004997903690805974,1978.0018192289072,3959.0789010092576,36.27104354532089,3962.0036384578143,0.819974875,1.0,1.0042918322312722
HES1,2,0.013687099161162865,13752.843229289523,27516.736295532643,7.236444010166792,27511.686458579046,0.3846196,1.0,1.0000692687959716
HES2,2,0.0002257414989012838,2331.2566096924534,4667.482587307984,37.632900741381775,4668.513219384907,0.74629615,1.0,1.0098136405121954
HES4,2,0.009936351499107585,8876.693160538782,17759.363086511792,14.70967261316643,17759.386321077563,0.439413875,1.0,1.0016589200380523
HES6,2,0.004739016780321295,6616.945305856724,13239.184143938637,25.27758320156464,13239.890611713448,0.5208418,1.0,1.0025381610398707
HES7,2,1.7189337024684572e-5,142.69870277030603,288.0704357240162,9.29397536354173,291.39740554061206,0.947074525,1.0,1.0076059918829146
HESX1,2,3.1862452474677807e-6,453.5477471203756,913.3805858018566,18.002795333522073,913.0954942407512,0.897803625,1.0,1.0060246648567932
HEXA-AS1,2,2.271557621685666e-6,59.98324617188143,122.31311640633466,5.681928861355573,125.96649234376287,0.9648023,1.0,1.00197597179918
HEXA,2,0.0008535434601857268,3745.436835999953,7510.84839223047,35.21477287957585,7496.873671999906,0.635509875,1.0,1.0065235408729525
HEXDC,3,0.0014654563176624026,2641.1441117704203,5305.757788138434,37.876451512530124,5288.288223540841,0.703926775,1.0,1.004538365463073
HEXIM1,2,0.0015738376621808477,3914.8029302684045,7834.472003802663,35.19033038515844,7835.605860536809,0.701562925,1.0,1.0099869976314035
HEXIM2,2,0.0004054965522221323,3050.4814738314863,6105.071039698855,37.72497621335451,6106.9629476629725,0.752450625,1.0,1.0022046144948502
HEY1,3,1.1505752899951759e-5,120.36556118208928,243.76547094525546,8.426315720723736,246.73112236417856,0.9499854,1.0,1.0019962069778643
HEYL,2,3.072610264367078e-5,694.2487008142506,1391.857727044027,22.693864342549634,1394.4974016285012,0.878394825,1.0,1.0023653836621975
HFE,2,3.762868136063637e-5,835.8899588679312,1677.5542853599154,25.076312087820856,1677.7799177358625,0.855771775,1.0,1.0077997519572908
HFM1,2,5.680572158853401e-7,32.7642122345898,67.74328884897949,4.114203931053616,71.5284244691796,0.971633625,1.0,1.0025318501433678
HGSNAT,2,0.0008008607100837274,2013.877473174828,4033.4406936715804,36.31840045875098,4033.754946349656,0.7641948,1.0,1.0027719073087156
HGS,3,0.001975890326082713,5121.41590774825,10297.383577318622,28.89762333946458,10248.8318154965,0.553609575,1.0,1.0080856040172237
HHATL,2,1.661188793426971e-8,4.410456246548608e-5,1.3961552694654704,8.090167070825272e-15,6.000088209124931,0.9822174,1.0,1.0025863274004352
HHAT,2,0.000349780635326481,493.240495884628,991.3271934817918,18.99085894132106,992.480991769256,0.89428755,1.0,1.0032998403900837
HHEX,2,0.0005106409342458115,1734.2833541908892,3471.971921961059,34.725302243372596,3474.5667083817784,0.8208381,1.0,1.002799716766779
HHIP-AS1,2,3.550547211784221e-6,72.74762480285474,148.2205894910161,6.325900676745443,151.4952496057095,0.96054575,1.0,1.0050398984668023
HHIPL2,2,1.5760088851657686e-8,4.184303590115116e-5,1.788532589216607,8.090167074357095e-15,6.000083686071802,0.9822602,1.0,1.0029076669884283
HIAT1,2,0.0008283368547195172,1937.5576458505573,3878.9791500367173,35.922369643126295,3881.1152917011145,0.790073,1.0,1.0030634076464207
HIATL1,2,0.0002394730201206158,2765.506387394229,5537.961790156486,38.03567559162288,5537.012774788458,0.70749195,1.0,1.0022638573648324
HIBCH,2,0.00044027935805400584,4446.639181637304,8907.668349278898,31.32617714406472,8899.278363274609,0.6010728,1.0,1.0057267563226626
HIC2,2,0.00024955972366471843,1193.4759034491253,2391.1131746695037,29.747193224425107,2392.9518068982507,0.8436711,1.0,1.0043540021103086
HID1,3,0.00037889072704692635,1852.435731163036,3714.794885281874,35.58862399185622,3710.871462326072,0.770929425,1.0,1.0058028985314194
HIF1AN,3,0.00043599453348532627,3357.8385189900628,6719.127996807266,36.789774179550406,6721.6770379801255,0.7282595,1.0,1.0033580697186875
HIF1A,2,0.000570162946820582,3369.5811695815023,6743.803461541976,36.891316711947375,6745.162339163005,0.70090545,1.0,1.0062991190402222
HIF3A,2,5.72725319526309e-7,32.76422462840496,67.78067825498673,4.113634863410491,71.52844925680992,0.971473725,1.0,1.0028110337890024
HILPDA,2,0.0007476901821810999,3208.603536788518,6421.909163563114,38.08087750610792,6423.207073577036,0.727333825,1.0,1.0054187609253016
HINFP,2,0.0003750408555663731,2288.4947638551603,4581.424084125629,37.36968693624569,4582.9895277103205,0.7606782,1.0,1.0029241551970798
HINT2,2,0.0036958805192805638,8107.581491324293,16223.319990710082,14.93691155366327,16221.162982648586,0.452958875,1.0,1.0068211926409638
HIP1R,2,0.000604608651136464,1890.2021324021032,3786.325494300535,35.702443856194634,3786.4042648042064,0.7728598,1.0,1.0028881379030954
HIP1,2,0.0004695142133011314,1536.770602047957,3078.3633456185985,33.17531122665461,3079.541204095914,0.79932945,1.0,1.0045773867578336
HIPK1,2,8.65229639044009e-5,1208.871877744183,2421.132448349657,30.125660690081336,2423.743755488366,0.837513975,1.0,1.0022275108658145
HIPK2,2,0.0004021116957157082,3153.2720968541926,6311.535667318692,37.59279687871761,6312.544193708385,0.70534305,1.0,1.005896646343716
HIPK3,2,0.00014643863947782828,1258.227722702707,2520.0574700004076,30.60192402063315,2522.455445405414,0.83002245,1.0,1.003214814779023
HIPK4,2,2.988199778985826e-5,180.09148918228814,363.10024902536736,10.630587419813853,366.1829783645763,0.93981245,1.0,1.0043523498187803
HIRA,2,0.00029656921284272494,1214.606055276108,2432.961013017592,30.367192445377444,2435.212110552216,0.843273025,1.0,1.0017831081551072
HIRIP3,2,0.0019167366120060602,2588.2872147376206,5181.782657429517,38.593492805633424,5182.574429475241,0.72357765,1.0,1.005127877010559
HIST1H1E,2,0.0006718317365882352,1405.897589338665,2816.820902368943,31.20424601378487,2817.79517867733,0.81257755,1.0,1.0021946082522384
HIST1H2AC,2,0.0008652051268534552,1902.20107262517,3809.907532284175,35.553385016959034,3810.40214525034,0.7693522,1.0,1.0036168040505522
HIST1H2AG,2,0.00012391680656288084,324.48877111166547,652.1133190699524,14.943478569771862,654.9775422233309,0.92138765,1.0,1.0032610801976594
HIST1H2BD,2,0.0025433528148918172,2184.304929604858,4375.689274897764,37.1247978434858,4374.609859209716,0.74992485,1.0,1.0035331509967256
HIST1H2BF,2,3.199689851232142e-7,25.436206377090517,54.070964046771465,3.6281036253563004,56.872412754181035,0.973238425,1.0,1.0025616455700759
HIST1H2BK,2,0.0032209690645751883,5372.402135078514,10791.868579272272,30.81969431152124,10750.804270157028,0.558615475,1.0,1.001811414260571
HIST1H2BN,2,0.00010971340666438908,921.5864825385439,1847.1662932508086,26.24727690557359,1849.1729650770878,0.858958675,1.0,1.0057384794072
HIST1H2BO,2,6.957481061617664e-6,97.13605711187611,197.22143401665673,7.452787576642852,200.27211422375223,0.95484425,1.0,1.0037838729523383
HIST1H3D,2,5.407732818736438e-5,230.63763629656373,464.2555376308488,12.266738904335547,467.27527259312745,0.93202305,1.0,1.0026475791286458
HIST2H2AB,2,4.294686257516168e-6,78.97397117516292,161.33373589102223,6.625653092174124,163.94794235032583,0.9588873,1.0,1.0040523632289169
HIST2H2AC,2,0.0031786033155984787,2597.4515493543386,5204.133120868086,38.821418923375184,5200.903098708677,0.726991575,1.0,1.0059361716448827
HIST2H2BE,2,3.729870084370371e-6,403.53018198939117,809.9113139279041,16.83501137512305,813.0603639787823,0.911235175,1.0,1.00191908795665
HIST3H2A,2,2.430986962426164e-5,533.5252991962853,1073.1033476434077,19.603789344328188,1073.0505983925707,0.887540925,1.0,1.0015504144292606
HIST4H4,2,3.549048111600336e-6,72.74762082274376,147.90515665910434,6.3274291366274245,151.4952416454875,0.961836675,1.0,1.0034933882478985
HIVEP1,2,8.246849347887496e-6,624.7229046449867,1252.274247461826,21.518959974746306,1255.4458092899733,0.899124,1.0,1.0059644209952774
HIVEP2,2,9.197791186101472e-6,587.3922130480838,1177.6790131518082,20.783183506051227,1180.7844260961676,0.89640085,1.0,1.0031357455760153
HIVEP3,2,0.0003811916804407251,1315.5256680579334,2635.4738243192364,31.055689744608408,2637.051336115867,0.82443375,1.0,1.0042144733931524
HJURP,2,0.0034656461214294023,2529.324742857013,5063.875084091533,38.807921307368396,5064.649485714026,0.73862835,1.0,1.0015606933110923
HK1,2,0.0008567460748290789,2239.0381903122257,4482.816732818205,37.23645338598812,4484.076380624451,0.77167125,1.0,1.0065528274294189
HK2,2,3.3589516136148266e-5,885.2358472292132,1773.6541560893074,25.869968537629827,1776.4716944584263,0.861983725,1.0,1.0036487293539271
HKDC1,2,5.110949857927814e-6,85.10928559747904,172.94931314572665,6.913056361091888,176.2185711949581,0.95768565,1.0,1.0053260534468407
HKR1,2,2.4754965026821818e-6,509.78281114451084,1023.3683263539651,19.251941346877953,1025.5656222890216,0.8931498,1.0,1.0035354046205667
HLA-DQB1,2,0.0003422855167991804,1570.9431204170178,3145.453442815509,33.53195329780512,3147.8862408340356,0.808549575,1.0,1.0038166793175947
HLCS,2,0.00020676711072157585,1339.2950086719638,2682.568902860563,31.424546533660603,2684.5900173439277,0.820751025,1.0,1.0061987351185429
HLF,3,3.197992246102667e-5,185.28449285972508,373.6886747920735,10.806510440005527,376.56898571945015,0.93808675,1.0,1.0030029990827705
HLTF,2,0.0017024489938483474,6116.292714338304,12237.459657247362,21.521747472001746,12238.585428676608,0.532464075,1.0,1.0028862900289655
HLX,2,6.27510913406893e-5,245.25854443176274,493.3384663899794,12.711596791867526,496.5170888635255,0.93675365,1.0,1.0025304078521735
HM13-AS1,2,4.1628583358374205e-6,369.1189751662356,741.1653881970059,15.992059136643064,744.2379503324712,0.914907975,1.0,1.0030231004894385
HM13,2,0.0014567131909301327,6739.56003291448,13546.504831542663,16.320356734061342,13485.12006582896,0.47040385,1.0,1.0061269653619456
HMBOX1,2,0.0001457873786671403,1465.357817058196,2933.9520435072977,32.759516787249396,2936.715634116392,0.829026925,1.0,1.0019497889268603
HMBS,2,0.0027714722430582472,5466.249519848364,10937.498924380727,26.34790303608284,10938.499039696728,0.585811875,1.0,1.0034948017252547
HMCES,2,0.0006666546430424994,4727.233809697374,9461.881680102166,30.559007785486422,9460.467619394749,0.60171965,1.0,1.005172447811189
HMCN1,2,1.2773947789479764e-6,46.71352624518277,95.87639993515882,4.9526828098978575,99.42705249036554,0.96728555,1.0,1.0020593595952505
HMCN2,2,2.8748008994259504e-6,66.42110399707957,135.53221984368164,6.011431320018097,138.84220799415914,0.9620327,1.0,1.0024982421853983
HMG20A,2,0.0001409083223782371,2505.2705361194535,5014.798153982642,37.80672258214509,5016.541072238907,0.748959225,1.0,1.0038696811064398
HMGA2,2,0.0016988323334518483,6261.45688667141,12527.973682727406,22.615717771432944,12528.91377334282,0.5776899,1.0,1.0056736406814988
HMGB3,2,0.013541843995104318,9014.915974561512,18037.858163986337,16.99656093121199,18035.831949123025,0.45728935,1.0,1.0021526402073724
HMGCL,2,0.0014189270565761049,3712.6600530198257,7430.932900233041,36.28107478146951,7431.320106039651,0.66548815,1.0,1.002662245556761
HMGCR,2,0.0015380422596345475,3557.889656455921,7122.067127863251,37.564718777994706,7121.779312911842,0.684767475,1.0,1.0061170661085446
HMGCS1,2,0.003602791924347224,5235.747945900148,10535.1118410233,33.721517606981735,10477.495891800296,0.57678395,1.0,1.006913046660396
HMGN3-AS1,2,3.2639423374650134e-5,406.6397213272015,817.2106382974666,16.761120624315566,819.279442654403,0.907202125,1.0,1.0031640194820375
HMGN4,2,0.00048734031101324213,1211.0333669909992,2427.0331766187746,30.368963112411265,2428.0667339819984,0.8339236,1.0,1.0038503375911985
HMGXB3,2,0.0012929959613238288,3749.652592699583,7504.468500765477,36.04477977327369,7505.305185399166,0.687816175,1.0,1.009035167072964
HMGXB4,2,0.0014351395523749598,6358.9236692476725,12722.55850722279,21.259391526623705,12723.847338495345,0.590516025,1.0,1.0064246107137491
HMHA1,2,9.185837628063252e-5,882.539819827081,1770.2123077360804,25.68053626304933,1771.079639654162,0.8506291,1.0,1.0027695629832556
HMMR,2,0.008511293835282836,4588.6134420483395,9223.082889493973,44.18068350494768,9183.226884096679,0.7192107,1.0,1.0786722961110835
HMOX1,2,0.00034067038693139,1573.4345516836852,3150.2524735115912,33.55166410167195,3152.8691033673704,0.81762675,1.0,1.004462905182869
HMOX2,2,0.002418104816173078,6439.358687965685,12884.359311886406,20.808201341057842,12884.71737593137,0.57398595,1.0,1.005478488550705
HN1L,2,0.0018869584102151667,4624.744444424767,9267.68844840613,32.97552878198354,9255.488888849533,0.588465075,1.0,1.0066975158485867
HN1,3,0.07545369453014254,15549.863242238514,31108.502678513727,3.843306387323722,31105.72648447703,0.3040687342282227,1.0,1.006112341816372
HNF1B,2,6.002039655180486e-5,624.0638793137134,1251.1703994787536,21.58684457931084,1254.1277586274268,0.8997664,1.0,1.005054587755338
HNF4A,2,1.282263120338305e-6,46.71240784059635,95.77975916606293,4.9534309102232665,99.4248156811927,0.96741615,1.0,1.0029945893670817
HNF4G,3,0.00017455282365501105,373.0196342653665,749.5615987769945,16.191310030334563,752.039268530733,0.91102745,1.0,1.0040580457960961
HNRNPA0,2,0.006343733750557261,10230.515485557344,20466.69669413614,9.06468469479914,20467.030971114687,0.388504675,1.0,1.0094182586098304
HNRNPA1L2,2,0.002202789990619224,5493.002216892681,10990.921967879925,25.965008396447484,10992.004433785361,0.61195085,1.0,1.0115042104060903
HNRNPA1,2,0.021970068746708635,18637.525443197203,37292.81535082726,2.0108989087966167,37281.050886394405,0.20203431396489555,1.0,1.0313987058879177
HNRNPA3,2,0.008008136550221751,11262.505239750837,22531.275189744872,7.89399312273541,22531.010479501674,0.3458891,1.0,1.0047427486183593
HNRNPAB,2,0.00747982242518467,8584.400902766009,17175.052333677464,16.006516227996123,17174.801805532017,0.4542767,1.0,1.0015560666332215
HNRNPDL,2,0.006914972790963916,9660.166945314058,19325.131669997376,10.671030018135983,19326.333890628117,0.40422385,1.0,1.0053329465976317
HNRNPD,2,0.007832733994054033,9460.610530031605,18927.124771968287,12.206176654160712,18927.22106006321,0.4167631,1.0,1.0058900739145118
HNRNPF,2,0.006878074625484029,9375.419398827067,18755.966249416862,10.679599854626412,18756.838797654134,0.414181,1.0,1.001789926875631
HNRNPH2,2,0.0020031889099613987,5673.621839022723,11350.794738137543,22.151462738062605,11353.243678045446,0.62001245,1.0,1.005459493009374
HNRNPH3,2,0.0028083869278961783,6699.468996513828,13408.123604897944,19.9580695706788,13404.937993027655,0.5376854,1.0,1.0059551069151509
HNRNPK,2,0.00579817399321816,11223.867314132192,22467.182054068413,7.871020268823675,22453.734628264385,0.3306606,1.0,1.0070758624062845
HNRNPLL,2,0.0004656534952415429,2946.809398760252,5898.103613592866,37.95999524030398,5899.618797520504,0.713237975,1.0,1.0020399857328997
HNRNPL,2,0.002145852464376743,5454.037417615925,10922.513859102999,27.251485920224884,10914.07483523185,0.5848456,1.0,1.0071436136889016
HNRNPM,2,0.005586870995025939,10779.801715803964,21565.258454174873,8.462971685084323,21565.603431607928,0.351384675,1.0,1.0018571276698405
HNRNPR,2,0.005901140148425314,8952.130619855607,17910.707893592786,12.196599081226305,17910.261239711213,0.412626625,1.0,1.0015411013855988
HNRNPU-AS1,2,0.00012413887362092388,689.0995592200316,1382.5119242377366,22.392600796224748,1384.199118440063,0.873513125,1.0,1.0065409865041035
HNRNPUL1,2,0.001810047961642043,5295.100502657583,10598.331012257482,27.299073243056867,10596.201005315166,0.60785185,1.0,1.0026539808693054
HNRNPUL2,2,0.000157346520417842,2466.115768371395,4941.134561964516,37.72071098030357,4938.23153674279,0.725166775,1.0,1.0057096953766842
HNRNPU,2,0.006056183904777246,8858.732507783114,17723.054007840256,11.709496426849954,17723.465015566228,0.401603675,1.0,1.008798247222603
HOGA1,2,0.0006912911423445404,645.3593612099752,1294.4849360091687,22.078108266131096,1296.7187224199504,0.884924975,1.0,1.0022906847977562
HOMER1,2,9.00545735737858e-5,2114.1263785196325,4232.719601039116,36.75588692276521,4234.252757039265,0.76558705,1.0,1.006644236048335
HOMER2,2,9.2578597898944e-5,287.91199045198596,578.8977078286193,13.946969907738096,581.8239809039719,0.925644975,1.0,1.004098218663736
HOMER3,2,0.0018927332254058283,4115.082307120631,8236.356192842124,33.85293856385528,8236.164614241263,0.654697225,1.0,1.0101649113388618
HOMEZ,2,7.273471714801549e-5,2362.0695844285583,4727.019744481047,37.52758551861155,4730.139168857117,0.807088475,1.0,1.00177869279211
HOOK1,2,0.001193723415348966,3510.221650080062,7025.520554540759,37.06173936200502,7026.443300160124,0.6773234,1.0,1.0042712945370627
HOOK2,2,0.006777937750512759,8099.06862666671,16206.479284650488,13.290274536143635,16204.13725333342,0.43126405,1.0,1.0050476254885126
HOOK3,2,0.00019440167090299803,2724.0174457815724,5450.999213997496,37.86265955039394,5454.034891563145,0.77231335,1.0,1.0033600727543126
HOTAIRM1,2,0.0005013313877651734,2919.2027763220012,5843.813463256314,38.34934207427524,5844.4055526440025,0.716226675,1.0,1.0021417969291426
HOTAIR,2,1.026173377762482e-5,114.65027710297365,232.00789730834288,8.19444477075763,235.3005542059473,0.951471,1.0,1.0025203983309066
HOTTIP,2,8.879909148503167e-7,39.839548836703244,81.92041350282433,4.5511939901866265,85.67909767340649,0.96957335,1.0,1.0032458481066404
HOXA-AS2,2,7.393439452225811e-5,846.1601206194504,1696.1863084645538,25.148090843848223,1698.3202412389007,0.86150075,1.0,1.0011256296703523
HOXA-AS3,2,2.828724066040932e-5,461.22720291846457,926.3098243105627,18.034719875469424,928.4544058369291,0.90169075,1.0,1.0015580439534935
HOXA10-AS,2,0.005724265256251092,7647.040666537778,15299.69181715096,22.62116611811965,15300.081333075555,0.496126775,1.0,1.0025902230597574
HOXA10,2,0.0018313815235764628,5696.186322267168,11397.913049419945,29.504510617789826,11398.372644534336,0.587477975,1.0,1.0020042554870867
HOXA11-AS,2,5.429447030987853e-5,766.7478998755636,1536.6421195277176,24.11315806002924,1539.4957997511272,0.886669975,1.0,1.0031138236002641
HOXA11,2,0.00017200660877819964,1019.5902682006538,2043.3667832954022,27.57530810708722,2045.1805364013076,0.850670975,1.0,1.0013329681867644
HOXA13,2,9.981628628022044e-6,556.911603511424,1116.7223962260582,20.163341852185003,1119.823207022848,0.899492225,1.0,1.0034960419709293
HOXA1,2,5.407656020969314e-5,230.63763425758302,464.16013505794365,12.267237460540352,467.27526851516603,0.936533875,1.0,1.0023885569582716
HOXA2,2,3.193358498534578e-7,25.436204696116377,53.107406302418305,3.636241666749287,56.872409392232754,0.97369025,1.0,1.0023104424709197
HOXA3,2,0.0009654131165065766,1373.4339627591316,2751.6273186182375,31.469940311371488,2752.8679255182633,0.8168832,1.0,1.0026761488503875
HOXA4,2,3.7945942906003754e-5,587.2491792860939,1178.5143565097178,20.647973322423134,1180.4983585721877,0.88493085,1.0,1.001393337250121
HOXA5,2,0.00010398749561225224,1342.5422131171051,2688.0182379751072,31.589209316632154,2691.0844262342102,0.85203355,1.0,1.003077450417116
HOXA6,2,0.00025211682265430756,1472.8767118671758,2948.8831704937797,32.71695099017308,2951.7534237343516,0.84067235,1.0,1.0045759961935596
HOXA7,2,0.002229413703273099,5180.951235860485,10366.582472625465,28.595640894969314,10367.90247172097,0.592995975,1.0,1.006023156015747
HOXA9,2,0.0101014145759328,11349.59742174398,22704.487440126704,8.85528126835546,22705.19484348796,0.3954536,1.0,1.0009610882688906
HOXB-AS1,3,0.0003220071860288405,477.2296747970711,1052.4040790195058,18.63401616575027,960.4593495941422,0.891710425,1.0,1.001479389952864
HOXB-AS3,3,0.00011974412417654091,319.98043819112326,643.0919939255382,14.823153787780953,645.9608763822465,0.92072265,1.0,1.0019114432212552
HOXB13,3,0.0005084432720027409,1695.7575766797413,3395.4776202448434,34.4490950480391,3397.5151533594826,0.79952945,1.0,1.0058182831728115
HOXB2,3,6.575574136762066e-5,250.09432509257397,503.2796671231474,12.85550829246156,506.18865018514794,0.928414675,1.0,1.0030686035306156
HOXB3,3,8.007937808678485e-5,815.9083576648933,1635.9096808662166,24.652898699408336,1637.8167153297866,0.860768075,1.0,1.002260191210878
HOXB4,3,0.001684625110192377,3525.3345071165213,7056.502597883009,37.63467909103115,7056.669014233043,0.685710375,1.0,1.0031114146242541
HOXB5,3,0.0003095050778122517,1342.8237417324744,2689.7136175916994,31.39093262916881,2691.647483464949,0.822331125,1.0,1.0040212728007127
HOXB6,3,0.0008264630929033938,3330.8872568168013,6666.438839133915,37.657675066351636,6667.7745136336025,0.706003075,1.0,1.0052926970966047
HOXB7,3,0.0031419526950914635,7435.729651837448,14876.79727532942,16.335365798229606,14877.459303674896,0.47690985,1.0,1.006562506127783
HOXB8,3,0.002254800128679046,4690.62328691149,9385.927057824398,33.33398787558969,9387.24657382298,0.61213315,1.0,1.0041845447679931
HOXB9,3,0.0002115856580236801,2377.182496353956,4759.375952460172,37.71303260643486,4760.364992707912,0.736213375,1.0,1.0023441940579743
HOXC-AS1,2,0.0005129826045035936,1790.7702299138557,3585.3631970927026,35.115679300529344,3587.5404598277114,0.792611575,1.0,1.0017806307115498
HOXC-AS2,2,9.621441479243481e-5,292.55737668420943,588.1920924905471,14.076271367625056,591.1147533684189,0.925834275,1.0,1.0022469760713841
HOXC10,2,0.000576642305886033,601.1113157577151,1205.7913308704792,21.224925633355454,1208.2226315154303,0.89297335,1.0,1.0020164431002572
HOXC11,2,5.110973614886183e-6,85.10928566055377,172.68656750737068,6.913411931356902,176.21857132110753,0.9583477,1.0,1.0021224490048033
HOXC13-AS,2,8.875136708417908e-7,39.83954756962041,81.97848324388161,4.548590180243871,85.67909513924081,0.969248,1.0,1.004766382750631
HOXC13,2,0.000179585859856937,377.3413740014013,757.8550917208693,16.29956610200291,760.6827480028026,0.9175045,1.0,1.002541764661234
HOXC5,2,2.7854897745776852e-5,174.86399459060343,352.6129578756176,10.451082167992999,355.72798918120685,0.94068805,1.0,1.002275400046634
HOXC6,2,0.0004801381088850619,1656.8214940391501,3317.4439265281408,34.16368423792839,3319.6429880783003,0.806820875,1.0,1.0059700704244041
HOXC8,2,0.0006244464481452475,1687.170415237473,3378.548159752367,34.35352871965759,3380.340830474946,0.806307875,1.0,1.0059219178793717
HOXC9,2,0.0021879748799301683,3978.4297093022287,7961.657428101685,35.126930721349375,7962.8594186044575,0.68228525,1.0,1.0030484034401543
HOXD-AS2,2,0.00035587659419378725,1681.6847657457633,3366.6732631283558,34.409393278796394,3369.3695314915267,0.811072575,1.0,1.0033791922674493
HOXD13,2,4.297893121286617e-6,78.97397968938623,160.50629029954888,6.626341453130323,163.94795937877245,0.959123425,1.0,1.0028111206350288
HOXD3,2,1.1504694050360361e-5,120.36555837084362,243.37662724802684,8.426901214876198,246.73111674168723,0.950884375,1.0,1.00391629955527
HOXD8,2,0.0003167995636965785,1757.0529224461054,3517.2793171122717,34.98677615307081,3520.105844892211,0.818083525,1.0,1.002672596797537
HP1BP3,2,0.00926864633644539,8847.877431686313,17711.963688709224,13.962566097978419,17701.754863372626,0.43066555,1.0,1.0032749020219014
HPCAL1,2,0.003989103864048849,6653.678565072182,13312.890995305872,22.883221486544265,13313.357130144364,0.506409875,1.0,1.0045793365095306
HPCAL4,2,2.676386700417092e-6,493.9302113533766,992.1855099755732,18.90690432635432,993.8604227067532,0.89360445,1.0,1.002301088057029
HPCA,2,1.8791473561844985e-5,148.16262427218854,306.71837231529844,9.495565913186775,302.3252485443771,0.943602975,1.0,1.0033031985164809
HPD,2,4.968150626798255e-6,320.19524848066345,643.5687501092306,14.728285555740618,646.3904969613269,0.9180991,1.0,1.0045979244241372
HPGD,2,1.0271508996594077e-5,114.65030305618001,231.98963590328003,8.194476802215595,235.30060611236001,0.951465775,1.0,1.0038883904667293
HPN,2,7.98774220514362e-6,103.03945473409077,210.65454893339034,7.707740329674767,212.07890946818154,0.953200225,1.0,1.004804782555268
HPS1,3,0.002438695727814316,5764.286404350858,11542.350099650619,22.438504959244888,11534.572808701716,0.5429174,1.0,1.0044531782535495
HPS3,2,0.00027102819012700657,1233.72179342894,2472.739366887896,30.20001116794392,2473.44358685788,0.818865075,1.0,1.0016308342157358
HPS4,2,0.0004129101864157867,2414.612142458855,4833.519326363612,37.60557762375183,4835.22428491771,0.75761855,1.0,1.0034135221816742
HPS5,2,0.00048584990662716267,1829.5571762736824,3662.2596812226975,35.37574725620256,3665.114352547365,0.80869405,1.0,1.0019743696422847
HPS6,3,0.00014721056605386887,2684.4399713467283,5371.716081933836,37.85348791894774,5374.8799426934565,0.78197655,1.0,1.0031498733068858
HPSE,2,0.0002616401293129347,1412.444138940903,2886.014166718876,32.11364322168511,2830.888277881806,0.79278405,1.0,1.0035033802848072
HPX,2,4.2948996965382106e-6,78.97397174184351,161.43132046877795,6.625462406099708,163.94794348368703,0.95874795,1.0,1.0017736764679488
HRAS,2,0.005212682466382272,7539.588602019931,15085.256667614092,16.418230011589625,15085.177204039863,0.467088425,1.0,1.0114310212789788
HRCT1,2,1.1504609215376947e-5,120.36555814560674,243.3186841532246,8.427013045768588,246.73111629121348,0.951627975,1.0,1.004134903449347
HRC,2,3.87047758072148e-5,200.66771096274266,405.0371811468099,11.316573486537392,407.3354219254853,0.934781325,1.0,1.0045103540664517
HRH1,2,0.00013178587452556697,1417.9252808253384,2838.6972639499754,32.31469832712377,2841.850561650677,0.855587625,1.0,1.0036764594138317
HRH2,2,5.676054430977075e-7,32.764211035133044,67.72031221596869,4.111985908175199,71.52842207026609,0.97155675,1.0,1.0016916640251359
HRK,2,0.0003666355221550475,1591.4472515504788,3186.3217110713144,33.69114531116312,3188.8945031009575,0.819182475,1.0,1.0027042257424648
HR,2,4.1135461518703996e-5,548.7025632186402,1102.1236159517084,19.86054957536142,1103.4051264372804,0.88681775,1.0,1.0031986266633228
HS1BP3,2,0.0008657320885733274,2203.5901363046223,4410.761725763498,37.10735392517969,4413.180272609245,0.7804659,1.0,1.0026374364291235
HS2ST1,2,0.0007964821608485071,2061.422021647359,4126.834857290285,36.54921691468572,4128.844043294718,0.77332075,1.0,1.0110901661196787
HS3ST1,2,0.0020544876736983764,2940.99711409781,5887.889550474103,39.50926718233871,5887.99422819562,0.70553615,1.0,1.0038334492150824
HS3ST3B1,2,2.9882468969336227e-5,180.09149043326966,362.9910340173945,10.630931860345731,366.1829808665393,0.941010425,1.0,1.0034647891903399
HS3ST6,2,2.2710808913357744e-6,59.983244906162355,122.38092833518391,5.679400455390762,125.96648981232471,0.964116225,1.0,1.0053829134747332
HS6ST1,2,0.0003800028613030215,1635.8711515672828,3275.1208785230447,34.040800748916006,3277.7423031345656,0.813115625,1.0,1.0044110921594782
HS6ST2,2,0.0004144359527965268,1716.265377574145,3455.0496095658486,34.630588559034045,3438.53075514829,0.771346,1.0,1.003000829787512
HSBP1L1,2,0.0038050862766694296,7733.941052082156,15475.59505681073,14.908391379518743,15473.882104164311,0.469064975,1.0,1.0110576030865641
HSCB,2,0.0022270509806679127,4085.809205718427,8177.395671392022,33.76140316120561,8177.618411436854,0.673577225,1.0,1.0037563622130832
HSD11B1L,2,0.0004884012106304189,1967.3715297506108,3937.942465391853,36.18808287345268,3940.7430595012215,0.809424775,1.0,1.003581937211177
HSD11B2,2,7.418406823049154e-5,1019.1340499439506,2042.6247993084176,27.715523464919876,2044.2680998879011,0.842674175,1.0,1.004510240091843
HSD17B11,2,0.0011178539233815186,6318.266343220933,12641.903259867117,20.123290280195924,12642.532686441866,0.535671075,1.0,1.0024050745861433
HSD17B13,2,6.000946099734175e-6,91.15872253232712,184.7963409861187,7.1888362489018345,188.31744506465424,0.957566625,1.0,1.0029357216911015
HSD17B1,2,6.229754651822803e-5,1106.4783361613593,2215.7912516895894,28.909832654484305,2218.9566723227185,0.867985225,1.0,1.003421657476899
HSD17B6,2,1.0863846118815704e-5,533.6471144618537,1074.462578673621,19.673656297469567,1073.2942289237074,0.887585925,1.0,1.0022391460877782
HSD17B7,2,0.0017219809414720118,4996.739102354352,10000.09884321391,31.86852975374563,9999.478204708705,0.631122075,1.0,1.0049978040439187
HSD3B7,2,0.00044695387459203723,1649.1248614585395,3303.0861753472973,34.114652334930305,3304.249722917079,0.791336425,1.0,1.0024642084764845
HSDL1,2,9.70838837645837e-5,2478.8361491615387,4961.0367751289505,37.713234356994995,4963.6722983230775,0.7644551,1.0,1.0044465164225393
HSDL2,2,0.0007967984166948296,3718.7894037812302,7444.473440084383,35.305013663412566,7443.5788075624605,0.6700073,1.0,1.002526790542557
HSF1,3,0.002110125247311879,7317.187494001227,14662.479226472555,15.138290080113508,14640.374988002453,0.45044155,1.0,1.0053673828116023
HSF2BP,2,9.254394904976176e-5,287.92159660250337,578.9152349844926,13.946912657055053,581.8431932050067,0.92594955,1.0,1.0015192184623005
HSF2,2,0.000937010228253878,2270.724510218971,4544.433014766545,37.31579617221737,4547.449020437942,0.802640925,1.0,1.0047023841027152
HSH2D,2,0.0005444727112693345,1802.7021853806252,3608.67307505938,35.18282593733679,3611.4043707612504,0.813576275,1.0,1.0024054104293039
HSPA12A,3,0.0006759799477202561,1764.2178441189155,3533.2853107996857,34.8898988650786,3534.435688237831,0.78263955,1.0,1.002310998399328
HSPA13,2,0.00023711173417317988,1236.4661030316367,2477.206121833953,30.260195134312276,2478.9322060632735,0.8271897,1.0,1.004577945676337
HSPA14,2,0.00047395523938836636,2940.8078262329504,5886.029357339125,38.17669674159453,5887.615652465901,0.724296825,1.0,1.0025006764503348
HSPA2,2,0.00018469172450158778,381.6490312480851,766.6150316774881,16.406040575708236,769.2980624961702,0.912823325,1.0,1.008901407554033
HSPA4L,2,0.001206823816890167,1818.4437669253193,3642.7435310282935,35.19716196946271,3642.8875338506386,0.775874125,1.0,1.00401268799339
HSPA4,2,0.0011829461121544962,5193.402863817249,10392.716171380993,26.871325785651862,10392.805727634499,0.59453175,1.0,1.0056712600654072
HSPA5,2,0.007507034413148256,12729.54500441197,25465.06299063366,5.899593967132128,25465.09000882394,0.3083182,1.0,1.0083677935168125
HSPA8,2,0.02463259238150957,16124.56804560458,32258.7625013309,3.3684280760783607,32255.13609120916,0.29222633202158343,1.0,1.0104907302129837
HSPA9,2,0.0030310804078044233,8088.412296124829,16184.294826126816,13.546067199344229,16182.824592249657,0.432097975,1.0,1.0048791653348885
HSPB11,2,0.0037375789906777574,8811.011362175623,17628.79631597825,12.35734575180842,17628.022724351245,0.417764575,1.0,1.007071596329393
HSPB1,2,0.01520991205137077,18568.132664449437,37152.63491381418,2.061579243834313,37142.26532889887,0.24506926932508963,1.0,1.0300563087727392
HSPB8,2,4.005703477769505e-6,382.1173485387502,767.3596189414203,16.312437717203636,770.2346970775004,0.910065875,1.0,1.0025649528039067
HSPBAP1,2,0.00013018500891145358,805.1004703962736,1614.5665675189737,24.387973931061094,1616.2009407925473,0.862663975,1.0,1.005760782249618
HSPBP1,2,0.0007487697030667295,4618.317925939476,9242.535532626685,31.466351601336612,9242.635851878951,0.6036101,1.0,1.005826269321286
HSPD1,2,0.012153888442361026,16649.993639711374,33395.86377391166,2.943864240176055,33305.98727942275,0.23964782308522325,1.0,1.0070101558579148
HSPE1,2,0.019096868485242457,17211.705513682955,34432.049705225814,2.726310801750017,34429.41102736591,0.2818389588624004,1.0,1.0089843130893241
HSPG2,2,0.00018080321208270667,1116.9449213568475,2240.031172984334,28.85597012936778,2239.889842713695,0.827885025,1.0,1.0032163677537909
HSPH1,2,0.0022643487036251597,4998.097825724834,10001.120846945243,32.93265023244288,10002.195651449669,0.58441855,1.0,1.0031883474084249
HTATIP2,2,0.002025193451289477,7103.257924269631,14213.384149766092,16.23852243638334,14212.515848539262,0.4683953,1.0,1.0024992278771963
HTATSF1,2,0.003562286881604956,5674.871163716526,11393.351850147119,24.60994232180403,11355.742327433052,0.523119975,1.0,1.0040030976999381
HTR1D,2,4.870998618760298e-5,472.70446250783175,949.7214205928155,18.225526402511047,951.4089250156635,0.8975947,1.0,1.0015162390129506
HTR3A,2,5.689346324704808e-7,32.76421456413083,68.341210588234,4.108304321659585,71.52842912826166,0.9711692,1.0,1.003011669919273
HTR7,2,1.595986854015811e-5,377.3283648615838,758.2585275709702,16.118649109123982,760.6567297231676,0.90998995,1.0,1.003100655028588
HTRA2,2,0.0003745225353995442,4382.046519421751,8769.670004772708,32.645836447429794,8770.093038843503,0.644178825,1.0,1.0068732929398205
HTT,2,0.0003267435133552707,1450.2782354704445,2906.1942828646834,32.44843521440018,2906.556470940889,0.8032301,1.0,1.0048172844480674
HUS1,2,0.0008398457535223463,2046.273870333545,4095.803234130192,36.66698487916524,4098.54774066709,0.816195375,1.0,1.0044782317632268
HUWE1,2,0.000765604814579075,4790.015157168169,9585.643300414371,30.097674915864502,9586.030314336338,0.6047179,1.0,1.0037663053342858
HVCN1,2,2.5898566840638936e-5,169.60077668684244,342.0756959258669,10.267974797039532,345.2015533736849,0.94125205,1.0,1.0025320721882285
HYAL1,2,0.0003369801593841574,855.6653528671312,1716.4626327427104,24.993441218140028,1717.3307057342624,0.8544095,1.0,1.0015590716060292
HYAL2,2,0.0014218317160233074,5206.835573316135,10418.965978689464,28.07735441631279,10419.67114663227,0.6134579,1.0,1.0080414301017457
HYAL3,2,0.0009991726443298746,1868.6765418329971,3743.4640363222047,35.50864748656645,3743.3530836659943,0.7690068,1.0,1.0025026834365467
HYKK,2,0.00010390700250243751,1345.226535885678,2695.656847829286,31.619319095145762,2696.453071771356,0.817839575,1.0,1.0045672984589467
HYLS1,2,0.0024771786839584533,2977.5194022558544,5960.213041231892,39.74852244077058,5961.038804511709,0.7063037,1.0,1.005662787368047
IAH1,2,0.002756234911712418,6366.474136754893,12738.07820354023,20.61991377119181,12738.948273509786,0.5201426,1.0,1.0067977690390795
IARS2,2,0.0020393469713860545,6611.9747951450445,13258.582391300512,19.962114696773785,13229.949590290089,0.50501465,1.0,1.022643645529677
IARS,2,0.0015416171746973724,5049.853979046592,10112.252729079173,29.715525356381164,10105.707958093184,0.5720618,1.0,1.0061046562856453
IBA57,2,0.000510389457403682,1671.6610226905536,3347.29124513712,34.26502690381807,3349.3220453811073,0.805273825,1.0,1.0045845484525426
IBTK,2,0.0019240898101237532,3449.727009003215,6903.082469680414,36.32440499113233,6905.45401800643,0.710272375,1.0,1.0050278544396545
ICA1L,2,2.5588324393356472e-5,509.8122597794899,1025.0819976356493,19.09872666257279,1025.62451955898,0.890612875,1.0,1.0031586818568166
ICA1,2,0.0008174974162861494,3517.4583500099307,7045.512406443202,36.691188308889316,7040.916700019861,0.65538155,1.0,1.0038632753314263
ICAM1,2,0.0002020211834986148,1140.730615785301,2285.557150150381,29.14130558358992,2287.461231570602,0.84268995,1.0,1.0042245612024192
ICAM3,2,0.0005914499118029802,3013.1357612561305,6031.484709597221,38.28588786358523,6032.271522512261,0.71980565,1.0,1.0032854207631605
ICAM4,2,3.201162397322374e-7,25.436206768051505,53.02366183642206,3.6415404010589167,56.87241353610301,0.97385645,1.0,1.0037083570289032
ICK,2,0.0007606446036822931,3551.649689391049,7108.0599338750535,36.35893583897203,7109.299378782098,0.697813975,1.0,1.0035184982950127
ICMT,2,0.0017559818603253455,3352.8045299340597,6715.087073123332,37.527487029185444,6711.609059868119,0.674087975,1.0,1.008343590596956
ICOSLG,2,7.392001516312742e-6,657.6389074564951,1318.142574502195,22.14812611415664,1321.2778149129902,0.896210525,1.0,1.0030781161620186
ICT1,3,0.002365048300266529,6522.773093445354,13051.099255583142,19.733128137320602,13051.546186890708,0.543451725,1.0,1.01386024705802
ID1,2,0.012107409584106952,15517.771772018623,31058.95314399951,3.320854022069379,31041.543544037246,0.30386572980148896,1.0,1.000181832360034
ID2,2,0.02036788804632667,15823.278542431299,31668.348924839494,4.566704269069364,31652.557084862598,0.36871009783405456,1.0,1.0072719605888485
ID3,2,0.01364889228345723,15694.148501333002,31412.847221752163,4.019254429342076,31394.297002666004,0.3421759115820533,1.0,1.002864977708791
ID4,2,1.6558347861367427e-5,364.18218074096217,732.100479080199,15.795574731636021,734.3643614819243,0.91245235,1.0,1.0057963847144418
IDE,2,0.0006317666753514127,1955.3905109782922,3915.2323128531007,36.06389159250934,3916.7810219565845,0.781989975,1.0,1.0037783065338377
IDH1-AS1,2,0.0005802689717891294,1628.070954952566,3261.624429199873,33.901479355455045,3262.141909905132,0.788834725,1.0,1.002002020016142
IDH3A,2,0.001419813100622522,4100.014594348356,8204.733007332314,33.26542728862593,8206.029188696712,0.67023465,1.0,1.0035900984012935
IDI1,2,0.006967972962100265,9031.0809049279,18069.212990564683,14.772196839202438,18068.1618098558,0.44727205,1.0,1.0085055326189325
IDI2-AS1,2,2.874825567351064e-6,66.42110406257292,135.25790922579804,6.011815340140116,138.84220812514585,0.9624905,1.0,1.0044166687224163
IDI2,2,3.2115688319145297e-7,25.43620953095989,53.83521693983396,3.627805396854083,56.87241906191978,0.97337815,1.0,1.004617019127207
IDNK,2,0.0005815846390981574,1763.3944853236753,3540.477669173837,34.8953645769922,3532.7889706473507,0.7683226,1.0,1.0028437458405033
IER2,2,0.00776724521556324,12573.408855041449,25154.672266719626,5.907552169212072,25152.817710082898,0.351652075,1.0,1.0003564559449343
IER5L,2,0.0002901531515168937,1798.0240521989776,3600.2360765077956,34.97001747110613,3602.0481043979553,0.789589175,1.0,1.0042899836316663
IER5,2,0.00039147703465095945,2503.8475322542135,5011.8643129655875,38.11744038947037,5013.695064508427,0.756682625,1.0,1.0040826772911262
IFFO1,2,1.7408442811235016e-6,53.420064733056584,109.17822541065705,5.330288761646262,112.84012946611317,0.9662637,1.0,1.0060368581971775
IFFO2,2,0.0002515771219171062,432.3085455319344,867.7356030309285,17.619274994032768,870.6170910638688,0.91599175,1.0,1.002979930910655
IFI27L1,2,0.0007324450998706991,4504.885230584996,9028.693716694619,33.08285206185468,9015.770461169992,0.594708025,1.0,1.0089418285095872
IFI27,2,0.0006589617513916087,1225.3553934389604,2459.4517668147314,29.899441653349662,2456.710786877921,0.8169869,1.0,1.0028285276238047
IFI30,2,3.4846385028921266e-6,457.637445997727,1035.1879748154636,18.08592836579916,921.274891995454,0.894360075,1.0,1.0027922164994767
IFI35,2,0.0006382666919844815,3060.5950031800407,6133.573195570965,38.05371718931695,6127.1900063600815,0.67606935,1.0,1.0041172677139867
IFI44,2,1.566702238761651e-5,137.18536302675852,278.439655643655,9.08457334702563,280.37072605351705,0.94631175,1.0,1.0029824144312043
IFIH1,2,0.00017888902658503737,1116.9398391943512,2238.4455012819108,28.861644431956442,2239.8796783887024,0.832119425,1.0,1.0041030328724228
IFIT1,2,0.0004456140815046309,1174.7531767776434,2354.5619773457643,29.39143506057441,2355.5063535552868,0.82600325,1.0,1.0027503733788534
IFIT2,2,9.01750423094981e-5,408.2304394173654,820.8623378765071,16.658233860267714,822.4608788347308,0.90531575,1.0,1.0019715781206673
IFIT3,2,3.629767836502365e-5,371.86435357494105,748.1541900298942,15.912236629007621,749.7287071498821,0.909549475,1.0,1.0035627247704755
IFIT5,2,0.0008652167160255837,1995.401307746596,3994.264672925267,36.21731666564843,3996.802615493192,0.80803795,1.0,1.0032910167534599
IFITM10,2,8.894446347627787e-5,283.26620572316574,569.6050040724347,13.816236338256013,572.5324114463315,0.92723805,1.0,1.0016139526520302
IFITM1,2,6.577918953984067e-5,250.08622279428462,505.4654861294677,12.854416920790657,506.17244558856925,0.926198425,1.0,1.004930674852839
IFNAR1,2,0.000558560409500797,3248.9541506914684,6502.897864056329,37.50651610639705,6503.908301382937,0.699052925,1.0,1.0042528821626948
IFNAR2,2,0.00013492225691535178,2096.2689972066332,4196.950962900912,36.699317241256296,4198.5379944132665,0.76182585,1.0,1.0027052431519985
IFNE,2,3.550331607940678e-6,72.74762423042655,147.89646624388368,6.327168694656579,151.4952484608531,0.961367425,1.0,1.0050224570391977
IFNGR1,2,0.0001640296251218615,2802.832593873215,5608.620153527426,37.826807054622996,5611.66518774643,0.765236275,1.0,1.0031190654712026
IFNGR2,2,0.0023847614836371837,5143.909207764646,10297.846785411619,29.15524677719246,10293.818415529293,0.593431825,1.0,1.0174168197452058
IFNLR1,2,0.00030855148931197793,469.16152956612535,941.50172443391,18.460119827649496,944.3230591322507,0.91377115,1.0,1.0034966885135341
IFRD1,2,0.0005885781793761426,3189.35922348891,6383.267167843713,37.89763520340915,6384.71844697782,0.733279475,1.0,1.0036645060124265
IFRD2,2,0.00258216912048463,5590.908104356197,11186.711293382135,27.88396612566018,11187.816208712395,0.5726006,1.0,1.005633344312164
IFT140,2,2.8280812040550352e-5,740.1863808272999,1484.3414244928454,23.515516465486268,1486.3727616545998,0.8674858,1.0,1.0027444342335807
IFT172,2,3.4389567904955204e-6,432.9258744152451,872.4616781360428,17.5266873371008,871.8517488304902,0.90014725,1.0,1.003695203559494
IFT20,2,0.001876626594477845,5392.059363301418,10791.278741169906,24.852070898762737,10790.118726602836,0.5979132,1.0,1.0069789346711902
IFT27,2,0.0005888487932627248,4641.687094974194,9289.418985286396,31.179845870996402,9289.374189948388,0.63238975,1.0,1.0040169742986667
IFT43,2,0.000972980415139559,6280.491292077015,12568.164462600596,20.34005566066035,12566.98258415403,0.543961875,1.0,1.0195557509555646
IFT46,2,0.00037523264885263213,1710.9558995775512,3425.7419233788723,34.62190157339371,3427.9117991551025,0.798982675,1.0,1.0052844321957588
IFT52,2,0.0016615819117252527,3612.1495532232766,7295.587122512071,35.757920366786024,7230.299106446553,0.6334747,1.0,1.0029158466934018
IFT57,2,0.002475713643175657,6001.074079865826,12008.152123647516,20.169471713499824,12008.148159731652,0.576291025,1.0,1.0034450777661108
IFT74,2,0.0014325503985246762,4859.255445277376,9723.157938024618,29.76350945742792,9724.510890554751,0.60341,1.0,1.0027844510118855
IFT81,2,0.0003375465602414908,2240.1059590879336,4485.798063039555,37.23452937136282,4486.211918175867,0.742152025,1.0,1.0046325569426597
IFT88,2,0.0004826220178228621,1954.8935725621993,3913.4216213548407,36.123636700244575,3915.7871451243986,0.7969876,1.0,1.0047616018185908
IGBP1,2,0.004138606390567435,9309.40639141172,18624.072345230605,10.735513788834956,18624.81278282344,0.387699975,1.0,1.00656005089632
IGDCC3,2,4.608645480486773e-5,215.77103681240422,434.4595094728506,11.803196204528517,437.54207362480844,0.935784325,1.0,1.005024402237801
IGDCC4,2,2.8748191420887015e-6,66.42110404551384,135.2490620082125,6.012238286254932,138.8422080910277,0.96253595,1.0,1.001548127851559
IGF1R,2,0.00027350171431970077,892.9644697926971,1789.4917868209118,26.17204629480894,1791.9289395853941,0.870220425,1.0,1.0035839458537321
IGF2-AS,2,2.2718446252644623e-6,59.98324693387594,122.35737062186475,5.680150644710477,125.96649386775188,0.96394665,1.0,1.002057335104662
IGF2BP1,3,2.7854397821778227e-5,174.86399326330522,352.56666141120144,10.45101673149887,355.72798652661044,0.94035675,1.0,1.0021607734940894
IGF2BP2,2,0.0018887090218990554,7349.723611083359,14704.662147191171,16.338134924302242,14705.447222166718,0.50508215,1.0,1.0092009022484298
IGF2BP3,2,0.0023370847044999056,4872.666919295764,9750.200187909266,32.490518904281174,9751.333838591529,0.617049,1.0,1.0074272582730723
IGF2R,2,0.0006044567108591883,1519.1940723779346,3045.350556735527,32.96783022039128,3044.3881447558692,0.792558825,1.0,1.0026135499277147
IGF2,2,0.00021290438398420888,1237.7466560355028,2479.3231283301366,30.599639053061882,2481.4933120710057,0.839213425,1.0,1.0033010485622036
IGFBP3,2,5.117525541095314e-6,85.10930305591785,173.29896200396718,6.912466708614924,176.2186061118357,0.957527925,1.0,1.001941149304928
IGFBP4,2,1.4771987687663844e-8,3.921962731074751e-5,1.3636385093822339,1.6180334141179634e-14,6.000078439254621,0.982223625,1.0,1.0037705721919927
IGFBP5,2,4.283571318862684e-5,322.39564373591867,649.0548860247096,14.63246307608299,650.7912874718373,0.916859875,1.0,1.0020334847503491
IGFLR1,2,1.0261561288498097e-5,114.65027664501501,234.84875435354155,8.193411562268912,235.30055329003002,0.95076005,1.0,1.0025686129799054
IGHMBP2,2,0.0001362984783638335,1059.563871152217,2122.986594559362,28.16317669263436,2125.127742304434,0.848171475,1.0,1.006048275598564
IGIP,2,1.3674150541299776e-5,432.7939135655141,868.9842635093279,17.45123695415073,871.5878271310282,0.90543785,1.0,1.0030877691823403
IGSF1,2,0.00015513331406704194,355.587695998633,714.7872412465516,15.751971411434052,717.175391997266,0.9132634,1.0,1.0017111572663382
IGSF3,2,6.240763087344722e-5,953.2787250986253,1912.2016489690868,26.805161092737873,1912.5574501972505,0.8439535,1.0,1.00780268995124
IGSF5,2,2.401429424055001e-5,164.30051530225882,331.39005968916194,10.08184951421945,334.60103060451763,0.944094625,1.0,1.002612204422648
IGSF9B,2,5.135486015433801e-5,225.70375964959322,454.4895540157293,12.114231882610081,457.40751929918645,0.932116075,1.0,1.0047842716405246
IGSF9,2,8.416413628966479e-5,1092.1546394781392,2187.5043736852213,28.677743177276483,2190.3092789562784,0.846782475,1.0,1.0040284972408073
IHH,2,2.3148221131104094e-9,6.145852710308137e-6,1.0907710639612227,8.090167070597176e-15,6.000012291705421,0.9827042,1.0,1.0033166264946716
IKBIP,2,0.0019364212224457238,4949.697460306644,9904.50323188604,33.568571519553075,9905.394920613287,0.5883097,1.0,1.00248932813149
IKBKAP,2,0.00010513907212025403,1334.4050243376369,2672.485086823249,31.50094442219128,2674.8100486752737,0.828184325,1.0,1.0051860415673708
IKBKB,2,0.00011995679892137475,1369.744876997355,2742.99683083572,31.84530317117903,2745.48975399471,0.82826275,1.0,1.0035580775015318
IKBKE,2,6.676079548237629e-5,1096.2760466893994,2195.87838174002,28.87015928821247,2198.552093378799,0.8541313,1.0,1.0074379375797569
IKBKG,2,0.00020865240476146489,1598.2119805551927,3199.761940543071,33.86440698465664,3202.4239611103853,0.82122945,1.0,1.0028569066464577
IKZF2,2,4.294886572715772e-6,78.97397170699976,160.38576283712302,6.626600045419126,163.94794341399952,0.95989755,1.0,1.0041448769294268
IKZF4,2,0.00017045304879170434,1028.8982986099038,2062.258028279886,27.704562243368876,2063.7965972198076,0.840890675,1.0,1.0048560636239825
IKZF5,3,0.00046756849703161906,1858.9707487082117,3721.046343342214,35.57325892018867,3723.9414974164233,0.80669725,1.0,1.0024120422890943
IK,2,0.003464509944475477,8058.675009292924,16127.390070230822,12.90741659506621,16123.350018585848,0.478107675,1.0,1.006973756321641
IL10RA,2,1.8789002292609708e-5,148.1626177109687,299.01240944340594,9.49761436933485,302.3252354219374,0.94698055,1.0,1.0021646510763307
IL10RB-AS1,2,2.875151402942679e-6,66.4211049276664,135.2231975802217,6.012118259654348,138.8422098553328,0.96260225,1.0,1.0068999475773315
IL10RB,2,0.0004294232605999739,3330.1727604608536,6663.921159262459,36.89022905378245,6666.345520921707,0.726829275,1.0,1.005121291641134
IL11RA,2,0.00025928142033141555,1374.9728802688783,2757.733135030372,31.745109850732323,2755.9457605377565,0.803628225,1.0,1.0043801060159814
IL11,2,2.663324919405161e-5,489.76337574231,983.6170261174963,18.66690214780628,985.52675148462,0.894580625,1.0,1.0027437529582393
IL12A,2,4.194860855762785e-5,536.952648302335,1077.8514062244203,19.619029065429128,1079.90529660467,0.894318725,1.0,1.0033805027901632
IL15RA,2,7.36099519218403e-5,1162.5214484417581,2328.023054372658,29.591767887240728,2331.0428968835163,0.85336165,1.0,1.0043872117896382
IL15,2,0.00013011342333504148,1092.7714015190672,2189.3136127537095,28.609966811334292,2191.5428030381345,0.842434025,1.0,1.0035223386590553
IL17B,2,2.5362446918859918e-6,505.835078849223,1018.6024323537113,19.164592898682162,1017.670157698446,0.8907665,1.0,1.0019341350241535
IL17C,2,1.199656374599815e-9,3.185087674562509e-6,1.129085737083169,8.090167070589817e-15,6.000006370175349,0.982624325,1.0,1.0028786962227452
IL17D,2,4.296037000800895e-6,78.97397476138633,160.51898884162932,6.626391943849042,163.94794952277266,0.9591505,1.0,1.0028088085095173
IL17RA,2,0.0006318685952712115,1610.989608755877,3226.5633079602985,33.75985739200264,3227.979217511754,0.805525975,1.0,1.0027108272377852
IL17RB,2,0.00019352724591293805,1175.8346854657864,2355.953637267178,29.580336515611457,2357.6693709315728,0.8304596,1.0,1.002730587143097
IL17RC,2,0.00043877642027601976,1909.8237556831245,3842.7716569861022,35.88589507839639,3825.647511366249,0.7582333,1.0,1.0041956313067355
IL17RD,2,4.9222280716779924e-5,612.9687944992517,1229.22609165018,21.371005911957667,1231.9375889985033,0.889061725,1.0,1.0068383388763358
IL17RE,2,0.0001837645227708241,1421.9541719113886,2850.255202514578,32.29323406682059,2849.908343822777,0.80318925,1.0,1.0068684625911515
IL18R1,2,1.150417403503335e-5,120.36555699020292,243.9208691324256,8.426148990407173,246.73111398040584,0.9499788,1.0,1.0036092158463865
IL18,2,0.003995304759043112,7393.474002999795,14819.39545019174,17.389307881081955,14792.94800599959,0.4720988,1.0,1.011407640236042
IL1R1,2,3.5327280196066443e-6,420.4050822226697,843.8785660175329,17.23609153313298,846.8101644453394,0.905433875,1.0,1.0023529507082998
IL1R2,2,2.046166692130893e-5,153.58304535225955,315.82414126277996,9.694765659273893,313.1660907045191,0.94261115,1.0,1.0014360173008061
IL1RAPL1,2,1.0387241650093115e-5,541.4529612573647,1085.872512557821,19.843750061799355,1088.9059225147294,0.901591175,1.0,1.0017474878474542
IL1RAP,2,1.2825964845943225e-5,126.02168309732788,254.7612218376328,8.652086776676251,258.04336619465573,0.949243575,1.0,1.0037220143807613
IL1RN,2,9.088495236337343e-6,108.87613451746898,220.35646190980648,7.955666521120489,223.75226903493797,0.95304205,1.0,1.0017984863274796
IL20RA,2,4.060139541696233e-6,377.8082943152899,758.5275327455677,16.20683419460442,761.6165886305798,0.9131889,1.0,1.0035272094671324
IL20RB,2,1.8789182161428214e-5,148.1626181885204,299.0660939250329,9.497597834164797,302.3252363770408,0.945442875,1.0,1.003194824536128
IL21R-AS1,2,8.918508885702327e-7,39.83955908493347,82.90766314817289,4.545249179124041,85.67911816986694,0.9690152,1.0,1.002635566060472
IL21R,2,1.719313472410024e-5,142.69871285319797,288.1148050217448,9.29417544682649,291.39742570639595,0.947173025,1.0,1.0018951764753627
IL22RA1,2,1.8788654964711925e-5,148.16261678881315,299.0197496561349,9.497498801458907,302.3252335776263,0.945972075,1.0,1.0043865090637778
IL23A,2,2.6982629473791278e-5,481.6670099107796,967.3084582410331,18.490376074229598,969.3340198215592,0.8968053,1.0,1.0033019965145373
IL27RA,2,7.723226375117995e-5,2423.6572513926053,4872.318264126533,37.60845174874806,4853.314502785211,0.718845575,1.0,1.0015767686417214
IL2RB,2,5.827005997322843e-9,1.5470700922892148e-5,1.3357047470555068,8.090167070589817e-15,6.000030941401846,0.98234005,1.0,1.0018068741324035
IL31RA,2,3.2214966081465357e-7,25.43621216678448,53.18884699211691,3.6343839893625067,56.87242433356896,0.9736668,1.0,1.00192436046234
IL4I1,2,6.001133156541529e-6,91.16117747325086,184.86395884312367,7.18827842192013,188.32235494650172,0.95657885,1.0,1.0016930883186062
IL4R,2,0.00012560136847764003,1140.2298213232923,2283.753766275737,29.444017576893227,2286.4596426465846,0.857884175,1.0,1.002265225443207
IL5,2,1.2779019354154326e-6,46.71239626383097,95.70346618391072,4.955085739452818,99.42479252766194,0.9679201,1.0,1.0067755155847662
IL6R,2,1.3229182941547842e-5,445.27558381306335,894.1332794432203,17.7362970561137,896.5511676261267,0.900917825,1.0,1.0041711854910649
IL6ST,2,0.0003391496537607694,1712.7059326966407,3428.9737508766534,34.653875608939394,3431.4118653932815,0.805403775,1.0,1.0086522195274041
IL7,3,7.202311488841471e-5,259.68081057252255,522.337497601229,13.138479475180642,525.3616211450451,0.9288974,1.0,1.0029835960979132
ILDR1,2,0.00022813035545724111,415.6256384945008,834.4147326288446,17.227139649306327,837.2512769890016,0.9134116,1.0,1.0030147059015029
ILDR2,2,3.5503584482095703e-6,72.74573733412586,148.1753056290373,6.325887997990837,151.49147466825173,0.960530425,1.0,1.0024119680174404
ILF2,2,0.008012300512124641,10860.142571870489,21777.10033474865,8.505003172913236,21726.285143740977,0.3440174,1.0,1.009115521202188
ILF3-AS1,2,0.0017574037912392352,3487.268534736555,6979.082569460054,37.632557334663126,6980.53706947311,0.68988815,1.0,1.0038322712333634
ILF3,2,0.0024644665069280297,7404.2039456063085,14817.39691750292,15.882885832030619,14814.407891212617,0.470605275,1.0,1.0083973103488093
ILKAP,2,0.001406433788831984,4661.478890846781,9327.622747468098,31.262400328793174,9328.957781693562,0.610630125,1.0,1.007987660601137
ILK,2,0.0022029794139091325,5794.043629516364,11603.776151748858,22.27742800977805,11594.087259032727,0.528439025,1.0,1.0038602741433222
ILVBL,2,0.002115086342811092,4044.4984000417426,8095.6615936699145,34.66055908847154,8094.996800083485,0.644605075,1.0,1.0034307779863543
IMMP1L,2,0.002857943143661511,5442.067452239663,10890.442105242539,27.84685537526945,10890.134904479326,0.60076565,1.0,1.0069812912225724
IMMT,2,0.0023156140265862333,5697.147332017624,11442.449434505914,23.299012544473946,11400.294664035247,0.514212675,1.0,1.0076488152338676
IMP3,2,0.004290191262384819,8621.628768732844,17248.198128493797,11.903269286200453,17249.257537465688,0.45010585,1.0,1.0031839806362834
IMP4,2,0.0023875325555853294,7630.786843150561,15266.841967160797,14.791780411535974,15267.573686301123,0.49211505,1.0,1.007201101987199
IMPA1,3,0.0016437717211208232,3783.7429356025727,7578.707750612558,35.31977222828832,7573.4858712051455,0.640420075,1.0,1.0017599444412744
IMPACT,2,0.001604247702431254,3954.0322362171196,7981.783229557469,34.489436621793864,7914.064472434239,0.60834575,1.0,1.0058978176778781
IMPAD1,2,0.0005385807310424294,3117.767782817997,6240.997175282546,37.872298279605204,6241.535565635994,0.693777825,1.0,1.0026984256995601
IMPDH1,2,0.0009025107362778451,4195.626713650465,8398.45448069237,33.96330735874389,8397.25342730093,0.61771385,1.0,1.0056261860600693
IMPG2,2,6.9583663713818054e-6,97.13605946237354,196.87939581672498,7.453071868594095,200.27211892474708,0.955258775,1.0,1.0034584426373405
INADL,2,0.00040575880178034653,2820.2668615685957,5644.333652828904,37.888346636314,5646.533723137191,0.7515846,1.0,1.0027206195967124
INCA1,2,9.995869880289868e-5,297.1739306122987,599.5602849773655,14.202497269048443,600.3478612245974,0.919395275,1.0,1.0048145604879544
INCENP,2,0.0012673844987234901,1331.2057709225944,2668.8266486271023,30.935160592473494,2668.411541845189,0.81328825,1.0,1.007113262628499
INF2,2,0.00012100310647159026,1322.287878529832,2656.3389868962704,31.441830605821846,2650.575757059664,0.8106316,1.0,1.0044151502826386
ING1,2,0.0005183111337579016,3933.80142388594,7872.067607820263,36.58698273747224,7873.60284777188,0.6796036,1.0,1.0118678117028075
ING2,2,0.0009640831252688742,2862.492213806567,5729.1986913524415,38.62210064810321,5730.984427613134,0.7293881,1.0,1.00292541004262
ING3,2,8.445715104155198e-5,2253.0680413085365,4510.116255798978,37.22610876460947,4512.136082617073,0.775033375,1.0,1.0012549676345002
ING4,2,0.00019747832639754314,2575.8633641353226,5157.493351649593,38.00544948877493,5157.726728270645,0.722521175,1.0,1.0027745359726763
ING5,2,0.00022398111551400678,2726.643754587774,5457.705283031097,37.914181331433234,5459.287509175548,0.730034425,1.0,1.0042018093328924
INIP,2,0.0015417806599738273,3776.4001146396713,7557.221029567464,35.53212197979899,7558.800229279343,0.692953925,1.0,1.0045076199002907
INO80B,2,0.0005274076288049176,2435.0352162575655,4875.468374061061,37.748056230100026,4876.070432515131,0.74271235,1.0,1.0030487723031078
INO80C,2,0.0011821754416923489,5072.013301434801,10149.395881008126,28.420958553201192,10150.026602869602,0.592994175,1.0,1.0096936110531
INO80D,2,0.00020826922078970474,1427.7200312194107,2858.426373389456,32.32164261439764,2861.4400624388213,0.84663855,1.0,1.0043946139839828
INO80E,2,0.0015723393521295378,4961.990232424958,9929.901930623502,29.406614626995843,9929.980464849916,0.60102915,1.0,1.008179903379268
INO80,2,0.0017572593719381877,3792.4764614764545,7589.692430636362,36.18440102847353,7590.952922952909,0.6918456,1.0,1.003232686502975
INPP1,2,0.0012128902305332445,3475.864480118147,6956.099054360272,37.02134819893419,6957.728960236294,0.692156025,1.0,1.0025552912706917
INPP4A,2,5.291168187860035e-5,856.0498826856344,1716.2544404952434,25.352705489267777,1718.0997653712689,0.856535675,1.0,1.001368096100716
INPP4B,2,8.319213195482176e-5,2081.24017495592,4167.174554458547,36.60945983191386,4168.48034991184,0.766990625,1.0,1.0058685194104786
INPP5A,1,1.7282191154672015e-5,636.0780208842199,1275.5309750987947,21.666709747817684,1278.1560417684398,0.8812357,1.0,1.0029669792475697
INPP5B,2,5.306238738300233e-5,870.9617739770104,1745.2665509256722,25.764478812732815,1747.9235479540207,0.870499325,1.0,1.002500613406059
INPP5D,2,2.785429644617041e-5,174.86399299415297,352.5436595569264,10.45134818001461,355.72798598830593,0.941537525,1.0,1.0040027833274054
INPP5E,2,0.0004077306820949416,1429.6678216471862,2864.0213615426946,32.21243826550319,2865.3356432943724,0.80907755,1.0,1.001475060211473
INPP5F,3,6.552337232307556e-5,2212.748013813715,4430.3127889518755,37.088386578241355,4431.49602762743,0.753388775,1.0,1.0039682219850823
INPP5J,2,5.630413414805276e-5,620.3731127006811,1245.8436875016482,21.514362925703978,1246.7462254013622,0.880218375,1.0,1.003061404012044
INPP5K,2,7.802267872369073e-5,2597.153016218646,5198.164599820625,37.83542510967822,5200.306032437292,0.7495152,1.0,1.0031394665278932
INPPL1,2,0.00029510246283771915,1527.4759656884264,3060.023891526607,33.18106702635179,3060.951931376853,0.800195875,1.0,1.0044209015443175
INSC,2,1.4247059450551793e-7,17.768401431649348,38.09831984151282,3.12037474062643,41.536802863298696,0.97594285,1.0,1.0025936461243234
INSIG1,2,0.0056466885882172435,8069.21628409131,16144.1853565896,21.213688669958763,16144.43256818262,0.49508195,1.0,1.0017276660730334
INSIG2,2,0.00027721000707229616,2971.455328339716,5947.186455905545,37.85522915362584,5948.910656679432,0.7394832,1.0,1.0060533371071598
INSL3,2,3.482632416771068e-5,872.1964843986101,1751.2462179211766,25.662276145762736,1750.3929687972202,0.852066875,1.0,1.004378522026195
INSR,2,0.0005394769124949559,1864.5726806317884,3732.251144984117,35.574206973828474,3735.145361263577,0.8106153,1.0,1.008772269506021
INTS10,2,0.0008013171969129541,5069.670478168619,10145.80207168689,27.5317306890648,10145.340956337239,0.5856584,1.0,1.0103144049239392
INTS12,2,0.00033171557614764885,3109.628147159926,6223.226364428831,37.577815673234404,6225.256294319852,0.7442214,1.0,1.0055980148417043
INTS2,3,0.00033074117227924654,1671.8204820510907,3347.770838596939,34.35505171793366,3349.6409641021814,0.79923045,1.0,1.0026734628322658
INTS3,2,0.0004809241577421648,1589.9989717662206,3185.251808020315,33.62167015651017,3185.9979435324412,0.793609275,1.0,1.0031349960580556
INTS4,2,0.0005373636467046196,1630.350047517654,3265.5953980274744,33.93246296131321,3266.700095035308,0.792953875,1.0,1.0042665823511874
INTS5,2,0.0001723497299205065,2494.453568510712,4992.938200404566,37.77446242172285,4994.907137021424,0.7726035,1.0,1.0043799248075662
INTS6-AS1,2,0.00011553977711926029,885.7128561301344,1775.4930138834332,25.69499747414815,1777.4257122602687,0.863568675,1.0,1.0025958469849143
INTS6,2,0.0006760662905986619,2091.0617903811876,4184.984602661186,36.7047421837982,4188.123580762375,0.818655575,1.0,1.0022637416979956
INTS7,2,9.360707908189345e-5,1284.8267469057737,2572.76747953559,30.982295025246753,2575.6534938115474,0.841020925,1.0,1.0043105471229135
INTS8,3,0.00024340097203494424,2320.0137582266034,4645.486495212546,37.42975157488557,4646.027516453207,0.741439575,1.0,1.004468776068729
INTS9,2,0.00046832790491232535,1058.3987937866646,2120.7085178866814,28.51490503467607,2122.797587573329,0.8536638,1.0,1.0043593870196474
INVS,2,4.606231836342425e-5,1099.9243307725053,2203.550701816249,28.870725515041478,2205.8486615450106,0.84334505,1.0,1.0023796671627636
IP6K1,2,0.0006501930984159162,1982.0775571314232,3967.042400252689,36.196462712537716,3970.1551142628464,0.81545465,1.0,1.0040794393649142
IP6K2,2,0.0023504166289449254,7411.6968305548535,14828.108831549436,14.66111905529175,14829.393661109707,0.53162945,1.0,1.0050488753571716
IPCEF1,2,3.193910639535028e-7,25.436204842709813,53.07731318608958,3.651532860638625,56.872409685419626,0.97390545,1.0,1.0028461629443142
IPMK,2,2.7806970621135824e-5,743.6721596872794,1490.4709975006779,23.57894147874366,1493.3443193745588,0.879484875,1.0,1.002089071841092
IPO11,2,0.0002367305190391596,979.0876341853492,1962.215865021855,27.40283663348656,1964.1752683706984,0.8551553,1.0,1.0038322339458028
IPO13,2,2.7758552583818808e-5,961.7671958297657,1926.9224161660163,27.036685638830875,1929.5343916595314,0.8562706,1.0,1.0042822170927885
IPO4,2,0.0006795307629346292,2128.3810333322617,4262.060980583213,36.88894858814007,4262.762066664523,0.769278875,1.0,1.0015605758558852
IPO5,2,0.0010247998020660547,4656.088499306409,9347.85575749055,30.34205171979764,9318.176998612818,0.57808505,1.0,1.0061091513730978
IPO7,2,0.001944086882239982,5063.054824351639,10132.309509860497,29.7126454567363,10132.109648703277,0.5958731,1.0,1.0086743403212737
IPO8,2,0.0005804439434292858,1416.4247716389611,2838.2829940999327,32.01481739443832,2838.8495432779223,0.804453775,1.0,1.0026722026354813
IPO9-AS1,2,6.957539457323182e-6,97.13605726691671,196.81033004055044,7.453480064334598,200.27211453383342,0.9556404,1.0,1.0026541105824116
IPO9,2,0.0009015715667264596,2384.2989737569897,4775.899560781947,37.674307742953474,4774.597947513979,0.7257181,1.0,1.0048861382877279
IPPK,2,0.00027868007480560107,1399.4913857076006,2802.7161482084857,31.98568365189626,2804.982771415201,0.829675325,1.0,1.0071601584522023
IPP,2,0.0012720820189670264,2002.8484909591577,4010.717234619529,36.238277310024884,4011.6969819183155,0.775364475,1.0,1.0025302366537936
IQCB1,2,0.0004444526970380153,1651.9099818941204,3306.9693143814616,34.40024831384831,3309.819963788241,0.83937365,1.0,1.0042634458746442
IQCC,2,0.00032200478753560783,477.2296684290715,957.556080461939,18.63960453252402,960.459336858143,0.9153698,1.0,1.0041276010049685
IQCD,2,0.00017627558812977816,1244.5079079151856,2492.765035256223,30.410623600720943,2495.015815830371,0.82958975,1.0,1.003503449213792
IQCE,2,0.00016576463562594898,2679.628791039438,5363.321027400716,37.91076687950466,5365.257582078876,0.73816415,1.0,1.0053612678402206
IQCG,2,0.0005660754887353153,1772.5124916805757,3549.791446733785,34.9721697764304,3551.0249833611515,0.7843424,1.0,1.0034539354457734
IQCH-AS1,2,0.0005574201048005353,1595.520973581075,3195.5902271734312,33.65071953585974,3197.04194716215,0.800475775,1.0,1.0018621458274637
IQCH,2,3.704935406186013e-6,407.76882598905667,818.9433718246743,16.935080203565683,821.5376519781133,0.905543925,1.0,1.002675025169387
IQCK,2,0.00045170110030764635,1824.5150350751946,3653.0925251106187,35.36172624722686,3655.0300701503893,0.788543925,1.0,1.002768742433277
IQGAP1,2,0.0025143427308871196,4166.0938237483815,8354.603333194256,33.29895355999901,8338.187647496763,0.60503485,1.0,1.0013525114742998
IQGAP2,2,0.0001182215693290236,445.13362142029655,895.2566201883532,17.466352163096527,896.2672428405931,0.9000815,1.0,1.0023744808898496
IQGAP3,2,0.00012785256133072409,689.1094190609011,1388.646209133811,22.387070878030855,1384.2188381218023,0.868860975,1.0,1.0063207185804426
IQSEC1,2,0.00013613763236471166,1400.972312895988,2805.181371436241,32.210996102459426,2807.944625791976,0.839443025,1.0,1.0022464529294686
IQSEC2,2,0.0003612710821761105,1603.6338905189057,3210.93410867269,33.79148758774526,3213.2677810378113,0.805994325,1.0,1.0037783916135588
IQUB,2,4.6068749336762725e-5,215.7778162377614,434.5144395354428,11.803071093307194,437.5556324755228,0.934168275,1.0,1.0055683143884846
IRAK1BP1,2,0.00017974134607970358,1429.7924349803072,2862.5739407931455,32.37375283638696,2865.5848699606145,0.836175375,1.0,1.0064647946745606
IRAK2,2,3.197979915697405e-5,185.28449253235283,373.4044565540356,10.807326986072312,376.56898506470566,0.9405721,1.0,1.0037770566432098
IRAK3,2,5.719953546597535e-7,32.76422269034824,67.99175802951322,4.109985606267165,71.52844538069648,0.971189,1.0,1.0016083074154
IRAK4,2,8.356661138151957e-5,1225.7482939933852,2454.876377134698,30.328090131070137,2457.4965879867705,0.83576855,1.0,1.0051319969139558
IREB2,2,0.0008621546233027578,2207.5662230904004,4418.0468316685365,37.11845600879921,4421.132446180801,0.808011075,1.0,1.0045516554060394
IRF1,2,0.001150248212851883,1869.1200485838579,3742.692728138484,35.52692566870939,3744.2400971677157,0.803357,1.0,1.0057275637042673
IRF2BP1,2,0.00029010476316971293,3109.5757959409293,6222.621414451778,37.48718622688581,6225.151591881859,0.748706775,1.0,1.0020751174029918
IRF2BP2,2,0.0005769054748644197,2625.7702203117096,5255.772341171162,38.241258977073144,5257.540440623419,0.752367925,1.0,1.0030606455305908
IRF2BPL,2,0.0025543184922659067,5642.258330172318,11289.786851545377,28.922850754938395,11290.516660344636,0.573766825,1.0,1.007912828098446
IRF2,2,0.0002860521229371814,1619.8884413730848,3242.7320026470725,33.975219176769734,3245.7768827461696,0.831877875,1.0,1.0038170907048611
IRF3,2,0.0020665932664630073,6364.774528783902,12735.906598727184,20.938796212387885,12735.549057567803,0.53218615,1.0,1.0118248597252917
IRF5,2,0.0002051973191987241,1242.0135352575837,2487.9468601391472,30.353841280930933,2490.0270705151675,0.831643075,1.0,1.0021420188947248
IRF6,2,0.0006755939773451494,1852.5976293562776,3709.1253662076515,35.45785247388353,3711.195258712555,0.792277675,1.0,1.0020755199925675
IRF7,2,0.00013094231038270253,2070.2751862036253,4144.957229690622,36.58723471012633,4146.5503724072505,0.765907625,1.0,1.003399834997086
IRGQ,2,6.338571118163899e-5,964.202506648039,1931.5345608764785,27.12811890440328,1934.405013296078,0.872783575,1.0,1.002776428324785
IRS1,2,0.0008857350703561077,1651.170052104031,3307.2085912097778,34.036288180893436,3308.340104208062,0.798732525,1.0,1.0039647334535942
IRS2,2,0.0008630809399826274,1793.4313079215192,3591.329944869246,35.05988763006217,3592.8626158430384,0.800296625,1.0,1.0014622887950575
IRX3,2,0.0001695891982536134,368.6836017750768,740.4302885352452,16.083369495354926,743.3672035501536,0.92141565,1.0,1.0027755534606004
IRX4,2,0.0009845790634857578,2324.958377199018,4654.6667994664895,37.566415567939345,4655.916754398036,0.7487665,1.0,1.003584340712111
IRX5,2,4.60681953736179e-5,215.77781476698925,434.4165325894174,11.803448658784905,437.5556295339785,0.938877325,1.0,1.0041063092232434
IRX6,2,6.3940497443473515e-9,1.6976202071242217e-5,13.327275991538325,1.1441223993092332e-14,6.000033952404142,0.98144765,1.0,1.0017516612460549
ISCA1,2,0.0033283360446954902,6260.599725644462,12526.340896599178,20.842342068917254,12527.199451288923,0.5245637,1.0,1.0061900817280582
ISCA2,2,0.003949005535339092,6878.142212359106,13760.84940460221,17.487224540255653,13762.284424718213,0.54175195,1.0,1.0070756520816238
ISCU,2,0.004389502011129406,10132.188624518854,20273.20464216554,9.500535929187095,20270.37724903771,0.379468475,1.0,1.0078419652942285
ISG15,2,0.015448232828173961,13361.33000284957,26729.966748945022,5.509393986086887,26728.66000569914,0.3134441,1.0,1.0023742819352766
ISG20L2,2,0.0004381035381462017,2805.082191595445,5614.628862939737,38.01717484808484,5616.16438319089,0.759195125,1.0,1.0026683084934873
ISG20,2,0.0005429718568463165,2869.2954739938496,5743.5910134647465,38.39405039049973,5744.590947987699,0.710122575,1.0,1.0062990611368714
ISL1,2,3.0406713606180035e-6,461.713618493087,926.2292231460809,18.193144287672528,929.427236986174,0.91281605,1.0,1.0048352668389147
ISL2,2,6.86263447031988e-5,1219.502365679441,2441.8401134803685,30.2933878250534,2445.004731358882,0.869954275,1.0,1.0034565281877046
ISM1,2,1.2772580830261296e-6,46.7135258822551,95.99068484470176,4.951046338415344,99.4270517645102,0.967292925,1.0,1.0018265721654358
ISOC1,2,0.0010261714710249944,4668.765768885249,9348.219464854084,30.800205029494037,9343.531537770497,0.58589545,1.0,1.0063402200316702
ISOC2,2,0.0020497874827492177,8381.089027004331,16768.747504059527,12.60064664334428,16768.178054008662,0.506475,1.0,1.001434103864382
ISPD,2,1.6493842348290213e-5,368.58009876238674,741.1244026568542,15.901053546910921,743.1601975247735,0.909901075,1.0,1.0019800782630437
IST1,2,0.002046516305086895,4104.3372565427835,8213.98141575307,34.26218494940776,8214.674513085567,0.679552325,1.0,1.0031837298553774
ITCH,2,0.0005393901618475348,2015.4630158181963,4034.6194148813843,36.41737236169833,4036.9260316363925,0.79356665,1.0,1.0027769022535824
ITFG2,2,0.0009459342010123019,2635.458662470341,5274.911830843941,37.86376983638891,5276.917324940682,0.741265025,1.0,1.0018779383640681
ITFG3,2,0.00028467250337077787,2721.424856061586,5455.628434539899,37.915526926890685,5448.849712123172,0.701345675,1.0,1.0026189136572137
ITGA10,2,2.988130777896506e-5,180.09148735030922,364.93008186456706,10.629635589425858,366.18297470061844,0.938078,1.0,1.003548817706475
ITGA11,2,2.3849362499115466e-9,6.332005743515156e-6,1.5458042418984923,1.2344615281051357e-19,6.0000126640114875,0.98240835,1.0,1.002669876746532
ITGA1,2,9.625065843589588e-5,292.54758274545736,588.4304250223971,14.075613174279724,591.0951654909147,0.921950725,1.0,1.0028166037581312
ITGA2,2,0.00042578262109126147,2970.0474368070913,5946.473172489176,38.150658484998615,5946.094873614183,0.69637755,1.0,1.0096973850827522
ITGA5,2,0.00013498629521873417,1307.958871575663,2619.2280373087924,31.171631593267694,2621.917743151326,0.831447225,1.0,1.0042057923153045
ITGA6,2,0.00048445323031491404,2790.837966915733,5605.38064531031,38.35997947970441,5587.675933831466,0.6930781,1.0,1.004290537852795
ITGA9,2,2.877699506280228e-6,66.42111169288077,135.42932864773152,6.011085603691879,138.84222338576154,0.96218185,1.0,1.0041464719518784
ITGAE,2,0.006085337528579251,7146.536794157583,14305.595160526105,20.391574487620957,14299.073588315166,0.48577425,1.0,1.0042451624425721
ITGB1BP1,2,0.003342508222463777,7327.537206536889,14667.042672997244,17.103681913612775,14661.074413073778,0.467834325,1.0,1.0041213548044208
ITGB1BP2,2,6.975594308325471e-6,97.13610520254612,220.67577935143976,7.450002904938222,200.27221040509224,0.95404545,1.0,1.0024079678547961
ITGB3BP,2,0.003308746470558114,4982.101576964259,9997.321090095807,34.82294368482861,9970.203153928518,0.5879931,1.0,1.0021128267217376
ITGB4,3,0.0014388553864641072,3406.14284300674,6873.129995574818,37.815313585235224,6818.28568601348,0.651942625,1.0,1.0029397693247155
ITGB6,2,1.2833002490690283e-6,46.71354192420594,97.61838574315816,4.9493254967635,99.42708384841188,0.966899875,1.0,1.0032049033244015
ITGB7,2,1.2777524448397344e-6,46.71352719478571,95.68207466202351,4.953590287405705,99.42705438957142,0.967936125,1.0,1.0047455383763977
ITGB8,2,3.532668683403014e-6,424.59140258478664,854.5872764111708,17.332170177014646,855.1828051695733,0.9020331,1.0,1.0026901953052525
ITGBL1,2,5.677003182067643e-7,32.76421128702646,67.95401263774286,4.108656851233105,71.52842257405293,0.97129495,1.0,1.0038066060530282
ITPA,2,0.002931545590456308,6879.512341198628,13772.128889438303,17.400790979562736,13765.024682397256,0.497355,1.0,1.0134336370009887
ITPK1,2,0.00018972332016488957,2183.943343755886,4373.686052609978,36.98814265116886,4373.886687511772,0.751550075,1.0,1.0052237675158744
ITPKA,2,0.0001343386368591136,1198.3928145431405,2400.2967916710027,29.920801304806282,2402.785629086281,0.834683875,1.0,1.003198937673192
ITPKB,2,4.46773999781721e-6,347.1271825057999,697.199524733309,15.431777316757262,700.2543650115998,0.915826375,1.0,1.001953322788988
ITPKC,2,6.272923124388011e-5,943.8084025113841,1890.755579175657,26.666858382522378,1893.6168050227682,0.873698875,1.0,1.0023796190927332
ITPR1,2,1.0303728235507834e-5,545.3108219858393,1093.7502429793483,19.922582065637783,1096.6216439716786,0.892331075,1.0,1.0021693602147619
ITPR2,2,0.00033341637845863824,1659.7224762109472,3323.6489352208555,34.25961669794013,3325.4449524218944,0.7988296,1.0,1.0029753526211647
ITPRIPL1,2,0.0003861272128246178,513.027443435642,1029.3389602256163,19.419351331584963,1032.054886871284,0.905733775,1.0,1.0059736737122442
ITPRIPL2,2,0.00035200028049974636,2784.2497707496254,5573.170819859613,38.25274352754694,5574.499541499251,0.745129775,1.0,1.0072672147354063
ITPRIP,3,1.6846198609293905e-5,567.8793209984989,1138.6687396914986,20.470683334503864,1141.7586419969978,0.904612375,1.0,1.0035019339687992
ITSN1,2,0.0008685651572947918,3555.6906176039734,7116.920178793164,36.601524477939435,7117.381235207947,0.682436675,1.0,1.001905303741688
ITSN2,2,0.0020501317980360038,4065.9348488181886,8137.784756852112,34.50053267624935,8137.869697636377,0.67953665,1.0,1.003747756210118
IVD,2,0.0015664096649831863,4072.9374133463425,8159.916334040221,33.48757066114346,8151.874826692685,0.634185425,1.0,1.0081733859275572
IVNS1ABP,2,0.0007211092115563901,2525.128843526197,5055.633914938109,38.01765029787952,5056.257687052394,0.7422926,1.0,1.0049791638366112
IWS1,2,0.0006167125972974897,4609.689697619258,9223.835186452727,31.460127870380404,9225.379395238517,0.65883365,1.0,1.0075964370613244
IZUMO1,2,6.962044550584757e-6,97.13606922793932,199.87133813106652,7.452044859351457,200.27213845587863,0.954428,1.0,1.0051763077101752
JADE1,2,0.0006700968341262271,2488.842582281976,4983.247386131317,38.263303315846386,4983.685164563952,0.745842575,1.0,1.0028709960307964
JADE2,2,0.00019745992570716309,1270.1175559736703,2543.8671600711955,30.68050957504302,2546.2351119473406,0.83818775,1.0,1.0033561649506606
JADE3,2,0.0006616469259797804,634.3981338737791,1272.3704339397334,21.870115189711022,1274.7962677475582,0.889065075,1.0,1.0021040677215536
JAG1,2,0.00010320620341706489,963.1360288381977,1930.00943758488,26.870075730675765,1932.2720576763954,0.8577787,1.0,1.002695613103704
JAG2,2,0.00012379251231678658,1249.380145314777,2502.3218385275973,30.534015599766665,2504.760290629554,0.831939475,1.0,1.0025095080738433
JAGN1,2,0.002078362964561859,7279.943350925946,14564.895117477121,16.272203630224883,14565.886701851892,0.53055805,1.0,1.0037727857007617
JAK1,2,0.0018606687548570332,6207.222982243371,12436.318700010796,20.323039706802717,12420.445964486742,0.498960775,1.0,1.0059584020165766
JAK2,2,2.997915204764175e-6,465.77942844124897,934.5645981300422,18.283117086688318,937.5588568824979,0.902223075,1.0,1.003871413860816
JAK3,2,5.636035960757919e-5,620.348251569206,1244.1242124708253,21.515368375411573,1246.696503138412,0.888255625,1.0,1.0027976262051408
JAM2,2,1.7393194709529325e-6,53.42006068468558,109.21932774644532,5.328040328870785,112.84012136937116,0.965616275,1.0,1.0045327769806338
JARID2-AS1,2,1.2818520971430892e-5,126.02525465633359,254.8655674868523,8.652132233449532,258.05050931266715,0.9492564,1.0,1.003846009772451
JARID2,2,0.0002566460421946449,2035.7017711295498,4076.144304634963,36.4161822595654,4077.4035422590996,0.77796405,1.0,1.003725608296557
JAZF1,2,2.060364063985661e-5,602.6000141883766,1208.448043225189,21.016526908077637,1211.2000283767532,0.88985065,1.0,1.0031124357387493
JDP2,2,7.003982971718903e-6,672.04490845395,1347.1172165245068,22.418857426168348,1350.0898169079,0.887906825,1.0,1.0025747067475064
JHDM1D-AS1,2,1.4956912879315596e-5,564.0684092303275,1131.2163699265238,20.393509854469315,1134.136818460655,0.89872465,1.0,1.0025934983229705
JKAMP,2,0.001325920239241326,5427.29686175492,10860.603814858003,25.026990067996387,10860.59372350984,0.601143625,1.0,1.0044366737028119
JMJD1C-AS1,2,6.523639528805199e-5,921.4021063880508,1846.2028393580283,26.32979913163398,1848.8042127761016,0.86124975,1.0,1.0029590722387742
JMJD1C,2,0.001147884614597878,6369.693962263733,12744.559985036198,20.250892016545848,12745.387924527466,0.60373405,1.0,1.0089424652153096
JMJD4,2,0.0007029251733533004,1818.3098803440603,3640.4862735471056,35.24023512014369,3642.6197606881206,0.811348725,1.0,1.0018494778821463
JMJD6,3,0.000472954495132728,4410.287376532394,8825.316495762749,33.00130496628146,8826.574753064788,0.661099125,1.0,1.0062833180999349
JMJD8,2,0.00276061920967137,5613.423179089568,11264.203986707855,26.672549589256608,11232.846358179137,0.53276365,1.0,1.004697152602397
JMY,2,0.00030234657062222194,3023.667885147703,6050.289146484197,37.600781706343994,6053.335770295406,0.767086725,1.0,1.0061408621818255
JOSD1,2,0.0017527976897995913,3089.6660616456456,6184.067251894934,37.87835704066781,6185.332123291291,0.701292,1.0,1.003919461019187
JOSD2,2,0.0033961811227648554,7287.716850331438,14595.447171555787,16.340186107027073,14581.433700662876,0.459363175,1.0,1.0039666975891566
JPH1,3,0.0002122067600797594,888.0157024601074,1780.690638168662,25.614021291622628,1782.0314049202148,0.851352175,1.0,1.010975967229312
JPH3,2,5.719693922834846e-7,32.764222621418135,67.76793448729737,4.114282754929734,71.52844524283627,0.971496125,1.0,1.004935022830025
JPX,2,0.00317199856671573,4020.1602046510907,8046.97770921736,34.577279984824656,8046.320409302181,0.6787059,1.0,1.0069265844679467
JRKL,2,0.0008372424429901095,2188.5307138891585,4379.870059856942,37.05054689339956,4383.061427778317,0.8192334,1.0,1.0023544821464854
JTB,2,0.00804091537563829,11069.289269127361,22148.10239889399,8.053857876809241,22144.578538254722,0.337050125,1.0,1.0110750722472734
JUNB,2,0.00816227926180166,11592.843881393812,23191.932434817674,7.557388694789898,23191.687762787624,0.37370025,1.0,1.002244245437937
JUND,2,0.0018413687966349925,5623.828973143131,11252.482717934983,27.930894606094018,11253.657946286263,0.5709449,1.0,1.0093431112876659
JUN,2,0.006372603966193186,9595.09002711043,19195.876612440003,16.904169895928504,19196.18005422086,0.460675625,1.0,1.0001597732448293
KALRN,2,4.354298663625436e-5,210.7699708044576,424.4709780044628,11.64374748496811,427.5399416089152,0.9352372,1.0,1.0060054812029466
KANK1,2,8.19647916477029e-5,953.5564367747869,1910.6528274178265,26.768976239559077,1913.1128735495738,0.86210425,1.0,1.0028734089959317
KANK2,2,0.0011820295904464882,1841.5059403855055,3688.6667285365793,35.341198911078116,3689.011880771011,0.77583255,1.0,1.0036530999067252
KANK3,2,0.00021895509237702701,2445.188984411455,4894.759817656393,37.753512153184126,4896.37796882291,0.74953705,1.0,1.0023769579667894
KANSL1L,2,2.6651766522469473e-6,493.9301815906987,990.8021412330065,18.909270184240146,993.8603631813974,0.903496975,1.0,1.0018012306455324
KANSL2,2,0.0001375131938485091,2408.2435824373847,4819.949947897757,37.595285988211295,4822.487164874769,0.792715875,1.0,1.0031439779167215
KANSL3,2,0.00010085569483812654,1125.136759702927,2254.37454368899,29.06815733008968,2256.273519405854,0.836570625,1.0,1.0036094453605675
KARS,2,0.0031831921714489866,7130.382502431324,14269.600754017789,15.474473544581063,14266.765004862647,0.498546575,1.0,1.0059569989205357
KAT2B,2,3.415251533118482e-5,190.44416587837244,400.55526064184244,10.977371256904476,386.8883317567449,0.9355394,1.0,1.0051518316350474
KAT5,2,0.0013639523833417746,4545.055729756401,9094.784233233988,31.927039200355544,9096.111459512802,0.63086,1.0,1.0065076187810331
KAT6A,2,0.0008030788419772541,2096.960612934001,4196.777086577199,36.693554414078505,4199.921225868002,0.812206125,1.0,1.0019181945408964
KAT6B,2,0.0008134325849515628,3166.631762060717,6337.75894388633,37.565445565576766,6339.263524121434,0.742239475,1.0,1.0025684078070385
KAT7,3,0.0003759968998173529,3086.3245319520706,6177.095767192507,37.67107731306671,6178.649063904141,0.72151685,1.0,1.004491931678255
KAT8,2,0.0004513476669895789,2961.4629585562075,5926.859613940495,37.655172041787324,5928.925917112415,0.743792925,1.0,1.003090797082476
KATNA1,2,0.0007559716514080387,3193.7299415066077,6392.3056093636105,38.062108997974335,6393.459883013215,0.704223225,1.0,1.0020626164551938
KATNAL1,2,0.00043103123856079743,1675.6344721306025,3354.936290715883,34.3264633562019,3357.268944261205,0.802427025,1.0,1.0039073757615644
KATNAL2,2,2.71523046114373e-6,493.93031448356135,995.9359099438925,18.90474138347409,993.8606289671227,0.8919113,1.0,1.0012550937546512
KATNB1,2,0.00048036776160510433,2769.706710948405,5547.501965432039,37.98154507507277,5545.41342189681,0.702970025,1.0,1.0018326399928577
KATNBL1,2,0.0012049568581340782,4902.64475546029,9810.416991390599,30.33724120713589,9811.28951092058,0.620701275,1.0,1.0037544555554814
KAZALD1,3,0.0011727786590052776,1885.2432367251631,3775.9658852863313,35.603365536424775,3776.4864734503262,0.771453,1.0,1.0095420312279817
KAZN,2,0.0003868337024848821,2464.738854002888,4933.940607792975,38.0612275838646,4935.477708005776,0.745824425,1.0,1.0044669816567369
KBTBD11,2,0.0002953852996423154,461.0503721836211,925.5200317120007,18.277904544008955,928.1007443672422,0.904928775,1.0,1.0076450399614492
KBTBD2,2,0.0001930314187576921,1573.1214269353961,3149.2253501459954,33.673079646914026,3152.2428538707923,0.8404592,1.0,1.0027708325556337
KBTBD3,2,0.00014680371932571936,2866.470191716601,5735.960929782779,37.78317438783496,5738.940383433202,0.76375955,1.0,1.0066881223054995
KBTBD4,2,0.0006345205517514801,1902.0846873275968,3807.4109817734197,35.76599484903767,3810.1693746551937,0.802846925,1.0,1.0044226413623139
KBTBD6,2,0.00012772207056145797,1337.8197974487316,2678.505857322031,31.50155578303807,2681.639594897463,0.8479765,1.0,1.0038154135012227
KBTBD7,2,0.00016830284652936739,1275.351403216083,2553.938714082745,30.76893281881336,2556.702806432166,0.8533226,1.0,1.0041406854981145
KBTBD8,2,1.0260770367290597e-5,114.6502745451192,231.86992018746952,8.194720300093685,235.3005490902384,0.95206545,1.0,1.00256534826029
KCMF1,2,0.0007595429660866317,4685.834340655867,9377.18015730336,32.118620225419434,9377.668681311734,0.64547685,1.0,1.008945372651216
KCNA7,2,6.957712155733871e-6,97.13605772543099,196.78329127577067,7.453684132426058,200.27211545086197,0.956386675,1.0,1.0030724722935453
KCNAB1,2,1.2774282488571065e-6,46.713526334045376,96.423735942641,4.952651239580898,99.42705266809075,0.967023675,1.0,1.003268185784512
KCNAB2,2,4.396678758211425e-5,952.9273133670547,1909.8203751742362,26.849841351456625,1911.8546267341094,0.849854275,1.0,1.003124594649788
KCNAB3,2,1.879392808667651e-5,148.16263078895196,300.66896438982974,9.496507499443869,302.3252615779039,0.9441035,1.0,1.0037560434879595
KCNB1,2,6.887887859065849e-5,254.89064338660776,512.78540522683,12.998026144184163,515.7812867732155,0.92967955,1.0,1.00401197174862
KCNC1,2,1.7410767356049094e-6,53.42006535022323,109.2752896018724,5.327900136356751,112.84013070044647,0.9655086,1.0,1.0025875619676348
KCNC3,2,4.83290857599969e-6,324.72712125882674,652.89284443012,14.846422874292967,655.4542425176535,0.916145475,1.0,1.004387499584817
KCNC4,2,0.00014132403587023497,342.3553800814703,688.0292775369423,15.412383752951781,690.7107601629406,0.91658405,1.0,1.0028885051526908
KCND3,2,3.416295297150969e-5,190.43832080639942,384.0107115262221,10.979504740935493,386.87664161279884,0.937085975,1.0,1.0028113730604422
KCNE1L,2,8.870204632689009e-7,39.8395462601543,82.12402898328385,4.5500523443777015,85.6790925203086,0.969088075,1.0,1.0035275926052505
KCNE1,2,1.4253234366227356e-7,17.76840159559336,37.66563420891603,3.124222664846582,41.53680319118672,0.976321625,1.0,1.001802383594556
KCNE2,2,4.744158849177155e-9,1.2595741744565346e-5,1.3298202631210079,1.1441223993092332e-14,6.0000251914834895,0.982388825,1.0,1.002243931861197
KCNF1,2,2.4014619910982248e-5,164.3005161669138,331.3695292397128,10.081490473443221,334.6010323338276,0.94330155,1.0,1.0047384114616895
KCNG1,2,0.000683287608029527,2714.49507229374,5432.743099387883,37.901558255157795,5434.99014458748,0.75949475,1.0,1.004495855027117
KCNG3,2,9.088794486290968e-6,108.87613531197762,220.29921385019966,7.9558824090787,223.75227062395524,0.954061325,1.0,1.0025338988561012
KCNH2,2,0.00010389515606361534,802.0551658931381,1608.8775066638593,24.37635940564414,1610.1103317862762,0.85936505,1.0,1.0016557557131598
KCNH3,2,0.00020164497703196202,1149.5784894843114,2305.364968516478,29.24620163871692,2305.1569789686228,0.825236575,1.0,1.0019006784863043
KCNIP2-AS1,3,3.870295220421962e-5,200.66770612107672,404.252321281935,11.317111891789022,407.33541224215344,0.93643425,1.0,1.0040017771904448
KCNIP2,3,0.00026992443641067263,444.69520552601125,899.3085814013817,17.90384587635717,895.3904110520225,0.897970275,1.0,1.0031313642929063
KCNIP3,2,3.639096554110723e-5,195.5715606570626,395.08344583288033,11.149305983292118,397.1431213141252,0.93551425,1.0,1.0041448301906002
KCNJ11,2,2.402394262970111e-5,164.29561999478338,331.32035573727626,10.08181895653116,334.59123998956676,0.94467425,1.0,1.0054504992576703
KCNJ12,2,0.00022630782909130687,1164.2509307972123,2332.7005191096964,29.411461983969925,2334.5018615944246,0.839789525,1.0,1.0019713902233112
KCNJ14,2,4.4845518447245355e-6,347.1272271412534,697.3550040953869,15.431908081121577,700.2544542825068,0.914424925,1.0,1.0019213803378149
KCNJ1,2,1.1699808267566644e-8,3.106299095038944e-5,1.7246798403951529,1.14412239957562e-14,6.000062125981901,0.9820011,1.0,1.0031782857837774
KCNJ5,2,7.987387757086051e-6,103.03945379303117,208.61437339134042,7.708713667898602,212.07890758606234,0.954757375,1.0,1.0016918362132963
KCNK13,2,7.198389361298982e-6,664.8703318405313,1332.7426319114336,22.28496058180003,1335.7406636810626,0.889296725,1.0,1.0028257225996562
KCNK1,2,0.00224005326003594,4018.1445618424655,8042.420724811531,35.11908687909448,8042.289123684931,0.658018,1.0,1.0027421226803592
KCNK3,2,2.2841687925491136e-6,59.98327965454008,122.56542296259975,5.678970075809055,125.96655930908015,0.963660675,1.0,1.0036653409804588
KCNK4,2,5.678777127820486e-7,32.764211758009054,68.97308698694593,4.107779365359907,71.52842351601811,0.970972725,1.0,1.0041520505556432
KCNK5,2,7.857660662014833e-5,269.1783777863426,541.3052323054002,13.414652240725935,544.3567555726852,0.9314817,1.0,1.0065048288951732
KCNK6,2,0.0002189784670489135,2751.400618324331,5506.099711787877,37.88417468624737,5508.801236648662,0.771379125,1.0,1.0047801060721082
KCNK7,2,8.199168807016844e-5,273.8859725533389,550.9492809023169,13.549596025279532,553.7719451066778,0.92549465,1.0,1.0025711811984146
KCNK9,3,0.00032731898191247765,1098.4926219250483,2201.7623583407667,28.504877376011393,2202.9852438500966,0.83201025,1.0,1.0011788264475117
KCNMB4,2,0.00046028318828823626,1690.5875673456417,3385.1718834821763,34.424793111052956,3387.1751346912833,0.79796575,1.0,1.0028191799690187
KCNN1,2,0.00014585536148910757,346.7816976437198,696.6658316166054,15.526813588407455,699.5633952874396,0.9216098,1.0,1.0014340278277456
KCNN3,2,5.97954214172276e-5,240.40705669479885,483.85022194728117,12.565432724159185,486.8141133895977,0.930822475,1.0,1.003465318365668
KCNN4,2,0.001748146472179729,3280.4111018785507,6565.329178854471,37.522290250350906,6566.822203757101,0.7005292,1.0,1.0028044677606869
KCNQ1OT1,2,0.0007868728185042865,3722.4238721324664,7449.814821093869,38.97510174670188,7450.847744264933,0.681201175,1.0,1.0054386902173449
KCNQ1,2,9.942579192955216e-5,1136.8790920059917,2284.474738547709,29.216065126475634,2279.7581840119833,0.823284925,1.0,1.0027661074637406
KCNQ3,3,1.7416805780454527e-6,53.42006695342491,109.30797762758498,5.3281290402637795,112.84013390684981,0.96544765,1.0,1.0040243083236882
KCNQ4,2,3.871734799196053e-5,200.6614903134678,404.1727987014729,11.317457245868136,407.3229806269356,0.937357425,1.0,1.0035655241218961
KCNRG,2,0.0004107635970664743,810.0908290093653,1623.6652816363398,24.91227818840804,1626.1816580187306,0.879166525,1.0,1.00348514915546
KCNS3,2,0.0003997609150341119,1523.3151334443983,3051.8400725706215,33.08118170494179,3052.6302668887965,0.798678925,1.0,1.0039174727240092
KCTD10,2,0.0007685190073805458,2086.4637092331864,4175.893116726991,36.66351641973137,4178.927418466373,0.8032593,1.0,1.0082959406962915
KCTD11,2,3.714288166663444e-5,835.8886690697436,1674.8041475915745,25.081291799795114,1677.7773381394873,0.875275175,1.0,1.0026899836906071
KCTD12,2,9.089558991535042e-6,108.87613734173904,220.4908758229239,7.955240577639859,223.75227468347808,0.9524588,1.0,1.0026282751145679
KCTD13,2,0.0009571624723536869,2352.2571812764686,4710.968734159146,37.59789988788773,4710.514362552937,0.727531325,1.0,1.0038607010450231
KCTD15,2,8.600788394296196e-6,613.6101537147682,1231.6544863014537,21.299550469119698,1233.2203074295364,0.88054445,1.0,1.002708565137797
KCTD16,2,1.8788847538784404e-5,148.1626173000973,299.08830379551443,9.49756919192853,302.3252346001946,0.945606575,1.0,1.0017279500840455
KCTD17,2,0.0005634027714325454,1720.597981983952,3451.825092527168,34.60102185489345,3447.195963967904,0.774396075,1.0,1.0034386403005269
KCTD18,2,0.00027162888419089216,1504.1332103042366,3011.648750963693,32.992000148477075,3014.2664206084733,0.8179968,1.0,1.003537611821188
KCTD1,2,6.735559281672489e-5,902.0747476027549,1807.5762492696326,26.03294867803716,1810.1494952055098,0.86486815,1.0,1.00195948385354
KCTD20,2,0.00027071204064237753,2324.7192567488323,4653.5974727636185,37.422711468640216,4655.438513497665,0.770961075,1.0,1.0012159797986488
KCTD21-AS1,2,8.897812600901983e-5,283.25678890443453,569.4933598331011,13.816003884939326,572.5135778088691,0.929326425,1.0,1.0030052220561347
KCTD21,2,0.00011161417400319894,310.91174387410905,624.8387690528637,14.579610646449293,627.8234877482181,0.92753665,1.0,1.0021428502060075
KCTD2,3,6.088567169202818e-5,1121.1889204911274,2245.4820530866073,29.10353531725113,2248.377840982255,0.84805575,1.0,1.0038583476927536
KCTD3,2,0.0005758131043612748,3223.955114368684,6453.304633965253,37.60569994999325,6453.910228737368,0.70166645,1.0,1.0061267042339992
KCTD5,2,0.00031265895210924946,2732.1216037913787,5467.9734871862765,37.862121644119505,5470.243207582757,0.7504434,1.0,1.0026013715730158
KCTD6,2,0.000969608020551181,1891.4932867632763,3787.2083429220866,35.66190065667212,3788.9865735265525,0.812916175,1.0,1.0019361935095599
KCTD7,2,1.663952830700946e-5,364.1823962750454,732.3426623144073,15.79186437164283,734.3647925500908,0.910827475,1.0,1.002441141168446
KCTD9,2,0.000960734372742591,2837.091995055654,5680.48566141877,38.39108114715397,5680.183990111308,0.6962873,1.0,1.0007717270728016
KDELC1,2,1.9054592199971042e-5,639.7632402585214,1282.8553491621162,21.736608480136216,1285.5264805170427,0.880914575,1.0,1.002488650815664
KDELC2,2,0.0002600223234163959,1284.4996141374897,2584.3984895742656,30.776662306493424,2574.9992282749795,0.808445725,1.0,1.0048239982229838
KDELR2,2,0.005547140894608248,10089.698613506658,20190.456958843257,9.433526452448353,20185.397227013316,0.35761895,1.0,1.0052736886875893
KDELR3,2,0.0010092044987915591,4999.338992162609,10009.772588472271,29.508643502589123,10004.677984325219,0.58839085,1.0,1.0042609148149382
KDM1A,2,0.00257752139399264,5777.352632716395,11561.563452488517,23.18715573510172,11560.70526543279,0.568918475,1.0,1.0095488991179442
KDM1B,2,0.00023296080976056328,1355.8462237808844,2719.670959855277,31.569938578821784,2717.692447561769,0.805410375,1.0,1.0028464317999175
KDM2A,2,0.0001890348878310011,2381.2221605062778,4765.709575570418,37.5243432078111,4768.4443210125555,0.79326695,1.0,1.0014833010715034
KDM2B,2,0.000762073711547549,1908.0364452053723,3819.8266797558617,35.771546562187005,3822.0728904107445,0.794227975,1.0,1.0045280863114223
KDM3A,2,0.00042254150051869384,1902.6482847740049,3808.4828190665116,35.86614745773858,3811.2965695480098,0.816370475,1.0,1.00255295923277
KDM3B,2,0.0009427686971012868,3614.9981705907035,7235.424750501271,35.94553284003133,7235.996341181407,0.671804725,1.0,1.002281792068765
KDM4A,2,0.00020749259233615317,2655.0764105366397,5314.5819768379,38.04148196051722,5316.1528210732795,0.743063975,1.0,1.0024283366719815
KDM4B,2,0.0005679104635739082,1577.9530295430036,3160.5447714127627,33.50082506896921,3161.906059086007,0.802269125,1.0,1.0036468377230723
KDM4C,2,9.308941562388782e-5,1031.6695175136183,2066.850370952594,27.851152996842334,2069.3390350272366,0.846842675,1.0,1.0021343545663657
KDM4D,2,3.154722859202655e-5,419.4336802107965,842.8440977035077,17.066842310991923,844.867360421593,0.905138875,1.0,1.002418904128749
KDM5A,2,0.0007942691993043458,3563.3853661455155,7130.744653867995,36.17029884331888,7132.770732291031,0.73062375,1.0,1.0036863295033505
KDM5B,2,0.0011936456032091173,4928.424960212501,9861.376361238867,30.252521694552772,9862.849920425002,0.655452975,1.0,1.0057287239592816
KDM5C,2,0.0003304517236556363,1754.8745826914571,3513.414450706809,35.0415425266894,3515.7491653829143,0.810693375,1.0,1.0052633420690356
KDM6A,2,0.00018393096253970678,969.1983946252436,1942.6540410320201,26.850419411345495,1944.3967892504872,0.852030425,1.0,1.0006870565829624
KDM6B,2,0.0005823249415905494,2422.0695931442474,4848.879206024827,37.7650143478142,4850.139186288495,0.76526355,1.0,1.002365862466632
KDM7A,2,0.00037072692079785234,1426.7598264124238,2857.713733678091,32.203160620883644,2859.5196528248475,0.818067575,1.0,1.001816096695785
KDM8,2,5.688900415269938e-5,235.53870784294537,474.0125408552825,12.417453235240458,477.07741568589074,0.934263825,1.0,1.0031196489789782
KDR,2,2.3824400244600044e-9,6.3253782649413115e-6,1.3501124108045681,8.090167070825272e-15,6.0000126507565295,0.98224345,1.0,1.001708703250125
KDSR,2,0.0011506330983671908,4865.900321321607,9736.859333882088,29.11391562566158,9737.800642643215,0.60685615,1.0,1.003998426910873
KEAP1,2,0.0014643589782874378,5350.540860228127,10705.575641490042,25.68318715247587,10707.081720456254,0.615454025,1.0,1.0113045011026136
KHDC1L,2,0.001858311038460777,3069.8909757325705,6162.0630332075225,38.54722712868768,6145.781951465141,0.67762285,1.0,1.0029314976751704
KHDC1,2,0.00011624625848684973,2505.825362138856,5015.435225569147,37.75963947544997,5017.650724277712,0.7571645,1.0,1.002583142553561
KHDRBS1,2,0.003878258465442577,9470.665533849391,18960.911468662965,10.44711607278421,18947.331067698782,0.3819993,1.0,1.016557607402046
KHDRBS3,3,0.00016646846639051935,2526.5976019843342,5058.193518756627,37.837752170845214,5059.1952039686685,0.7350671,1.0,1.003597625651155
KHK,2,0.0006292670639578399,1856.5439645881936,3716.8813428055887,35.49263439089664,3719.087929176387,0.791228125,1.0,1.0060641582903693
KHNYN,2,0.00042483489139740415,1904.1547192570695,3811.6381607829294,35.89558254799352,3814.309438514139,0.81261705,1.0,1.0063510721200641
KHSRP,2,0.0004983344908201759,4344.178304281978,8696.815482355069,34.448349204066496,8694.356608563956,0.625376125,1.0,1.0045821492938474
KIAA0020,2,0.0015208198267183729,5080.849776731341,10167.059313135684,29.479118136858734,10167.699553462682,0.61888775,1.0,1.003135462884307
KIAA0040,2,0.0007258694986581629,1670.087344646008,3344.6402908783884,34.20346816639281,3346.174689292016,0.8073881,1.0,1.0022335193600593
KIAA0100,2,0.0006171741377746734,1704.0442521621585,3415.446112655925,34.46576350751259,3414.088504324317,0.779131825,1.0,1.0025848968015894
KIAA0101,2,0.027313219717462,12126.131593153053,24368.20409819747,11.63206047459415,24258.263186306107,0.434427375,1.0,1.0037154698757165
KIAA0141,2,0.00011350263205011067,2408.6699670685266,4833.960122071021,37.59728504846769,4823.339934137053,0.718748425,1.0,1.0029445212433978
KIAA0196,3,0.0010135174938401097,2137.8747608874555,4281.214829622858,36.84232250665611,4281.749521774911,0.758675725,1.0,1.0044879048747477
KIAA0226L,2,4.2959813259989635e-6,78.97397461356974,160.37722312890878,6.6259787718263,163.94794922713947,0.959688225,1.0,1.003957817674202
KIAA0226,2,5.121417948544263e-5,1049.146579995389,2101.237932113743,28.18210890956716,2104.293159990778,0.86020385,1.0,1.0039737771651749
KIAA0232,2,0.0007201087696092508,1953.9016252313997,3910.9688566835716,36.02601324896495,3913.8032504627995,0.814107875,1.0,1.0030243856704395
KIAA0247,2,4.110810558564798e-6,373.47108152098207,749.8294331693855,16.09920756800725,752.9421630419641,0.913655425,1.0,1.0053679999471263
KIAA0319L,2,0.0007823132866304776,2115.627976881581,4237.153096756591,36.7840825481477,4237.255953763162,0.7606202,1.0,1.0034261863605056
KIAA0319,2,5.998758374283982e-6,91.16117116820396,185.8611170566238,7.187771662629951,188.32234233640793,0.955980225,1.0,1.003163446910021
KIAA0355,2,0.0006659357895071521,2465.643332326715,4935.838610770037,37.816173685228186,4937.28666465343,0.74918645,1.0,1.005690576598183
KIAA0368,2,0.000600632820969823,2033.5473396933576,4070.683448914299,36.54900823147802,4073.094679386715,0.79871375,1.0,1.0045671378835102
KIAA0430,2,0.00015635200121090774,1260.6903147600015,2525.4321697523064,30.824248433888997,2527.380629520003,0.83835395,1.0,1.004261377660379
KIAA0513,2,4.918215324749222e-6,320.19511590243656,643.4936900355854,14.729504570989127,646.3902318048731,0.918540925,1.0,1.0018572278668105
KIAA0556,2,2.444203729119046e-5,525.660813738332,1055.3588763371602,19.440159149879406,1057.321627476664,0.890563625,1.0,1.0025825512920532
KIAA0586,2,0.0011323022061268655,2028.1097116965134,4060.7188940490273,36.35829483908126,4062.219423393027,0.7762579,1.0,1.0051403224708415
KIAA0753,2,1.92215586186417e-5,636.0831699048367,1275.2956294236785,21.667131212335928,1278.1663398096734,0.885946925,1.0,1.002565024101537
KIAA0754,2,6.9576401519492475e-6,97.13605753426094,197.38502104764294,7.452436922714312,200.27211506852188,0.954833425,1.0,1.0035546847412085
KIAA0825,2,5.1335448015146346e-5,225.7109165046422,454.40570906424324,12.114959430770833,457.4218330092844,0.93355395,1.0,1.002157648368241
KIAA0895L,2,0.0004240844356756148,1621.8220186645465,3249.522328690167,33.90442303156545,3249.644037329093,0.790226075,1.0,1.003842108509997
KIAA0895,2,2.796822132817473e-5,958.6344189624022,1920.2357241285026,26.990400300271336,1923.2688379248043,0.87173535,1.0,1.005638101257669
KIAA0907,2,0.00034545644127061023,3000.2337120046177,6005.602535835187,37.874712265183994,6006.467424009235,0.704739375,1.0,1.0022840623076268
KIAA0922,2,0.0001640403578273638,1028.935851314822,2061.075371682722,28.055216077943406,2063.871702629644,0.86742965,1.0,1.0037881836548295
KIAA0930,2,0.0006357309441426772,1901.8684891711837,3808.127608293582,35.76470692101314,3809.7369783423674,0.77946275,1.0,1.0030243421712852
KIAA1024,2,1.2779010623537122e-6,46.71352758936521,95.76246601701764,4.95492947695593,99.42705517873043,0.967658425,1.0,1.0015383959185098
KIAA1033,2,0.0001475790009727825,2358.9924326115965,4723.41004179067,37.54797576080057,4723.984865223193,0.741396875,1.0,1.005481277096081
KIAA1045,2,5.681779943499832e-9,1.5085125749992054e-5,1.8735116979548927,8.090167070589817e-15,6.0000301702515,0.98207805,1.0,1.0033217232094622
KIAA1107,2,4.542262177006359e-6,342.6808994702275,688.310870237705,15.319527780986991,691.361798940455,0.91777175,1.0,1.0020195458285361
KIAA1109,2,0.0008430521112576612,2182.798701052536,4369.144932932186,37.034921090521486,4371.597402105072,0.78392995,1.0,1.001642501206618
KIAA1143,2,0.002543741116381265,5403.468970509213,10811.442782384078,26.56616481494191,10812.937941018426,0.593634325,1.0,1.005188507327534
KIAA1147,2,0.00018182069426058662,1107.9885361454947,2221.5152679173216,28.740500638993485,2221.9770722909893,0.82976465,1.0,1.002214145847873
KIAA1161,2,0.0003085503659189913,469.16152658351695,941.9937437965596,18.459761493543905,944.3230531670339,0.901128125,1.0,1.0017874724569706
KIAA1191,2,0.000488099582551524,3526.0645829840123,7057.532777961236,36.068633825296146,7058.129165968025,0.687430575,1.0,1.0117437110673102
KIAA1211L,2,3.551854812308677e-5,380.6679431764427,765.6422457926224,16.131370288322035,767.3358863528854,0.908889825,1.0,1.0022862438689302
KIAA1211,2,8.274408045810413e-6,689.928013711136,1383.2218932050632,22.748745892862278,1385.856027422272,0.87925795,1.0,1.0028141747791561
KIAA1217,2,7.112260924817581e-5,887.1971295834544,1777.6449814720447,26.02064776434352,1780.3942591669088,0.87235925,1.0,1.0032204555640465
KIAA1244,2,1.864219819402795e-5,650.7569554416732,1305.189634798651,21.945030559973922,1307.5139108833464,0.877631925,1.0,1.0036179368482832
KIAA1257,2,0.000784069079049231,1830.4574588613393,3665.185714851152,35.305645385373104,3666.9149177226786,0.794171725,1.0,1.006197320944049
KIAA1279,2,0.0011624335585130423,3120.415757738196,6245.48812177414,37.55408236015962,6246.831515476392,0.7066217,1.0,1.00314229711432
KIAA1324L,2,9.162115604236961e-5,1309.4195016149713,2622.209500156443,31.26239601642733,2624.8390032299426,0.836246925,1.0,1.002260191172823
KIAA1324,2,1.536652990797987e-5,394.64646735725347,793.7474972894539,16.542518833420914,795.2929347145069,0.9061807,1.0,1.00409670227948
KIAA1328,2,5.256656671055666e-5,1037.0231023399404,2077.164928988832,28.013918627570643,2080.0462046798807,0.854870375,1.0,1.003167411170354
KIAA1377,2,0.00043638588058264653,1365.0291946589614,2734.890036392693,31.55105328801941,2736.058389317923,0.81422575,1.0,1.0014554976914238
KIAA1407,2,0.0005890992869430455,1798.3794746378558,3600.4321945636557,35.1412042790636,3602.7589492757115,0.7969997,1.0,1.0041653962879984
KIAA1429,3,0.0008769900944241128,4301.450277736834,8606.740212801149,32.10394481221067,8608.900555473669,0.673218875,1.0,1.003592562057127
KIAA1430,2,0.00231593711425386,7746.836546211609,15498.47297502792,15.51961002116978,15499.673092423218,0.463755625,1.0,1.0064161685631752
KIAA1432,2,4.510448415106106e-5,945.3667302108,1893.9601702474977,26.849394131310394,1896.7334604216,0.868327825,1.0,1.0009218049363526
KIAA1462,2,0.00047743081524600996,1521.192924926509,3046.7544783374155,33.038458833695955,3048.385849853018,0.8083,1.0,1.0064870930061034
KIAA1467,2,3.7448301248145473e-6,411.9942927413601,844.2755745722776,17.02992146586593,829.9885854827202,0.9014968,1.0,1.0042579929103137
KIAA1468,2,7.604054431458562e-5,638.7523183013732,1281.291464866145,21.86915021983179,1283.5046366027464,0.881720375,1.0,1.0024519845333917
KIAA1522,2,0.0003103156502198864,1404.9691454519598,2814.230486587083,32.01858858221988,2815.9382909039196,0.8123157,1.0,1.0062975762124127
KIAA1524,2,0.0013118736147400144,2146.461025701038,4299.357150873792,36.97068523300123,4298.922051402076,0.7563153,1.0,1.0014458902714023
KIAA1549L,2,8.899643416482773e-7,39.83861147922176,82.49282425384649,4.54701799550797,85.67722295844352,0.969166125,1.0,1.0023171631391885
KIAA1549,2,1.3500557510778487e-5,436.9668903512388,877.2783066510514,17.549828837835182,879.9337807024776,0.908120525,1.0,1.0026116996159742
KIAA1551,2,0.0004486486620372307,2149.1836379571414,4302.94358484356,36.90585905056723,4304.367275914283,0.7727198,1.0,1.003205207182401
KIAA1586,2,0.0006148742328842537,2671.319619539593,5347.225143416086,38.00832794630747,5348.639239079186,0.758194775,1.0,1.005193718158509
KIAA1598,3,0.0025663434562978138,6507.711847398774,13024.472819102983,20.660973180948154,13021.423694797548,0.515431325,1.0,1.0037923615510091
KIAA1614,2,1.2818898765176649e-5,126.02525565937597,254.74167072579584,8.652387411229915,258.05051131875194,0.94963435,1.0,1.0018000948623043
KIAA1671,2,7.176728412251633e-5,862.7693559705085,1729.2666170828834,25.41489428125243,1731.538711941017,0.861486975,1.0,1.0018775933555495
KIAA1683,2,9.257858373813395e-5,287.9119904143961,578.9071616382819,13.946907950858645,581.8239808287922,0.92548995,1.0,1.0039700123588864
KIAA1715,2,0.0007182660859440585,1802.0386331742973,3609.2829256257837,35.127246733601424,3610.0772663485945,0.779084,1.0,1.0022773689035291
KIAA1731,2,0.0007458422069693305,2579.7304285804244,5164.35740617069,38.49598846037783,5165.460857160849,0.735179875,1.0,1.006465679305995
KIAA1919,2,3.841762809970826e-5,819.1616065464882,1641.4533875202296,24.80734516419015,1644.3232130929764,0.873082975,1.0,1.004154131624237
KIAA1958,2,0.00010278073131073428,966.3438949264518,1936.5106100687485,26.916278987260693,1938.6877898529035,0.853660325,1.0,1.0014965965053786
KIAA2013,2,0.0006994580930973655,4135.516172829865,8275.95178706115,34.53590013525035,8277.03234565973,0.6343929,1.0,1.0035976900862242
KIAA2018,2,0.0007210995963369955,2000.120477205515,4003.2883266879,36.269211222281086,4006.24095441103,0.8065117,1.0,1.0053890027200476
KIAA2026,2,0.0013759410975001558,2822.929239400284,5650.437060712848,37.95691242635305,5651.858478800568,0.74913865,1.0,1.005570036048868
KIDINS220,2,0.0005183190851970687,1605.251341024047,3227.7875480817374,33.72147492822754,3216.502682048094,0.78006975,1.0,1.00240282926206
KIF11,2,0.0017005733293976829,1338.352543821419,2684.0396258739306,30.928768997510947,2682.705087642838,0.813819475,1.0,1.0071387844907171
KIF12,2,6.338564507756395e-5,964.2025064725327,1932.3300992817794,27.128983695915405,1934.4050129450654,0.8536783,1.0,1.00202034066198
KIF13A,2,0.00023991831272211593,1328.728317602482,2661.309676591966,31.283610984650657,2663.456635204964,0.827162475,1.0,1.0039244788827435
KIF13B,2,0.00011779779315670791,1022.675375457095,2049.299634499951,27.685045531607823,2051.35075091419,0.844824,1.0,1.0067450300445842
KIF14,2,0.002062434493687303,1796.5322649127895,3601.873694583641,34.48186189654745,3599.064529825579,0.785698425,1.0,1.002432245612311
KIF15,2,0.0003054295979391546,1377.8896086875316,2762.262478692785,31.075019743026058,2761.779217375063,0.8126946,1.0,1.0029812950024175
KIF16B,2,0.0002825466785631645,1555.1437150422803,3113.458183878233,33.43670561379843,3116.2874300845606,0.8243438,1.0,1.0020850814983162
KIF17,2,1.2826257655296382e-5,126.02527519722925,254.90215076952748,8.651939975186785,258.05055039445847,0.9489706,1.0,1.0033935471806923
KIF18A,2,0.0029584778439678463,2512.164208221453,5030.0206007797415,38.67703378668391,5030.328416442906,0.743142625,1.0,1.0037113873423527
KIF18B,2,0.001124405063052472,951.2256786651651,1908.4687153474583,26.10584793121392,1908.4513573303302,0.848286075,1.0,1.0044594886961364
KIF19,3,5.40766436269805e-5,230.63763447905592,464.30438111866,12.266558668656579,467.27526895811184,0.9315503,1.0,1.0040043548722646
KIF1B,2,0.00016672736143481071,2715.7112032328446,5435.542915232901,37.95565666440517,5437.422406465689,0.748267825,1.0,1.00457627700181
KIF1C,2,0.001626610541014095,3200.2968476833294,6408.613541003963,37.72080822289508,6406.593695366659,0.672628925,1.0,1.0046415393350057
KIF20A,2,0.0025653857177975175,1760.137338103478,3528.098267068385,34.128315310741584,3526.274676206956,0.7884565,1.0,1.002283135403461
KIF20B,2,0.00929606391558682,4662.561428023984,9331.31388859886,42.487551872572645,9331.122856047969,0.658727575,1.0,1.0057062856438956
KIF21A,2,0.0014279094484677078,4799.005748724441,9602.400011451944,30.249333843163754,9604.011497448882,0.613106025,1.0,1.0085328640442688
KIF21B,2,7.85764815820865e-5,269.17837745436657,541.5272995137718,13.41423119318095,544.3567549087331,0.925536375,1.0,1.0019063030028763
KIF22,2,0.004842938613737695,5364.925416840354,10736.614704226873,37.58880758902899,10735.850833680708,0.602624575,1.0,1.0025902890680047
KIF23,2,0.00311807045420083,3443.7234230241957,6893.583221352771,41.99158993089187,6893.446846048391,0.6985606,1.0,1.000525561069661
KIF24,2,4.109039224391672e-5,205.7335547424413,414.3972107378567,11.481724581578419,417.4671094848826,0.935428775,1.0,1.0015351700393713
KIF26A,2,0.0001745514847077478,373.01963071046157,749.2757755421446,16.191675081368356,752.0392614209231,0.91426095,1.0,1.0041518765650823
KIF26B,2,3.197983698189506e-5,185.28449263277798,373.4974451990885,10.807105937127172,376.56898526555597,0.939091025,1.0,1.0037292027844404
KIF27,2,2.1622844244078127e-5,851.9951537228544,1706.9051905535605,25.400547907381508,1709.9903074457088,0.882174,1.0,1.0066191749188473
KIF2A,2,0.001492977145675685,4911.714671110003,9827.714536068679,29.35527096288261,9829.429342220006,0.621845725,1.0,1.0106504663648155
KIF2C,2,0.006368598632554625,2801.4375143243833,5610.780399014408,40.01707283174918,5608.875028648767,0.723891625,1.0,1.002189889070786
KIF3A,2,0.0010127879158185137,3717.541571866616,7440.140228049085,35.798988298971814,7441.083143733232,0.6904529,1.0,1.0041898346203768
KIF3B,2,0.0009135933738103802,2574.597687368867,5152.825228373488,37.806459562469016,5155.195374737734,0.75994755,1.0,1.0016583996043769
KIF3C,2,0.0001441265537945589,935.1964793288073,1873.8072479537823,26.755196584355687,1876.3929586576146,0.8673573,1.0,1.0053723463676645
KIF4B,2,1.7191871081959292e-5,142.69870949822808,302.82327499441914,9.291448829263699,291.39741899645617,0.9445901,1.0,1.0025541522693038
KIF5A,2,9.780527796274983e-5,519.2265312233004,1044.2273422414316,19.117614930236257,1044.4530624466008,0.889979875,1.0,1.0025427256990778
KIF5B,2,0.02099921499051255,9522.945747571022,19052.617123613516,11.530750894819358,19051.891495142045,0.4042303,1.0,1.0035637636693349
KIF5C,2,0.0011107292307233295,1908.0498797700586,3822.506230258435,35.731854340757835,3822.0997595401172,0.766237225,1.0,1.0020138256653162
KIF7,2,2.0959323176907857e-9,5.564700303469036e-6,1.2446007659518141,1.1441223993092332e-14,6.000011129400607,0.9823583,1.0,1.00151179407482
KIF9-AS1,2,4.758135222306509e-6,329.2414194180014,661.4925171635691,14.967728001082262,664.4828388360028,0.917804825,1.0,1.0037149116752113
KIF9,2,0.002594324108068541,5455.870477208284,10916.938629118355,26.314634869102633,10917.740954416568,0.584765625,1.0,1.0086809960973757
KIFAP3,2,0.001057931702237796,2049.0065234715426,4103.054257544348,36.4461077674525,4104.013046943085,0.7633797,1.0,1.0033168698712265
KIFC3,2,0.00010776036284773834,2526.872673326953,5064.550482436044,37.768780487784305,5059.745346653906,0.7231381,1.0,1.0084825080156263
KIN,2,0.0006540794018998252,3378.257718270575,6761.1394932681615,37.176935034199154,6762.51543654115,0.717317075,1.0,1.0023386466069968
KIRREL2,2,7.85769186838749e-5,269.1783786148718,541.5495114014593,13.414482389870173,544.3567572297436,0.92570755,1.0,1.00394223844042
KIRREL,2,6.272759321493789e-5,245.2664552219734,493.68048032709686,12.711187333435344,496.5329104439468,0.929300375,1.0,1.0038446248992947
KISS1R,2,0.0002833851805311064,987.3064111458585,1979.7125013302632,27.014600140626786,1980.612822291717,0.841052525,1.0,1.002427127853779
KISS1,2,1.0064041400432802e-5,552.5840954390732,1108.4174043143298,20.156344504150017,1111.1681908781463,0.893375675,1.0,1.0015760410135326
KITLG,2,0.0048394428533973305,5392.672782026471,10790.110396817443,33.05238487442971,10791.345564052943,0.577336775,1.0,1.0022396798495947
KLB,2,1.0375811348153691e-8,2.754777912934805e-5,2.7435747595432014,1.1441224035714212e-14,6.000055095558259,0.981903625,1.0,1.0025638928367027
KLC1,2,0.0017390650419857724,3596.8866162455165,7199.549332325902,36.16832419911062,7199.773232491033,0.686594725,1.0,1.0047792274541572
KLC2,2,0.0022601161299532256,2752.64022923224,5513.72881689948,37.9429659853583,5511.28045846448,0.711469575,1.0,1.0047574535432604
KLC3,2,0.00065889578706216,4899.834820706326,9808.882045166029,29.214588363360555,9805.669641412653,0.58526175,1.0,1.0058696438111765
KLC4,2,0.00020465166250682054,1347.4268770109202,2700.891009562987,31.509250363469402,2700.8537540218404,0.810711825,1.0,1.0023064214604922
KLF10,3,0.0009459611376907637,3010.1599190082793,6024.43891578936,38.336066429805726,6026.319838016559,0.722767275,1.0,1.009556040693126
KLF11,2,0.0004220351578978022,1133.6207060791144,2271.7115641668047,28.89532317412832,2273.2414121582287,0.836537275,1.0,1.0033296384953627
KLF12,2,0.00021275263473343137,1213.549983109855,2431.125498863423,30.01525559961309,2433.09996621971,0.835074725,1.0,1.001997087985927
KLF13,2,0.000595117597637608,3121.419038282803,6247.929288740745,38.06166573219173,6248.838076565606,0.697688825,1.0,1.0046016996511724
KLF14,2,3.8702780543316236e-5,200.66770566531702,404.1813870369045,11.317465809644517,407.33541133063403,0.9378066,1.0,1.0025274926065881
KLF15,2,2.8605022489056884e-6,477.89163781381706,958.6983774174871,18.55564755691795,961.7832756276341,0.904280075,1.0,1.0030249194139838
KLF16,2,0.00012625070299893243,1414.6200272905085,2832.4477455301517,32.31598434993101,2835.240054581017,0.837417975,1.0,1.0044292332870717
KLF2,2,0.006346713308200663,6578.226623227614,13162.185199460224,23.605046802592078,13162.453246455229,0.56744875,1.0,1.0015616630477469
KLF3,2,0.0021493627201570266,3683.381921524482,7371.363003962967,37.10456861573054,7372.763843048964,0.6947035,1.0,1.0082811607779394
KLF4,2,0.001035428820324791,1541.769221159732,3088.04594309821,33.09683869297618,3089.538442319464,0.810977175,1.0,1.0032455933713442
KLF5,2,0.0007007606842045054,2741.374613263354,5487.293395295687,38.6367118072814,5488.749226526708,0.733471025,1.0,1.0124042403959572
KLF6,2,0.005155573400759377,7647.627481027238,15300.65110784657,20.51740896194241,15301.254962054476,0.496613775,1.0,1.001474950311498
KLF7,2,0.0003145219902654846,1159.7813159984128,2322.7708511187025,29.73875643910745,2325.5626319968255,0.8649429,1.0,1.0069209035101063
KLF8,2,4.606992550593668e-5,215.77781936049055,434.5810185069561,11.80292806145534,437.5556387209811,0.933471275,1.0,1.0016718302116536
KLF9,2,0.000886141427625114,1710.0857596622823,3424.7908090269743,34.48620521081957,3426.1715193245645,0.80393385,1.0,1.0050986206979953
KLHDC10,2,0.0004196951267853169,1895.8189029022274,3794.6545654460488,35.81965299841843,3797.6378058044547,0.821245325,1.0,1.0043465529493658
KLHDC1,2,1.2818883218408728e-5,126.02525561809931,255.95130548397856,8.651511820018355,258.05051123619864,0.948519,1.0,1.002277643789919
KLHDC2,2,0.0023915130507340654,5150.811589953077,10306.199861003843,26.38599363190923,10307.623179906153,0.61893525,1.0,1.0078188975730125
KLHDC3,2,0.002688760859534592,5462.242955362194,10929.77624670414,25.935993569397517,10930.485910724388,0.5724519,1.0,1.0073385037776763
KLHDC4,2,0.00070424834417658,3414.2615189659273,6838.2505145474925,36.77141382871361,6834.523037931855,0.663589175,1.0,1.0056232833586998
KLHDC7A,2,1.4292435818479037e-7,17.768402636391915,37.649006670367825,3.144384322396555,41.53680527278383,0.9763039,1.0,1.0029503727709608
KLHDC8B,2,0.00021380145209066756,1411.8124591756698,2827.0313921716634,32.16331035757673,2829.6249183513396,0.823485775,1.0,1.0020527991285517
KLHDC9,2,5.026152380407323e-5,460.3370589243923,925.3606743984293,17.944565248092246,926.6741178487846,0.897796475,1.0,1.0023688048841055
KLHL11,2,2.5899592611658405e-5,169.6007794102645,341.9116868365138,10.268351860525,345.201558820529,0.943867325,1.0,1.0050704599885605
KLHL12,2,0.0006120836197190881,2022.3756670674757,4048.185714615454,36.41426926111697,4050.7513341349513,0.79029275,1.0,1.0033553402463338
KLHL13,2,4.043779800647383e-6,382.1309141053301,767.6742865494058,16.31153962600718,770.2618282106602,0.90864165,1.0,1.0042100668960496
KLHL15,2,5.17406466536674e-5,654.20185826075,1312.3032883854519,21.894349274759456,1314.4037165215,0.880382225,1.0,1.0030965688974318
KLHL17,2,4.0617760555969645e-5,1057.5246632698938,2123.8744060699937,28.344866962125494,2121.0493265397877,0.833635925,1.0,1.00263878932084
KLHL18,2,0.0005273030041270748,2900.2204242924945,5805.505605095487,38.474042791806866,5806.440848584989,0.72179675,1.0,1.0066416292208287
KLHL20,2,0.0004627929813097071,1619.7480205870042,3243.464660858287,33.88030631684797,3245.4960411740085,0.8039117,1.0,1.004308546709489
KLHL21,2,0.00018522842556079974,1207.5735111758424,2418.872896711786,29.970848313433024,2421.147022351685,0.84566225,1.0,1.002288867526673
KLHL22,2,0.00044804351081192506,544.1909979121707,1091.8520282184636,20.07524069711844,1094.3819958243414,0.897991325,1.0,1.0040387107466688
KLHL23,2,0.0023415233660422415,5921.819028808915,11848.674089868118,24.48297754206914,11849.63805761783,0.54638145,1.0,1.003590988228912
KLHL24,2,0.0008775971605531212,2115.1098988117196,4233.2490467870175,36.76136551234489,4236.219797623439,0.80151505,1.0,1.002669137317907
KLHL25,2,0.00015988007109232665,359.96785060484376,722.9762289076035,15.863949123886028,725.9357012096875,0.923699175,1.0,1.00516844765221
KLHL26,2,9.322793595228859e-5,869.3522031347921,1742.5983116973644,25.47804291435236,1744.7044062695843,0.865119975,1.0,1.0024400833306555
KLHL28,2,0.00017927162437304732,1514.9030423029178,3032.7825153001318,33.169291474540735,3035.8060846058356,0.836392475,1.0,1.0039024588584455
KLHL29,2,1.1079766023269513e-5,517.977216290567,1039.3740286791367,19.34501052611505,1041.954432581134,0.8925028,1.0,1.0031231883496512
KLHL2,2,0.00015747949871109166,2021.3740019354466,4048.207988709887,36.33651247209513,4048.748003870893,0.756416225,1.0,1.0067567910737447
KLHL30,2,4.295700233344217e-6,78.97397386726874,160.4038002136752,6.626585898058233,163.94794773453748,0.9594681,1.0,1.002524319261652
KLHL31,2,4.6068351155378464e-5,215.77781518058984,434.48535818995344,11.803288880731825,437.5556303611797,0.9349652,1.0,1.0024229835874316
KLHL32,2,4.866598808720515e-5,220.7578804794461,444.5045755542053,11.959868526512322,447.5157609588922,0.9335545,1.0,1.002310071706928
KLHL35,2,0.00107575202881858,1986.3546421199508,3977.558386929619,36.155923399318965,3978.7092842399015,0.7753051,1.0,1.002796066314245
KLHL36,2,0.00040464418793649667,2929.5843771113305,5862.903546852698,37.77446462552316,5865.168754222661,0.73401135,1.0,1.00343004661608
KLHL41,2,2.875703263152589e-6,66.41940844186827,135.2729054290378,6.0120096635261735,138.83881688373654,0.9623874,1.0,1.003201299280892
KLHL42,2,0.0005572824778829574,2576.8261149336536,5157.179573054763,37.8185671721765,5159.652229867307,0.762749375,1.0,1.0065141865088356
KLHL5,2,0.0009623401898678955,2130.8528719539595,4271.88418047776,36.80811017819071,4267.705743907919,0.750242025,1.0,1.003019331292772
KLHL7-AS1,2,1.5661154939679855e-5,137.18931829928283,277.05621891686127,9.085492174248788,280.37863659856566,0.947771125,1.0,1.0036092574087576
KLHL7,2,0.0009028334586999001,2094.2839047393622,4192.0153383844845,36.67199022832375,4194.5678094787245,0.78281215,1.0,1.0023345382101374
KLHL8,2,0.0002220162114857677,2896.856790393946,5797.636373159346,37.85219238814299,5799.713580787892,0.741878825,1.0,1.0019762816927638
KLHL9,2,0.0009483461730151671,2009.0673382119016,4021.791720498219,36.27267678052346,4024.1346764238033,0.8050546,1.0,1.0012148287068972
KLK10,2,0.0007141868114059085,1960.325762624751,3924.3663262910063,36.058218201009296,3926.651525249502,0.786581025,1.0,1.0023050894690453
KLK11,2,1.2774434144711961e-6,46.713526374310085,95.73079759773256,4.9557584080534856,99.42705274862017,0.96807325,1.0,1.0023422491578888
KLK1,2,0.00015878230419011106,1080.8748354815168,2166.4228247433193,28.414927847954477,2167.7496709630336,0.835247275,1.0,1.0032518417438168
KLK4,2,0.000184691786604467,381.64903141296827,767.4199250298398,16.40512313934019,769.2980628259365,0.9090145,1.0,1.0040814694569962
KLK7,2,0.0008457071221608324,1901.2031271183032,3842.1252539073243,35.677160122302325,3808.4062542366064,0.75268215,1.0,1.004648902056132
KLK8,2,0.0002937563786228485,2870.1263082040546,5745.315826177893,37.89037485425768,5746.252616408109,0.7159063,1.0,1.0014691727858922
KLKB1,2,1.1630517471838805e-8,3.087902388773203e-5,1.990896839372872,4.937846112420543e-19,6.000061758047775,0.98194685,1.0,1.0041918297542112
KLLN,2,5.139359336162399e-5,225.68944156529443,454.3484233950206,12.114574303678845,457.37888313058886,0.9330109,1.0,1.0039570844368118
KLRC1,2,1.2777064675713632e-6,46.71352707271606,96.8998657047433,4.950511784363718,99.42705414543212,0.9669345,1.0,1.0030922396788244
KLRC2,2,0.0006593142621358691,4290.870369997509,8589.273968019212,35.12648634603253,8587.740739995019,0.6321466,1.0,1.0046600733586655
KLRC3,2,1.878935702748583e-5,148.1626186527898,302.88871590605356,9.495960615055468,302.3252373055796,0.943910775,1.0,1.0023773606538
KLRC4,2,7.526418492470919e-5,264.44046486642856,533.1383153392155,13.276339334610586,534.8809297328571,0.9245559,1.0,1.0034694383672471
KLRD1,2,1.7387028138731613e-6,53.42005904746103,109.15192482181632,5.329161794217875,112.84011809492206,0.9658943,1.0,1.0021543107581232
KLRG1,2,3.813053239618011e-5,363.05116266235456,731.9885574467746,15.696300047965364,732.1023253247091,0.910148275,1.0,1.0034236273311021
KLRG2,2,4.2943715635626435e-6,78.97397033965046,160.78366585272116,6.626067507035334,163.94794067930093,0.959130725,1.0,1.0029408546497776
KMT2A,2,0.0020377976586997337,5398.58148223137,10802.261254682222,27.16356181217575,10803.16296446274,0.62821215,1.0,1.0051629534582092
KMT2B,2,0.00021614749791406109,1404.0337304055736,2811.369236306263,32.08305114050233,2814.067460811147,0.82732495,1.0,1.0039378404505799
KMT2C,2,0.0003581937211628382,1826.9062073493712,3656.7580242340964,35.431836905452776,3659.8124146987425,0.829981775,1.0,1.0034074686913137
KMT2D,2,0.00017470128076595067,1134.683202114153,2273.3913982102845,29.09125149387857,2275.366404228306,0.839894225,1.0,1.0022333525893863
KMT2E,2,0.002582494927680194,6415.488458721101,12835.5975311153,20.42046121731449,12836.976917442202,0.58427125,1.0,1.004151603517236
KNDC1,1,0.00014132278303757455,342.3553767551996,687.8320011889227,15.412325674777072,690.7107535103992,0.9202706,1.0,1.00188324967272
KNOP1,2,0.002986222444217173,5476.450856361535,10957.67980746533,26.897050142568162,10958.90171272307,0.602468525,1.0,1.00509694505718
KNSTRN,2,0.006551125016324985,3996.411020161227,7998.762542831217,42.94321288275585,7998.822040322454,0.68495465,1.0,1.00021312981014
KNTC1,2,0.00011703078761281151,675.1859307233022,1404.7424976751156,22.17197589730504,1356.3718614466045,0.86906115,1.0,1.001896776975696
KPNA1,2,0.0002675362893839941,3004.6417618971304,6013.7790339953535,37.742042542104464,6015.283523794261,0.717378425,1.0,1.005443804478851
KPNA2,3,0.0683599347255477,6969.552892103883,13948.800467010728,36.133276266974576,13945.105784207766,0.58189835,1.0,1.0040546251020335
KPNA3,2,0.0013138762481062535,3854.791029284905,7715.110518601188,35.161637408564545,7715.58205856981,0.6806656,1.0,1.0039052664589456
KPNA4,2,0.0007226950207268446,2947.5564281585503,5899.813809029992,37.98125663241021,5901.1128563171005,0.7074645,1.0,1.0056106075527962
KPNA5,2,0.00041414838395804047,2218.9958486987753,4441.755455408789,37.104034900505695,4443.9916973975505,0.777555125,1.0,1.00433859984407
KPNA6,2,0.00250706263637842,3840.2962249073867,7684.928747322061,35.054628925281484,7686.592449814773,0.689801575,1.0,1.0082657494002614
KPNA7,2,3.2149174573848777e-7,25.43621042001995,53.37676291161323,3.630972846317056,56.8724208400399,0.973574225,1.0,1.001483690765898
KPNB1,3,0.004481317138940043,7823.09639224572,15655.018695425775,15.024195399830466,15652.19278449144,0.48737855,1.0,1.0111519002508924
KPTN,2,0.0006273214997886405,2055.068630262937,4130.900199159507,36.642001639802814,4116.137260525874,0.750075025,1.0,1.0080420697077703
KRAS,2,0.0020761611594508397,6662.842262813056,13330.525333221809,18.6775677172686,13331.684525626111,0.560544325,1.0,1.0029011108405481
KRBOX4,2,0.0001959185667111384,1167.1541543551189,2339.8632825966356,29.46751496824753,2340.3083087102377,0.82436815,1.0,1.0021436393354959
KRCC1,2,0.0005359028801633589,3842.101979447035,7688.681954511148,37.082996097174906,7690.20395889407,0.6701206,1.0,1.0149380072112664
KREMEN1,2,0.0003526601171171937,1750.7850244722467,3508.0531319596603,34.91954249656756,3507.5700489444935,0.785588525,1.0,1.004205322496821
KREMEN2,2,0.0010173479840157292,2201.8696756147256,4407.169787764251,37.07743285284288,4409.739351229451,0.780457225,1.0,1.0019962200208452
KRI1,2,0.00016629951737507476,2384.964675364787,4774.478744811128,37.62130789811032,4775.929350729574,0.760040625,1.0,1.001394711597569
KRIT1,2,0.0008267826229855207,4007.3785169999883,8019.480693926563,35.58296098296436,8020.757033999977,0.636986125,1.0,1.0041457147493515
KRR1,2,0.005467478704767626,6715.88759527084,13437.379196496786,21.5052983171889,13437.77519054168,0.497568975,1.0,1.0051169757982499
KRT10,2,0.01135698393438416,11610.910290723861,23227.683577621992,7.48266437837029,23227.820581447722,0.337331275,1.0,1.0011901318609269
KRT13,2,1.278953715224097e-6,46.71239905578047,95.84338929721791,4.951146519336931,99.42479811156095,0.967458,1.0,1.0022805302542424
KRT15,2,0.0005592234918850539,1378.2158109980778,2762.7769097993696,31.62912908064098,2762.4316219961556,0.805195725,1.0,1.0032436742792676
KRT16,2,3.213234198320447e-7,25.43620997311467,53.311019511479394,3.637561841746539,56.87241994622934,0.973485275,1.0,1.0027949647493872
KRT18,2,0.019613364222844026,18435.389494541254,36884.30596102755,2.119170850763065,36876.77898908251,0.2350163696526288,1.0,1.0190866179787657
KRT19,2,0.014789056970354745,17182.335951344678,34376.4659156285,2.6735237280791844,34370.671902689355,0.26098926379640586,1.0,1.0064710647588908
KRT20,2,1.282562015821908e-5,126.0252735046745,255.4694957058092,8.651555555289338,258.050547009349,0.948600525,1.0,1.0027519167264325
KRT23,2,0.0010338539989611728,2444.954675662167,4895.881001058989,38.221336003261655,4895.909351324334,0.737329575,1.0,1.0036289511279706
KRT31,2,8.875707187165489e-7,39.83954772108251,81.96573741403664,4.551705365161879,85.67909544216502,0.96940795,1.0,1.0049095584298615
KRT32,2,0.0002577170839427034,436.43313976882195,876.205617494574,17.715500312120472,878.8662795376439,0.908455475,1.0,1.0018100927217939
KRT36,2,4.856107077910891e-9,1.2892964291853416e-5,1.3338437492060242,1.1441223993425315e-14,6.0000257859285835,0.982262925,1.0,1.0011933114076177
KRT7,2,0.0008934242046290945,1967.9319178962069,3941.277630669619,36.053954107499386,3941.8638357924137,0.75760955,1.0,1.0050372871026514
KRT80,2,4.6085452320563834e-5,215.7710341513096,434.4960920600521,11.802996049909776,437.5420683026192,0.934813775,1.0,1.002437278114163
KRT81,2,1.2892626066477271e-6,46.71355775426531,96.24134711506609,4.952367148597803,99.42711550853062,0.9670337,1.0,1.002304891932845
KRT86,2,3.550102529960198e-6,72.74762362222451,148.05683868316046,6.325563765084534,151.49524724444902,0.9607185,1.0,1.0013257780772826
KRTAP2-2,2,7.988885182809603e-6,103.03945776869647,208.7098271868658,7.7084346889151805,212.07891553739293,0.954041125,1.0,1.0030971844250482
KRTAP2-3,2,0.0003821935192409021,397.68131890576507,800.2711480459752,16.133405183768026,801.3626378115301,0.908318025,1.0,1.0020701979941722
KRTAP3-1,2,3.224875084933614e-7,25.435647717882556,56.6987249431661,3.6287862576918157,56.87129543576511,0.973147925,1.0,1.0023003395905172
KRTAP4-11,2,5.037487322516998e-9,1.337452884128263e-5,1.14724126848171,1.4012580407984354e-14,6.000026749057683,0.982689225,1.0,1.0023576035228725
KRTAP5-8,2,3.2022363502755985e-7,25.436207053186013,53.574869736260744,3.635423473318899,56.87241410637203,0.9734887,1.0,1.00158920381954
KRTAP5-9,2,1.1491073903229056e-8,3.050880121307314e-5,1.9530443391728252,8.090167070589817e-15,6.000061017602426,0.9820356,1.0,1.0030266250063313
KRTAP5-AS1,2,3.0961988530984947e-10,8.220407954976504e-7,1.2439515586818355,1.401258040798223e-14,6.000001644081591,0.982615025,1.0,1.0021820946186633
KRTCAP2,2,0.004941788470544313,8100.582916499798,16209.277966799244,13.271494152090867,16207.165832999595,0.471018975,1.0,1.0073968367583004
KRTCAP3,2,0.002101417454570116,8280.845385622895,16567.999865146423,12.92750724578607,16567.69077124579,0.433545325,1.0,1.0103873701097084
KRTDAP,2,0.0003357487752474298,485.25570368039513,974.4305405677292,18.816402453630154,976.5114073607903,0.897809575,1.0,1.0033165637109438
KSR1,2,3.474331799031323e-6,424.59124770035856,852.1205377205689,17.33597625717973,855.1824954007171,0.906952825,1.0,1.0019367778044936
KSR2,2,0.0003117064667210101,1399.5652315696543,2803.054258011371,31.96739556971783,2805.1304631393086,0.82625,1.0,1.0027460899843896
KTN1-AS1,2,0.0003365026570424509,1334.7965114729977,2673.867223661191,31.285063029706066,2675.5930229459955,0.828626875,1.0,1.0027800582099027
KTN1,2,0.006433975356384799,9913.570537582627,19832.702654615427,9.6934963513047,19833.141075165255,0.3835336,1.0,1.0072471229676563
KYNU,2,1.872421329973087e-9,4.971278631078546e-6,2.3248225981071164,4.937846112420543e-19,6.000009942557262,0.981991225,1.0,1.0043242105323629
L2HGDH,2,0.0001741498224632959,1357.7661047797553,2719.5470470630335,31.6531440281118,2721.5322095595106,0.8182851,1.0,1.0032709042231427
L3HYPDH,2,0.00011101592154137787,1195.1730160689908,2393.4115571649586,29.918379482383173,2396.3460321379816,0.85077095,1.0,1.0050638756700263
L3MBTL2,2,0.000877232347687716,1835.5073020928548,3676.4959095020995,35.31553547280768,3677.0146041857097,0.77669745,1.0,1.0031147847021984
L3MBTL3,2,0.0009327448725174134,1929.4066700099202,3863.128623477469,35.86783430989012,3864.8133400198403,0.784545125,1.0,1.0067180849864428
LACC1,2,1.902752322468027e-5,639.763168390392,1282.8794415749926,21.73640812165273,1285.526336780784,0.880907675,1.0,1.0036237688546534
LACE1,2,7.077543772769406e-6,679.2462508165535,1362.6736602202905,22.550500756781407,1364.492501633107,0.87554,1.0,1.0023510587060278
LACTB2,3,0.001994270005056364,5424.399247431267,10856.872916592583,25.54918328211141,10854.798494862534,0.557868,1.0,1.0067014638635399
LACTB,2,0.00010008538702639413,2610.0780700587093,5223.679672987477,37.84582683758827,5226.1561401174185,0.75559805,1.0,1.0037068178973438
LAD1,2,0.0011478072034754915,4246.860523627088,8498.340601903123,34.15076310154327,8499.721047254176,0.6280043,1.0,1.006899605132676
LAGE3,2,0.00748590587880681,9722.206837242937,19461.046268547085,10.31053843703689,19450.413674485873,0.38387385,1.0,1.0024129206134884
LAIR1,2,5.0042689009297406e-6,315.64506406944497,634.3719163243305,14.607413966275985,637.2901281388899,0.919213825,1.0,1.002756474104625
LAMA2,2,0.00016768239282207605,908.1781405124984,1820.802573392658,25.96561857369491,1822.3562810249969,0.852562125,1.0,1.0018575300993928
LAMA3,2,6.885239409994656e-5,254.89892907077257,513.2387271275858,12.997694300568051,515.7978581415451,0.92683225,1.0,1.0040822119796184
LAMA4,2,6.957471469344763e-6,97.13605708640863,198.998074640559,7.451944463391027,200.27211417281725,0.9545194,1.0,1.001922647374673
LAMB1,2,0.00014261793128389182,1277.6366733327777,2561.543726843936,30.82420336948546,2561.2733466655554,0.814623725,1.0,1.0021083220323916
LAMB2,2,0.0006217816507479637,1770.8419085124372,3553.141189093251,34.93760667381086,3547.6838170248743,0.768688225,1.0,1.003216242059183
LAMB3,2,0.0006331624100838796,1610.8226642358593,3226.4795445866475,33.75398568838174,3227.6453284717186,0.797086,1.0,1.0022252725981542
LAMC1,2,0.00033692022147038434,1790.9556098556986,3586.7669222711006,35.25354423983564,3587.9112197113973,0.798774575,1.0,1.0054598511554365
LAMC3,2,5.2707884686661625e-5,616.6747792509865,1256.330653412572,21.438866063448202,1239.349558501973,0.87557665,1.0,1.0048720362675578
LAMTOR1,2,0.003661846196464153,9411.646825474612,18833.02876468393,10.546472263969621,18829.293650949225,0.3895992,1.0,1.0047032891584298
LAMTOR2,2,0.005134879354672612,10132.557959059768,20353.055457348946,9.437269252951769,20271.115918119536,0.340835225,1.0,1.0095609083677966
LAMTOR3,2,0.0007544320215861086,3444.2706291312306,6893.283516776396,36.69430515394473,6894.541258262461,0.691859075,1.0,1.004860044733085
LAMTOR5-AS1,2,0.0001889621688142607,1204.7148641482531,2423.245209821508,29.92238304408017,2415.4297282965063,0.815773675,1.0,1.0022123011422783
LAMTOR5,2,0.010765610485184256,13258.327948562828,26522.47084193345,5.362091869548243,26522.655897125656,0.2899495,1.0,1.0051079575775037
LANCL1,2,0.0009363818903584649,1833.91048169551,3678.8499192311865,35.29252317968236,3673.82096339102,0.764894125,1.0,1.0053317648143114
LANCL2,2,0.0005527012608234474,1227.9659072522932,2460.0658682702115,30.571145992229518,2461.9318145045863,0.8424639,1.0,1.0044921513111364
LANCL3,2,0.0005857961911498889,604.8405483643795,1213.0842366946063,21.297849534206108,1215.681096728759,0.89538775,1.0,1.005115062605781
LAP3,2,0.0018072290493172797,5568.1513115549005,11150.625188634423,24.102195510292997,11142.302623109801,0.548909175,1.0,1.0027841872373764
LAPTM5,2,2.2738203695171837e-6,59.98325217947693,122.77168889628115,5.679759467889439,125.96650435895386,0.963531625,1.0,1.0026522672363058
LARP1B,2,0.0006902004244261586,3950.2977668131903,7905.425759579979,36.13019231513582,7906.5955336263805,0.639847625,1.0,1.0080106081483666
LARP1,2,0.0004219379446857599,4328.853097483912,8662.705097353395,33.69097432456971,8663.706194967825,0.641296575,1.0,1.0088080229304355
LARP4B,2,0.0004418264834490884,1513.5050499954386,3031.2414639666968,32.98170712187022,3033.0100999908773,0.813435275,1.0,1.0051159160086993
LARP4,2,0.0004980592677505213,3233.9508889515364,6472.665065711682,37.5147052072565,6473.901777903073,0.711663525,1.0,1.00228642951855
LARP6,2,0.005143964077867192,7332.660593895247,14670.342604315363,16.928513187333202,14671.321187790494,0.47953075,1.0,1.0050596555235316
LARP7,2,0.00404515529300016,6836.610320059778,13679.237249459362,18.65999904723893,13679.220640119556,0.4840018,1.0,1.0048743703408747
LARS2,2,0.00015486682308788946,837.4271523651648,1678.5008722567056,25.291870853135748,1680.8543047303297,0.868928825,1.0,1.0028621002459777
LAS1L,2,0.0003811476286178432,2880.98647477348,5768.563421213881,38.232540393492506,5767.97294954696,0.700323525,1.0,1.002494202595389
LASP1,2,0.0006025013938507032,3467.1090185658536,6939.442329454817,36.46897336417997,6940.218037131707,0.688834925,1.0,1.0016001172117752
LAT2,2,3.0987288659925674e-5,844.6920884612434,1698.7846231605363,25.34235666690752,1695.3841769224869,0.85393015,1.0,1.0018336969440524
LATS1,2,7.821219361601211e-5,976.673601220807,1956.5878830385784,27.310851152592527,1959.347202441614,0.8689598,1.0,1.0014974784458082
LATS2,2,6.229251563705533e-5,1106.4783228043696,2215.7938909027553,28.909552587579903,2218.956645608739,0.868118925,1.0,1.0021147692826093
LBH,2,1.7386401450691056e-6,53.420058881075356,109.68060380868788,5.326906893116992,112.84011776215071,0.9651491,1.0,1.0035180772424808
LBP,2,9.092197210989538e-6,108.87614434621169,223.33856336492576,7.954310634623824,223.75228869242338,0.951876975,1.0,1.0044401950611344
LBR,2,0.003714531147881755,4675.740570700365,9381.274290562296,34.585621431777085,9357.48114140073,0.594239975,1.0,1.0038295735338827
LBX2-AS1,2,0.00015513359056978284,355.5876967327478,714.3855532423299,15.752532411257725,717.1753934654956,0.9168643,1.0,1.0029443532733004
LBX2,2,0.0004521901969071843,1332.0455681466415,2668.8699334133703,31.196668968602424,2670.091136293283,0.815763,1.0,1.0039465950571391
LCA5L,2,2.8188213455118363e-5,586.808166558892,1176.8663539632794,20.853375763553057,1179.616333117784,0.891866125,1.0,1.002281822331821
LCA5,2,4.071288885525309e-5,987.3325739332109,1977.5285110383065,27.356674691469802,1980.6651478664219,0.873603375,1.0,1.0037513300658036
LCAT,2,3.639316642162265e-5,195.57156650040037,395.00273500842394,11.14947378725332,397.14313300080073,0.9359427,1.0,1.0045228416268621
LCK,2,2.2709980393999475e-6,59.98324468619047,122.89844952433636,5.679261464422033,125.96648937238093,0.963678075,1.0,1.0024295672518837
LCLAT1,2,0.0005115995078457916,1456.2383012455223,2917.1574876254163,32.426549151672944,2918.4766024910446,0.8091562,1.0,1.002318621027327
LCMT1,2,0.0012001628911343318,5875.207742377345,11755.678974252483,23.350816251091306,11756.41548475469,0.541663775,1.0,1.0072117770214999
LCMT2,2,1.0797707278974422e-5,525.8416879967256,1054.7081822423822,19.515622387836217,1057.6833759934511,0.9020601,1.0,1.0041470366655385
LCORL,2,0.0002805397084017707,2030.14849199356,4064.661721383023,36.38868232224175,4066.29698398712,0.77016705,1.0,1.0041695014113872
LCOR,2,0.00042873463901394013,2881.921001828332,5768.336679562002,38.208109655152626,5769.842003656664,0.722012725,1.0,1.0049067121783473
LCP1,2,2.874950590105287e-6,66.42110439450833,136.1157321675706,6.010687965735806,138.84220878901667,0.961870525,1.0,1.0038586436548522
LCTL,2,8.915879035178157e-7,39.83955838670816,88.98230315214435,4.543475172851775,85.67911677341633,0.968570825,1.0,1.0040093506615542
LDB1,3,0.0001991922833704647,1178.8121251422492,2361.902939062238,29.615347130910667,2363.6242502844984,0.8291129,1.0,1.0025950729311581
LDB2,2,5.998828594713725e-6,91.16117135463921,184.9516367346571,7.188356251925405,188.32234270927842,0.956593625,1.0,1.0030025644104674
LDB3,2,5.998644243864406e-6,91.1611708651877,184.901323734872,7.188190524795958,188.3223417303754,0.956617425,1.0,1.001794829706124
LDHA,2,0.017367324720711296,14025.470217972968,28057.85496388009,4.9640810934501305,28056.940435945937,0.313257425,1.0,1.0014286226659612
LDHD,2,3.9799883620220745e-5,802.2894853990787,1608.83036273715,24.523451026655835,1610.5789707981573,0.862077225,1.0,1.0026794796101963
LDLRAD3,2,0.0004355507694293476,1528.8683739031874,3062.885911748595,33.11748776763012,3063.7367478063748,0.79693745,1.0,1.003437892224098
LDLRAD4,2,6.958189867685157e-6,97.13605899375622,196.8456952968021,7.45353017016277,200.27211798751244,0.95529155,1.0,1.0023244800042896
LDLRAP1,2,0.00014874731783833138,2377.167118714146,4758.849911268094,37.65039278588347,4760.334237428292,0.74549115,1.0,1.0042176937468277
LDLR,2,0.0018852933529651902,4871.266424723623,9747.122467087285,31.570381112943355,9748.532849447245,0.6465372,1.0,1.0072152110396966
LDOC1L,2,0.00020772514388318794,1582.111921834464,3167.20728874864,33.77855634020572,3170.223843668928,0.8437241,1.0,1.004586167230023
LEKR1,2,0.0002036573793429761,1134.8156582094814,2273.844331779989,29.064977508203718,2275.631316418963,0.83642405,1.0,1.0013768531724065
LEMD1,2,0.0009977806938957846,3136.7491823193445,6279.304288452464,38.38076289329955,6279.498364638689,0.68907625,1.0,1.001761094367208
LEMD2,2,0.00038391424053017196,1861.4832128757798,3726.675808505037,35.64645655101106,3728.9664257515597,0.803623625,1.0,1.002983709005518
LEMD3,2,0.00035525557123990305,1766.3188502586802,3535.688525669394,35.120952554088156,3538.6377005173604,0.835906225,1.0,1.0023347007262673
LENG1,2,0.0011314525927288304,3740.792102962535,7484.830850403748,35.19277583974448,7487.58420592507,0.735706525,1.0,1.001999816362235
LENG9,2,0.0006840526810894237,1841.3274468736497,3686.2070645556496,35.387368048410565,3688.6548937472994,0.82381505,1.0,1.002150831317568
LEO1,2,0.0004945673905758654,4506.660214653817,9018.429093543926,32.387837177378145,9019.320429307634,0.65925115,1.0,1.0088350606348573
LEPRE1,2,0.00032135272840662967,1555.5000628293967,3115.0718846241366,33.63713539066093,3117.0001256587934,0.82052395,1.0,1.0056019546325348
LEPREL1,2,7.987434489004554e-6,103.03945391710441,209.31599093029618,7.7079989870197245,212.07890783420882,0.953449125,1.0,1.0044236039171461
LEPREL4,2,0.0005934636819646122,3317.6987231401804,6642.253154453164,37.2160082273285,6641.397446280361,0.674657525,1.0,1.004428439395163
LEPROTL1,2,0.000996097643395623,5007.930847212353,10020.789928025108,28.19594424685486,10021.861694424706,0.6148674,1.0,1.004671229634933
LEPR,2,0.0003220049877345049,477.2296689605996,958.7795614981271,18.638873354789503,960.4593379211992,0.8965163,1.0,1.0019789359953963
LETM1,2,0.00034779010141372795,2910.794960789833,5826.681623186585,38.02487472697822,5827.589921579666,0.7183778,1.0,1.0031092104379316
LETM2,2,0.0001722294964354156,2521.5449441508563,5046.97033888705,37.772518652259386,5049.089888301713,0.775526975,1.0,1.0031772329139488
LETMD1,2,0.0011465072697933627,5217.279835006496,10518.306807422074,27.07047205723431,10440.559670012992,0.538693175,1.0,1.0027171156286168
LFNG,2,4.60680605309561e-5,215.77781440898198,434.5020151188117,11.803112890997726,437.55562881796396,0.934694075,1.0,1.004706488606795
LGALS2,2,7.987478300286908e-6,103.03945403342337,208.73140396930566,7.708564106319809,212.07890806684674,0.95393255,1.0,1.0020583615866658
LGALS8-AS1,2,2.589937490568655e-5,169.60077883225514,341.9550501174187,10.268660448241066,345.2015576645103,0.94398375,1.0,1.000829863048018
LGALS8,2,0.00017297377158720416,2581.5295759464775,5168.524082160925,37.94875235940403,5169.059151892955,0.72310635,1.0,1.001840363693378
LGALS9,2,1.989896262219492e-5,319.2965017934701,645.3030873325526,14.63853086238473,644.5930035869402,0.915792525,1.0,1.0024311640031205
LGALSL,2,7.075180952608358e-5,2493.0748700926274,4989.199201377666,37.72043845982416,4992.149740185255,0.7800084,1.0,1.0039277144713716
LGI3,2,1.2818937136246273e-5,126.02525576125117,255.63301999791403,8.651506005206352,258.05051152250235,0.948690525,1.0,1.00265611921394
LGI4,2,2.0460257629319612e-5,153.58304161058933,311.28439700764847,9.695563839987244,313.16608322117867,0.94288485,1.0,1.0023368195642213
LGR4,2,2.8308311977872048e-5,736.6928532483952,1476.7256445778544,23.45597987204456,1479.3857064967904,0.873286575,1.0,1.0021374294290768
LHFPL2,2,2.5229751849060745e-6,505.835043618682,1014.6522099467867,19.167549050987088,1017.670087237364,0.901121275,1.0,1.002898099358263
LHFPL5,2,2.401457021773263e-5,164.30051603497822,331.40070960073706,10.081552663725128,334.60103206995643,0.942948475,1.0,1.0018581176973103
LHFP,2,0.00016470023112938545,364.33308343822193,736.7817349592297,15.972180012650634,734.6661668764439,0.908741125,1.0,1.0016982872542077
LHX1,2,6.272824329524541e-5,245.2664569479366,493.5319715313537,12.711282351658856,496.5329138958732,0.930156075,1.0,1.0029776473326948
LHX2,2,0.0002644800927548183,1439.0969625180408,2881.6908365527147,32.384945150136886,2884.1939250360815,0.8264507,1.0,1.004055414247951
LHX3,2,8.87010643550657e-7,39.839546234082945,81.95007410426193,4.554907153887274,85.67909246816589,0.9700876,1.0,1.001918232170628
LHX4,2,5.6889567088010926e-5,235.53870933753862,474.1072307148691,12.417266584149353,477.07741867507724,0.93078845,1.0,1.0036314230241419
LHX5,2,0.00010937210314118,1315.5358742988105,2633.9956915520147,31.291943107175896,2637.071748597621,0.848777775,1.0,1.0024403362226493
LHX6,2,6.596861692698952e-5,915.0074630488214,1833.566739286026,26.231146839759887,1836.0149260976427,0.856126575,1.0,1.0021385192525598
LIAS,2,0.00034834018748741474,3254.172203194531,6512.004703602429,37.04724379668368,6514.344406389062,0.722615725,1.0,1.0044259472034311
LIFR-AS1,2,5.99904998908496e-6,91.16117194244126,184.81352135023468,7.189060024341003,188.3223438848825,0.957697,1.0,1.0023932061971381
LIFR,2,3.262560647468015e-5,665.3869636858908,1334.5095298715016,22.159442058573998,1336.7739273717816,0.87684055,1.0,1.003742308526217
LIF,2,0.00029410536528339003,1527.3928068317114,3058.0152224526423,33.185502900509334,3060.7856136634227,0.82820465,1.0,1.002009660330192
LIG3,2,0.0002271423287771752,1164.3080332999627,2333.6556753806976,29.40518686703915,2334.6160665999255,0.827020675,1.0,1.0049704169059295
LIG4,2,2.9480187671394703e-5,715.5942018438215,1434.4837991051681,23.080553691972476,1437.188403687643,0.875619925,1.0,1.0029041626194088
LILRB3,2,2.8831654009980467e-6,66.42112620483125,139.83793711304182,6.009549174988298,138.8422524096625,0.961592975,1.0,1.0025591531268128
LIMA1,2,0.00861231180080297,10269.482738573455,20543.98760338853,9.643766516929762,20544.96547714691,0.38776365,1.0,1.0029010611638325
LIMCH1,2,0.00021757347936470352,1487.6110573262158,2979.4708831017592,32.8821131811702,2981.2221146524316,0.8076486,1.0,1.0023910149353858
LIMD1-AS1,2,1.739056959206627e-6,53.4200599877169,109.14782050696087,5.32925992394726,112.8401199754338,0.9664161,1.0,1.0036526408934048
LIMD1,2,2.426615050480207e-5,910.4194291962763,1824.0242105984203,26.319536638232996,1826.8388583925525,0.867153075,1.0,1.0064866694623187
LIMD2,3,0.00019135444775357735,2165.1722439558066,4336.254934880157,36.977222270175766,4336.344487911613,0.74484865,1.0,1.0030232331647992
LIMK1,2,0.0008366164921217702,2068.313015041082,4141.071266367035,36.570550639428596,4142.626030082164,0.769591125,1.0,1.005892637463505
LIMK2,2,0.00021500586876257562,2662.665132469945,5329.5908685504155,37.98917069452879,5331.33026493989,0.7476793,1.0,1.004203164315978
LIMS1,2,0.002439833787306584,5640.643280133843,11311.324056735808,24.73562970168819,11287.286560267687,0.5317263,1.0,1.0049877009941877
LIMS2,2,9.697097486875347e-6,572.2233131804635,1149.784828444965,20.47306004506292,1150.446626360927,0.883110725,1.0,1.0011323107548775
LIN28A,2,8.869719622092612e-7,39.83954613138398,82.20704819833412,4.549472454524276,85.67909226276797,0.9691897,1.0,1.0032012352872814
LIN37,2,0.00036410217137822334,501.18488278241716,1005.6055824859504,19.164133900436653,1008.3697655648343,0.907108725,1.0,1.003682158902851
LIN52,2,3.066933304299742e-5,923.8173330607199,1850.8686915331273,26.467444130907346,1853.6346661214397,0.85998925,1.0,1.009997822511834
LIN54,2,9.67102642229492e-5,523.2332679524674,1050.8234323975737,19.205154038540382,1052.4665359049347,0.8910954,1.0,1.001638102689601
LIN7A,2,2.463281756429227e-5,521.713810739682,1047.7051241657064,19.355468395169865,1049.427621479364,0.890706275,1.0,1.002110432670004
LIN7B,2,0.00029716021157170333,1595.389968398809,3193.686265062197,33.76228876561721,3196.779936797618,0.83904235,1.0,1.0060583149993352
LIN7C,2,0.0008812383022433565,2152.160997136207,4307.379796456471,36.90350283417815,4310.321994272414,0.7962687,1.0,1.0089730768503413
LIN9,2,1.535988002540105e-5,729.3609666652839,1461.7153471642976,23.389686458865835,1464.7219333305677,0.8804032,1.0,1.002357785931576
LINC00035,2,9.86134445505452e-5,656.9489953847296,1317.424931580908,22.214553692686536,1319.8979907694593,0.884077,1.0,1.002869958313685
LINC00086,2,8.894442945222227e-5,283.2662056328319,569.6427098015548,13.815827103448711,572.5324112656638,0.924743525,1.0,1.0023604850064396
LINC00087,2,9.088562010957763e-6,108.8761346947556,220.3491017817736,7.955674765034731,223.7522693895112,0.9530238,1.0,1.0023179351871738
LINC00094,2,0.0002470092887330574,2708.065899535117,5421.001293290503,38.11557471091008,5422.131799070234,0.724644975,1.0,1.0043704347967028
LINC00115,2,4.976489416825934e-6,315.64499031491465,634.3133700920491,14.612739849398292,637.2899806298293,0.924893775,1.0,1.0062089264135117
LINC00116,2,0.0029344175767953688,5202.263450903051,10409.107536203592,29.25502402571765,10410.526901806103,0.601029825,1.0,1.0087737719020922
LINC00167,2,2.220118532673171e-5,158.96178257998912,320.64306595342333,9.891346133650327,323.92356515997824,0.94664495,1.0,1.0029371873148467
LINC00202-1,2,1.8804152569615932e-5,148.16265793495415,309.133027637853,9.495358631395119,302.3253158699083,0.94358985,1.0,1.0040487640843687
LINC00240,2,3.6409167911897673e-6,411.99401685145926,827.1197340657394,17.03603896543509,829.9880337029185,0.9058087,1.0,1.0018387431651838
LINC00242,2,3.197971104809259e-5,185.28449229842374,373.4132437336028,10.8074062967583,376.5689845968475,0.9416201,1.0,1.001571756404635
LINC00265,2,2.2709752654543056e-6,59.98324462572564,122.35076313079807,5.678852848650252,125.96648925145128,0.964057875,1.0,1.0053304115361792
LINC00271,2,9.254353322151642e-5,287.92159549847935,578.8831753078923,13.946751933230527,581.8431909969587,0.926091325,1.0,1.0038117820466053
LINC00304,2,3.194077117894806e-7,25.436204886909817,53.55898878404223,3.6301061643776236,56.87240977381963,0.973586025,1.0,1.0024763646490036
LINC00310,2,3.307378360210882e-7,25.436234968389652,53.0919059940101,3.636537346142114,56.872469936779304,0.973860175,1.0,1.0028958071356806
LINC00311,2,5.999190500715506e-6,91.16117231549964,185.53563109594043,7.18736386659429,188.32234463099928,0.95608405,1.0,1.0025570643147168
LINC00312,2,2.28079641536112e-6,59.98327070087864,124.70731816332327,5.678167334665546,125.96654140175728,0.963387225,1.0,1.0018000687877175
LINC00319,2,8.879859365934676e-7,39.83954882348598,82.39072621611035,4.547686406658704,85.67909764697195,0.96913405,1.0,1.004265745569668
LINC00324,2,1.3367092890414816e-5,441.12743637091825,885.5903039939024,17.644013549566278,888.2548727418365,0.9055493,1.0,1.006959280654325
LINC00326,2,0.0009167463648651102,2285.831705366549,4578.705906161751,37.68702436198432,4577.663410733098,0.752550725,1.0,1.0022294763198294
LINC00337,2,0.00022813005965983463,415.62563770915864,834.6377480570018,17.227525406905663,837.2512754183173,0.90821185,1.0,1.0022033374811883
LINC00339,2,0.00022196707512110026,1290.9718517107838,2585.144295749566,31.172294543196884,2587.9437034215675,0.8545586,1.0,1.0021930075791474
LINC00341,2,5.113228163068738e-6,85.10702643205671,172.7123149298581,6.913309714655903,176.21405286411343,0.9580525,1.0,1.006272268724555
LINC00441,2,1.2818621127795217e-5,126.02525492224873,254.70987334330474,8.652215311774677,258.05050984449747,0.949681525,1.0,1.0030497318731608
LINC00452,2,6.995051661260715e-9,1.85718621606472e-5,1.8357836817979942,8.090167074357095e-15,6.000037143724321,0.982155075,1.0,1.003266274361767
LINC00461,2,5.676094764447355e-7,32.764211045841584,67.74537323742462,4.120488935125215,71.52842209168317,0.972081375,1.0,1.002411875624431
LINC00466,2,1.8788720259054307e-5,148.1626169621696,300.26790615113566,9.496688563466698,302.3252339243392,0.9441119,1.0,1.0041779994112858
LINC00479,2,9.050069159014612e-9,2.4027933617183795e-5,3.845151492371478,1.975138444968217e-18,6.000048055867234,0.9816163,1.0,1.0024733697480148
LINC00482,3,1.00640307296342e-5,552.5840954107422,1108.307108279577,20.157342463022392,1111.1681908214844,0.895529825,1.0,1.0014977360939408
LINC00491,2,4.948163851367344e-5,679.7407735695839,1363.245032373942,22.37051503528699,1365.4815471391678,0.877066725,1.0,1.002683325879966
LINC00493,2,0.010960967806980458,11153.84023193335,22313.019484402852,7.7668237685262875,22313.6804638667,0.363235775,1.0,1.0035468561390344
LINC00511,3,0.0020140223079859014,3674.368896098005,7354.728117866973,37.17921287726817,7354.73779219601,0.66487655,1.0,1.0113691535990905
LINC00514,2,8.119629414920587e-10,2.155761609661416e-6,1.1770385390016969,0.0,6.000004311523219,0.98257845,1.0,1.001974415552127
LINC00515,2,1.2795268250049219e-6,46.71353190576505,95.80656811293966,4.952013318443675,99.4270638115301,0.96726855,1.0,1.0026319127688763
LINC00523,2,7.987465542371678e-6,103.0394539995511,208.6032029263771,7.709032271976993,212.0789079991022,0.955223775,1.0,1.0029750438802352
LINC00525,2,8.870784561047477e-7,39.83954641412528,81.96163328507212,4.550239005217212,85.67909282825056,0.969370875,1.0,1.0022295779237744
LINC00535,3,2.2710226765763263e-6,59.98324475160217,122.35096004514192,5.6802930578043,125.96648950320434,0.9638794,1.0,1.0018664607207326
LINC00551,2,3.197525154708796e-7,25.43620580236359,54.46551041344772,3.627782667592893,56.87241160472718,0.97316695,1.0,1.0025376839777955
LINC00565,2,5.701606182518915e-7,32.76421781912308,67.81042364673061,4.114778867814019,71.52843563824617,0.9713019,1.0,1.002113813029526
LINC00568,2,0.00018469170448915236,381.6490311949521,766.4252604052832,16.406135756734745,769.2980623899042,0.919629775,1.0,1.0020116302737556
LINC00574,2,3.1979616976790993e-5,185.28449204866442,373.75339755830925,10.806540942063961,376.56898409732884,0.9379657,1.0,1.0018651577196567
LINC00578,2,5.68160821709414e-7,32.76421250966326,67.98384786020094,4.11066384311392,71.52842501932652,0.971345075,1.0,1.003667394070041
LINC00618,2,1.718932354278157e-5,142.69870273451156,288.6369834389438,9.293328150372131,291.3974054690231,0.945344875,1.0,1.0084619071311358
LINC00620,2,2.0459292454054096e-5,153.583039048049,309.8887483883552,9.696785189333982,313.166078096098,0.946070675,1.0,1.002480822940126
LINC00629,2,1.2775808456762365e-6,46.71352673918993,95.80960666804407,4.95232403867983,99.42705347837986,0.9673208,1.0,1.00204167618037
LINC00630,2,7.205043259277949e-5,259.67233558123917,522.3420578248554,13.138481580508868,525.3446711624783,0.928805775,1.0,1.0048808254164119
LINC00638,2,2.4014509509956037e-5,164.30051587379907,331.3363839871739,10.08191052391358,334.60103174759814,0.9456239,1.0,1.0026931314101617
LINC00652,2,1.1504379331810627e-5,120.36555753526586,243.39780595979943,8.426654884022287,246.73111507053173,0.9506533,1.0,1.004386477991936
LINC00657,2,0.0016607928291622045,5100.055161185427,10205.29508643488,28.949175052060326,10206.110322370854,0.59849495,1.0,1.0040811829772345
LINC00659,2,0.00037540878414915927,1329.170666829643,2662.7202804317976,31.205896318155414,2664.341333659286,0.825185175,1.0,1.0071611413298673
LINC00662,2,0.0009746325115648714,3523.874008961914,7053.09478624743,36.9721939138248,7053.748017923828,0.68346195,1.0,1.0113894089463666
LINC00663,2,4.277066265210537e-6,360.3692130912468,723.6883114851156,15.771764361054604,726.7384261824936,0.9158991,1.0,1.0023521884147664
LINC00669,2,2.4751058136767717e-6,509.7828101072315,1022.8556952705708,19.25237178654857,1025.565620214463,0.895452,1.0,1.0027796366837767
LINC00704,2,2.2709695907957108e-6,59.983244610659426,122.3287327556964,5.680930277580294,125.96648922131885,0.964398975,1.0,1.0030740094662594
LINC00839,2,0.00034068160395346765,1573.6022095544631,3150.8915832074877,33.5539011089358,3153.2044191089262,0.8075559,1.0,1.0056367337833798
LINC00842,2,6.272930229240942e-5,245.26645975957408,493.56067280769815,12.711709172338244,496.53291951914815,0.9304303,1.0,1.0047328662516106
LINC00847,2,0.00015039931657512994,1346.4840363770702,2695.91486001278,31.563290498824156,2698.9680727541404,0.8488754,1.0,1.001723517241259
LINC00852,2,4.298288498469666e-6,78.97398073911265,185.07830990628304,6.622122418798527,163.9479614782253,0.95837275,1.0,1.0022449510513431
LINC00853,2,5.916653414837223e-5,1129.9656829275802,2262.952779693752,29.2179779764866,2265.9313658551605,0.852793175,1.0,1.0026051141787555
LINC00857,2,1.8651789010633136e-5,650.7569809052912,1304.7697001710824,21.946218115862063,1307.5139618105825,0.881019475,1.0,1.002044637755632
LINC00861,3,5.397008847117774e-9,1.4329058489097691e-5,2.5875390900024056,1.1441224035714212e-14,6.000028658116978,0.982066975,1.0,1.0015030981068704
LINC00862,2,1.4493306163321661e-8,3.847972786361901e-5,2.168505623686066,1.401258040798223e-14,6.000076959455727,0.982050025,1.0,1.002047893430849
LINC00866,2,1.8006689480933043e-9,4.780776057187723e-6,1.2796254651463674,8.090167070589817e-15,6.0000095615521145,0.98246265,1.0,1.002241130533102
LINC00870,2,2.8747561740656692e-6,66.42110387833374,135.21524278595106,6.013244916447348,138.84220775666748,0.96375775,1.0,1.0024257253912565
LINC00880,2,0.00014585535743074968,346.7816976329449,696.7850238904176,15.52660920223606,699.5633952658898,0.9177171,1.0,1.0035725627592769
LINC00882,2,1.0767986335094024e-5,533.6672237756883,1073.6838544435109,19.674634474096045,1073.3344475513766,0.88749905,1.0,1.0036351145689777
LINC00883,2,2.4736788406785124e-6,509.78280631861816,1022.5309647954036,19.253639396983523,1025.5656126372364,0.90160255,1.0,1.0031027626570082
LINC00884,2,6.9574555652110064e-6,97.13605704418316,196.81247856175182,7.453937917179925,200.27211408836632,0.956405775,1.0,1.002574640481595
LINC00886,2,1.4781004549829302e-5,743.2953875440135,1489.5298514926267,23.634311936769862,1492.590775088027,0.880690675,1.0,1.00261357180637
LINC00894,2,4.3046497856829744e-6,78.9739976283302,160.9534404338952,6.62574496982263,163.9479952566604,0.9590143,1.0,1.002250099390857
LINC00896,2,3.639029496898897e-5,195.57155887669364,393.9516282203877,11.150597856589506,397.1431177533873,0.941155025,1.0,1.0042404814090264
LINC00898,2,4.88015184414754e-9,1.295680314621172e-5,1.2931183729744227,1.401258040798223e-14,6.000025913606293,0.98242885,1.0,1.001246366045156
LINC00909,2,0.00029070395132648705,2267.395382934062,4539.172802685062,37.33582914391311,4540.790765868124,0.767186775,1.0,1.0080763744979895
LINC00910,2,0.001052279676024509,2937.654789332445,5881.704927381594,38.963213669240766,5881.30957866489,0.718231325,1.0,1.0049988953898075
LINC00920,2,0.000545739823290028,1612.9529067212954,3230.261193484557,33.79768810387546,3231.905813442591,0.801682175,1.0,1.0027282958821786
LINC00923,2,0.00016469865103061588,364.33307924305973,731.9125889312616,15.974210337775043,734.6661584861195,0.91587655,1.0,1.003409732039186
LINC00936,2,7.618745282185263e-5,642.6355750962066,1289.5212868589683,21.61934973804063,1291.2711501924132,0.8777279,1.0,1.0041435680171853
LINC00938,2,0.00029581402975310247,1256.5067410619956,2517.3575340160655,30.449338076672518,2519.0134821239913,0.82808425,1.0,1.0031822573090787
LINC00941,2,0.00021217098898677143,1104.9966605404013,2215.077274729376,28.671553345173926,2215.9933210808026,0.83040185,1.0,1.0026319130704406
LINC00944,2,3.6918539874452456e-6,407.7687912578899,818.5105732978219,16.936448230193644,821.5375825157798,0.908309075,1.0,1.0035133778315406
LINC00948,2,1.7389199203010699e-6,53.4200596238786,109.16085702160603,5.330124506675878,112.8401192477572,0.966383325,1.0,1.0027499190710576
LINC00957,2,8.871195601561436e-7,39.83954652325653,81.98691114969829,4.550386157210015,85.67909304651306,0.96926375,1.0,1.002988291838661
LINC00987,2,5.682838479831893e-7,32.764212836298015,72.26471894394945,4.102681566666012,71.52842567259603,0.970803475,1.0,1.0028208656426416
LINC01003,2,7.999461261656408e-5,1245.4069458208228,2493.761002021311,30.562414320134845,2496.8138916416456,0.854081825,1.0,1.0043545054455103
LINC01011,2,3.222173605847003e-5,669.0201002810531,1341.4228356905055,22.229046905996093,1344.0402005621063,0.8830066,1.0,1.0028775183165883
LINC01021,2,5.676188469133889e-7,32.76421107072018,67.75853660434045,4.118615894049444,71.52842214144036,0.971683025,1.0,1.0032249164494496
LINC01023,2,5.666241990847638e-5,1000.1869256388991,2003.4218366541165,27.49345988817675,2006.3738512777982,0.8596183,1.0,1.0036870631638766
LINC01024,2,8.894442087674477e-5,283.266205610064,569.5853480606621,13.816160168097433,572.532411220128,0.92681905,1.0,1.0017655911748389
LINC01057,2,4.5104482182832664e-5,945.3667302055744,1895.5250772313445,26.849353530266185,1896.7334604111488,0.848141175,1.0,1.0037592788611527
LINC01082,2,2.271108326285229e-6,59.983244979002144,122.32629909428478,5.681554212177031,125.96648995800429,0.9649331,1.0,1.0026016476570851
LINC01088,2,2.5930498716605577e-5,169.60086146597314,343.43793285710996,10.267231002436626,345.2017229319463,0.94006615,1.0,1.0036380377605323
LINC01094,2,1.4202109248014122e-7,17.76840023822147,37.96576021308432,3.1096801182874065,41.53680047644294,0.9759947,1.0,1.001895495398007
LINC01119,2,1.15041066924803e-5,120.36555681140844,243.91586815248223,8.426246156610441,246.73111362281688,0.949755925,1.0,1.0025863426323915
LINC01134,2,1.566140734125006e-5,137.189318969409,277.03447014480014,9.08570800709536,280.378637938818,0.94866525,1.0,1.0069875497716887
LINC01136,2,1.1506311065445967e-5,120.36556266401867,244.3416402126969,8.426154626782948,246.73112532803734,0.9496039,1.0,1.0025408833668468
LINC01137,2,9.986996126515003e-6,556.9116177621326,1116.8653931391334,20.163198877989874,1119.823235524265,0.892759475,1.0,1.003774366038904
LINGO1,2,0.0002736875105232877,1577.2870874651878,3158.1007589556684,33.63132262489315,3160.5741749303756,0.8080047,1.0,1.002613852952824
LINS,2,0.0001511214271040938,1343.7212615806245,2690.4151678161757,31.532022028321816,2693.442523161249,0.84688825,1.0,1.0037090766666228
LIPE-AS1,2,0.0007329791693399527,2893.368882661266,5791.19528425481,38.58608440373824,5792.737765322532,0.726404725,1.0,1.0061593775971054
LIPE,2,0.0001190575656872524,1016.4926802895743,2037.1047478473079,27.598223322888348,2038.9853605791486,0.845431,1.0,1.0041305945964079
LIPG,2,1.4204365518429824e-5,131.6322972435442,265.95117802852013,8.87158987634985,269.2645944870884,0.948430475,1.0,1.0035984983957649
LIPH,2,0.0002643285147811393,2360.0016201892267,4724.369508242517,37.57247418717398,4726.0032403784535,0.75390725,1.0,1.0046014514722819
LIPT1,2,0.0006288419258703063,1742.5926484396912,3489.1204467980665,34.75427892130298,3491.1852968793823,0.813982575,1.0,1.0031667447299104
LIPT2,2,9.003762303201811e-5,892.3712980758917,1788.5371110230199,25.838507785564772,1790.7425961517833,0.8647745,1.0,1.0040094955809598
LITAF,2,0.002009072234293726,6346.821592663698,12704.97164209079,19.979913239842244,12699.643185327395,0.5071061,1.0,1.00716988015485
LIX1L,2,0.0008664152276062939,2040.528993076119,4084.9338101108406,36.43039570367403,4087.057986152238,0.781660975,1.0,1.002740183725256
LL22NC01-81G9.3,2,1.026845783337608e-5,114.64708287626802,231.98819263029256,8.194513105146354,235.29416575253603,0.951460625,1.0,1.0037207326348512
LLPH,2,0.0038639988050376234,8055.044387302847,16115.619161534647,13.012854663042091,16116.088774605694,0.506983275,1.0,1.003608873932602
LMAN1,2,0.0025980690429144217,7085.3432030099575,14193.04951508064,18.070337107002466,14176.686406019915,0.47198725,1.0,1.0013959933344103
LMAN2L,2,0.00042934822491510913,1833.8443936570734,3671.3076128591524,35.547680606856225,3673.688787314147,0.81043885,1.0,1.0018421282630783
LMBR1L,2,9.61934791493176e-5,2469.233619324096,4942.133359405811,37.7041437708453,4944.467238648192,0.7676932,1.0,1.0026397978729527
LMBR1,2,0.0001273307333674979,2673.8294903417736,5352.068210517456,37.87859101188119,5353.658980683547,0.734121975,1.0,1.009260582821694
LMBRD1,2,4.8831921296140926e-5,2316.0561287869277,4638.451590561408,37.3967919589362,4638.1122575738555,0.74440355,1.0,1.0048955093345404
LMBRD2,2,4.2947275225691064e-6,78.97397128472163,161.54358351963154,6.625678172303523,163.94794256944326,0.958737275,1.0,1.0023638781119206
LMCD1-AS1,2,3.6391125623755116e-5,195.57156108208204,394.001673370877,11.15027466726914,397.1431221641641,0.93783485,1.0,1.0027331668082942
LMCD1,2,0.0001066084204194628,1361.205387292773,2725.6187274851213,31.79285696953812,2728.410774585546,0.839550925,1.0,1.0039555744121262
LMF2,2,0.00048292305230184657,1949.9923473395513,3926.3690019034075,36.0851974878382,3905.9846946791026,0.7535628,1.0,1.0067703434111859
LMLN,2,8.057781361948682e-5,795.4301264037275,1595.9814809180866,24.30879004914461,1596.860252807455,0.859695375,1.0,1.0028187430294935
LMNA,2,0.009799809453622126,11396.298536055307,22817.63793750654,7.570050225419791,22798.597072110613,0.338630525,1.0,1.012699439277159
LMNB1,2,0.0024868884100797176,2809.0017237733464,5623.0580104562205,39.40958335742717,5624.003447546693,0.713412125,1.0,1.0035618748792516
LMNB2,2,0.0023225371213894366,3548.2272917854625,7149.029650814324,38.21672226068528,7102.454583570925,0.6506971,1.0,1.0048015195323634
LMO1,2,3.082990782199228e-5,590.5692759801753,1184.5230745604713,20.928759301428755,1187.1385519603507,0.888847,1.0,1.0019889548537142
LMO2,2,0.00013850825160462306,1178.3252669973588,2360.318102675805,29.673797974792794,2362.6505339947175,0.836175875,1.0,1.0027007904890919
LMO4,2,0.0022585098677753166,4973.659412897274,9952.083678409132,30.692152776568008,9953.318825794548,0.596479,1.0,1.0063829809779143
LMO7,2,0.0002793029024885032,1204.9504785660458,2414.945220775577,29.855354761063793,2415.9009571320917,0.82395865,1.0,1.0063482942352406
LMOD1,2,2.8915758678452503e-10,7.67713392912914e-7,1.2783271363719062,1.401258040798223e-14,6.000001535426786,0.982383475,1.0,1.001905501448292
LMTK2,2,0.0005407522343753389,586.1150115038245,1175.6784995122794,20.927690351315224,1178.230023007649,0.895046175,1.0,1.0033913293894559
LMTK3,2,0.005641683752837962,7609.390756464726,15224.62296809755,17.354956474434765,15224.781512929452,0.4660618,1.0,1.0044018783879127
LMX1B,2,1.5667276436279125e-5,137.18536370113068,277.0976735872991,9.085683125907869,280.37072740226137,0.947780575,1.0,1.0019471992814384
LNP1,2,1.8788693722249168e-5,148.1626168917144,299.17768834637025,9.49728729956423,302.3252337834288,0.944937075,1.0,1.0057607484095432
LNPEP,2,0.00023917285383026778,1491.814644321965,2987.044975421713,33.07883715582097,2989.62928864393,0.833436025,1.0,1.0060915407302369
LNX1,2,9.995399187965987e-6,556.8901227276808,1116.7391291569736,20.16203426141249,1119.7802454553616,0.89388935,1.0,1.008392935047346
LNX2,2,5.9127252618351976e-5,788.7332229494582,1581.1230259522283,24.248723394323683,1583.4664458989164,0.8705368,1.0,1.0027500147079675
LOH12CR1,2,0.0004793769370937779,1838.612233321022,3680.271295178779,35.43753895612148,3683.224466642044,0.8092272,1.0,1.0030060861588572
LONP1,2,0.0014039299469956227,3724.4320153891667,7455.905840174306,35.932349427646415,7454.8640307783335,0.6649129,1.0,1.0014689925484013
LONP2,2,0.0002036625345862526,2753.9794728619113,5514.038459170708,37.92247530340043,5513.958945723823,0.7181358,1.0,1.0022723019638704
LONRF1,2,0.00042289052850214313,1864.8852345170203,3732.9132670328627,35.62531600962755,3735.7704690340406,0.810322125,1.0,1.0038786843185838
LONRF2,2,0.0001364508764784949,777.4281278835949,1560.0801514121315,23.916108300782202,1560.8562557671899,0.86142145,1.0,1.00446394526339
LONRF3,2,2.7648561662374687e-6,485.941284895315,974.8765448564251,18.73342429741182,977.88256979063,0.90053335,1.0,1.0033572697515207
LOXL1-AS1,2,0.0003805478142040469,1701.2959260898053,3406.155765517649,34.54357439513992,3408.5918521796107,0.8011614,1.0,1.0020022189193694
LOXL1,2,0.00042366607545149917,3172.8755450448843,6351.647638481113,37.506686815146026,6351.751090089769,0.69413545,1.0,1.0032236281587066
LOXL2,2,0.00011375645076874888,1083.5024549854038,2183.439025701077,28.508474741375995,2173.0049099708076,0.8266587,1.0,1.003452896171301
LOXL3,2,8.897788699230025e-5,283.25678826996466,569.7851923847772,13.815587878692991,572.5135765399293,0.9236217,1.0,1.0024054192717993
LOXL4,3,7.202227403839374e-5,259.68080834006577,522.9004174233904,13.137627674018102,525.3616166801315,0.92599555,1.0,1.0040715117961
LPAR1,2,7.521082055319224e-5,832.7692727923975,1669.3579326084582,24.931308204248218,1671.538545584795,0.86491195,1.0,1.0055312396133624
LPAR2,2,0.00015592165220119117,2540.4863347387413,5083.888260251146,37.77913256440565,5086.972669477483,0.7851348,1.0,1.0035999388955232
LPAR3,2,0.00010993557448918058,1369.1923116733362,2741.537753502685,31.875596758090886,2744.3846233466725,0.8425189,1.0,1.0022176843296946
LPAR5,2,0.0005675615710890693,597.3742103299713,1198.0994508873887,21.151060049813285,1200.7484206599427,0.898589475,1.0,1.0027796909322426
LPCAT1,2,0.0005255450158173258,1933.7655350954285,3873.1386523093674,35.985758748571214,3873.531070190857,0.775340825,1.0,1.006920618187186
LPCAT2,2,0.0002013906372964849,1530.9374647945797,3077.204491699131,33.379315893952274,3067.8749295891594,0.7901542,1.0,1.0054420500569865
LPCAT3,2,0.0009339282123237099,3029.809631299536,6070.933980700088,37.97447002324948,6065.619262599072,0.6801974,1.0,1.002851378635953
LPCAT4,2,0.0002462975100865337,2255.6972003115893,4520.104158210865,37.26423225057155,4517.394400623179,0.735612775,1.0,1.0022929530056068
LPGAT1,2,0.0006101299736021077,3325.2703961224047,6656.630661140734,37.28458427423969,6656.540792244809,0.6839555,1.0,1.0073349197235777
LPHN1,2,0.00025045744737157066,1295.482385943615,2595.5623271918826,30.912711847655682,2596.96477188723,0.818980425,1.0,1.0038083901169432
LPIN1,2,0.0009511661843430594,1761.0034939434438,3529.340639932779,34.82294772807906,3528.0069878868876,0.774059075,1.0,1.0063956864638701
LPIN2,2,9.678409261123747e-5,1325.5507364460584,2654.2439919611684,31.43961069166316,2657.101472892117,0.8446136,1.0,1.0029982272521958
LPO,3,2.271070121131458e-6,59.983244877567465,122.31950729027999,5.679822141911149,125.96648975513493,0.964025725,1.0,1.003002076433875
LPP-AS2,2,1.242740244713811e-5,469.912402792321,943.020798652391,18.29725616976894,945.824805584642,0.903299175,1.0,1.0034282744070822
LPPR4,2,1.7386328748791033e-6,53.420058861773,109.41992044610143,5.328138012723572,112.840117723546,0.965383975,1.0,1.004943866386538
LPP,2,0.0013396358750129575,4486.615097379775,8978.200125066844,34.055444586594106,8979.23019475955,0.62723295,1.0,1.004730944273288
LRAT,2,2.4512393344782264e-5,801.9759629330922,1607.0481490358516,24.578173070498476,1609.9519258661844,0.8697564,1.0,1.001564910461288
LRBA,2,0.0005166062922259522,3160.787067898564,6330.059153201126,37.46958139943545,6327.574135797128,0.67988545,1.0,1.0102601338737403
LRCH1,2,4.3015633599807935e-5,757.7109477610708,1518.8499012968514,23.767501622287707,1521.4218955221415,0.87408095,1.0,1.0023133825587303
LRCH3,2,0.0004044520692994416,1513.3227225498376,3030.6960953936937,32.996697252655316,3032.6454450996753,0.816735225,1.0,1.00658948317637
LRCH4,2,0.0007505931690701347,2333.1172942327107,4672.512839236058,37.42632109644461,4672.234588465421,0.742272725,1.0,1.0070310629997306
LRFN1,2,0.0001775945180281336,1520.100386719214,3043.2044939991138,33.22061815557175,3046.200773438428,0.837992075,1.0,1.0057143210109076
LRFN3,2,0.00020925080315275949,1425.1005590285247,2853.4153541489577,32.296771271267886,2856.2011180570494,0.8287707,1.0,1.0062888502247251
LRFN4,2,0.00026742036080990906,2250.7354119207694,4506.110773172209,37.244454868873135,4507.470823841539,0.750354375,1.0,1.002981591738885
LRG1,2,0.0001326998872971121,406.52959073761184,818.5508625227935,16.55372743019786,819.0591814752237,0.90498785,1.0,1.0024475448123904
LRGUK,2,2.271736461198837e-6,59.983246646700344,122.51538752831219,5.679362058168907,125.96649329340069,0.96361715,1.0,1.0018932289939473
LRIF1,2,0.0020552173736635947,5993.907480062116,11992.800370946383,25.31167864861301,11993.814960124231,0.571401225,1.0,1.0071007930946325
LRIG1,2,8.541695528614778e-5,278.59081449616525,560.418916258336,13.683371505054396,563.1816289923305,0.924214275,1.0,1.001968718774355
LRIG2,2,2.450377995083042e-5,801.9759400645312,1606.8596205308334,24.578779581320763,1609.9518801290624,0.88070075,1.0,1.003918188049663
LRIG3,2,1.1450887130093553e-5,502.125836290543,1007.354125073962,19.007992259857645,1010.251672581086,0.9048498,1.0,1.0041932894747925
LRIT3,2,8.87662119357392e-7,39.839547963751215,118.03274926698174,4.537971542706454,85.67909592750243,0.968503025,1.0,1.0035718010826047
LRMP,2,8.871345635440951e-7,39.83954656309053,82.01717202996008,4.550206704944406,85.67909312618106,0.969270775,1.0,1.0040929799875837
LRP10,2,0.0010703177994166235,5074.477252164199,10174.248761277537,28.131208752669757,10154.954504328398,0.55660805,1.0,1.0027142566421654
LRP11,2,0.0002327771556935918,1599.1834855590828,3215.861836885702,33.92803553532687,3204.3669711181656,0.785969875,1.0,1.002863783912924
LRP12,3,2.6090209564707546e-5,509.8135922846198,1023.7421541633106,19.101063912363585,1025.6271845692395,0.8920426,1.0,1.0019334200657903
LRP1B,2,1.4209669026727734e-5,131.62853027409557,265.9324504250974,8.871555960260737,269.25706054819113,0.948537,1.0,1.0017767178780204
LRP1,2,1.1129489108399755e-5,514.0296467359173,1031.1186805266757,19.263648944955452,1034.0592934718345,0.901135,1.0,1.0033312556214753
LRP3,2,0.00011880359365244371,1074.7440843297181,2155.5590129452153,28.631645218432368,2155.4881686594363,0.83807545,1.0,1.0023255146210237
LRP4-AS1,2,1.6408302262302037e-5,704.7199105195325,1414.4923677764139,22.9443589804956,1415.439821039065,0.869522075,1.0,1.0017117860467897
LRP4,2,5.691631701437317e-5,235.53118971294253,475.077228192842,12.416390393251172,477.06237942588507,0.9289777,1.0,1.0033857128829395
LRP5L,2,4.352641888099528e-6,355.9711337668366,714.8869895565426,15.65925825591198,717.9422675336732,0.915376825,1.0,1.0031847593576755
LRP5,2,0.00012122668815992341,2268.0906942330826,4545.115177734601,37.29338550000678,4542.181388466165,0.733349475,1.0,1.0012212372256617
LRP6,2,0.0004904968116100658,1822.7418529954803,3648.4767867652167,35.329191221012465,3651.4837059909605,0.815809275,1.0,1.0038870490238847
LRP8,2,0.0002334761272635875,1077.8372126222405,2177.407358362588,28.296119036755538,2161.674425244481,0.826803675,1.0,1.0031737707102333
LRPAP1,2,0.0020753927407538997,7722.009893617487,15455.610355379391,13.736117470471818,15450.019787234975,0.475989025,1.0,1.0152524938162601
LRPPRC,2,0.0008463364635891963,4373.050231446533,8754.214891126407,32.12682535236374,8752.100462893066,0.61256065,1.0,1.0035194253436406
LRR1,2,0.0015725449699163512,3440.398239793008,6886.678777697528,39.95544735685098,6886.796479586016,0.686438475,1.0,1.0029202762660396
LRRC10B,2,3.204264247387902e-7,25.436207591592698,54.18462095486905,3.628244858865741,56.872415183185396,0.973360825,1.0,1.005313835613045
LRRC14,3,0.0002482484930056724,2488.3138754359043,4981.360487859166,37.8914463328508,4982.6277508718085,0.7322479,1.0,1.0022506752700409
LRRC16A,2,0.00015892548192400496,2426.2404346811427,4856.833116369989,37.68631532031888,4858.480869362285,0.7543172,1.0,1.0043067777732448
LRRC16B,2,1.739247779966174e-6,53.42006049434601,116.47881079287629,5.324579737372287,112.84012098869202,0.96484055,1.0,1.0057696463516348
LRRC17,2,5.1120183725729344e-6,85.10928843438542,172.69779778101355,6.913767819045493,176.21857686877084,0.958331225,1.0,1.0023246440655678
LRRC1,2,0.0002694776708030052,2018.06791702756,4041.0027165645943,36.33232476253082,4042.13583405512,0.77137485,1.0,1.0046167077441988
LRRC20,2,0.00013239863383384426,943.9945232963382,1893.1056620883069,26.542360360496197,1893.9890465926765,0.844933825,1.0,1.0045205174089111
LRRC23,2,0.00032424832602606494,2574.4012673871207,5155.365099779685,38.106196249454904,5154.802534774241,0.7205302,1.0,1.0022479904855954
LRRC26,2,0.0023694542880311332,3423.7937928987076,6853.0459959444015,39.98243871448143,6853.587585797415,0.68023075,1.0,1.0029671224735144
LRRC27,1,3.093790094433629e-5,844.7289998879332,1692.5731517967963,25.34551329848574,1695.4579997758665,0.87800655,1.0,1.0020687831434931
LRRC28,2,0.00015832993381025947,2486.8749865928103,4977.566311373929,37.71844647767666,4979.749973185621,0.758249275,1.0,1.002278956652752
LRRC29,2,4.553146673312847e-6,533.2670637733507,1069.7634253805522,19.752992017544226,1072.5341275467015,0.894665175,1.0,1.0043097027535897
LRRC3-AS1,2,4.296344205241515e-6,78.97397557701412,205.34700510061484,6.621448291678629,163.94795115402823,0.9580228,1.0,1.0028568109032778
LRRC32,2,2.4014175001338498e-5,164.3005149856787,331.36888875216744,10.081383845588517,334.6010299713574,0.942901825,1.0,1.0014014692127216
LRRC37A3,3,1.2567025277246867e-5,482.0761821841114,969.2836757689043,18.561446414528575,970.1523643682228,0.8941435,1.0,1.0030518221474156
LRRC37B,2,0.00022857770428645974,1363.932245964403,2731.268185781119,31.663067887357265,2733.864491928806,0.8424278,1.0,1.0041796327674588
LRRC39,2,2.271191699270204e-6,59.98324520035742,124.6802459759551,5.677988164828805,125.96649040071485,0.963330675,1.0,1.0027023093571972
LRRC3,2,1.538679586647916e-5,390.33852592713987,784.3469574308754,16.440102439363404,786.6770518542797,0.908857625,1.0,1.0028267282905186
LRRC41,2,0.0005684535424080753,3434.155824376648,6872.077867355957,36.50018887121707,6874.311648753296,0.71619305,1.0,1.0052791885505337
LRRC42,2,0.0010376228525858975,4816.904487646657,9638.939291286153,29.717325465587944,9639.808975293314,0.6390491,1.0,1.0065569802532397
LRRC45,3,0.0006393057205683005,1955.0668300345262,3920.302175378221,36.0563705508332,3916.1336600690524,0.7640742,1.0,1.0040391516583302
LRRC46,3,2.40152924184572e-5,164.30051795242116,332.00782656203916,10.081030446724768,334.6010359048423,0.941382175,1.0,1.00354585648235
LRRC47,2,0.0006185772009536494,3250.660429649566,6506.257940889553,37.65150115511996,6507.320859299132,0.6986977,1.0,1.002854120940787
LRRC48,2,2.683975287449563e-5,489.7639240095816,983.9426887154184,18.66587432035915,985.5278480191632,0.8941511,1.0,1.0015022367004318
LRRC49,2,2.1509755818650407e-5,900.7922925420748,1805.3474261385236,26.169651795478227,1807.5845850841497,0.859790025,1.0,1.0035133913978973
LRRC4B,2,1.3393731417268779e-5,445.2760206892664,894.2614820625671,17.735890709411876,896.5520413785327,0.900220525,1.0,1.0020413126139667
LRRC56,2,2.1074883188514644e-5,595.0684041379635,1193.7463505067983,20.864198656993345,1196.136808275927,0.883896275,1.0,1.0052532406042551
LRRC57,2,0.00025171190052964966,1626.544018169211,3257.1487974089523,34.057229793139825,3259.088036338422,0.8034396,1.0,1.0058825112059302
LRRC58,2,0.0020893162512324215,3842.399244448242,7690.075129269977,35.6513615661734,7690.798488896484,0.653676775,1.0,1.0072782968857814
LRRC59,3,0.003266394905812896,8213.799001533644,16433.482834832685,13.759538103064221,16433.598003067287,0.448051775,1.0,1.001879259796443
LRRC61,2,0.0001477730826639542,2347.649711880019,4698.2995102340965,37.46389098727469,4701.299423760038,0.792582775,1.0,1.0064173035108053
LRRC66,2,3.210783336167519e-7,25.436209322410768,53.94519590347522,3.629713889049683,56.872418644821536,0.973224425,1.0,1.0035993441790276
LRRC69,3,3.6468328943294434e-6,420.4053851711121,843.6046396464972,17.237183758051145,846.8107703422241,0.909942675,1.0,1.0054441929671343
LRRC6,3,0.0005371686188988558,1445.858677386796,2897.7723683751806,32.31987991704174,2897.717354773592,0.800107775,1.0,1.0049929922983123
LRRC71,2,1.7386900545571631e-6,53.420059013585046,109.19825644263973,5.327661333979152,112.84011802717009,0.96556275,1.0,1.0020152399360722
LRRC73,2,7.773457636801084e-6,643.0863367208896,1289.0442317573568,21.871876202262175,1292.1726734417791,0.8937694,1.0,1.0031214499470282
LRRC8A,2,0.00031456371613623865,1695.3395618263546,3393.670259628222,34.538936443383086,3396.679123652709,0.8238041,1.0,1.00348846617046
LRRC8B,2,6.141169785814291e-5,956.4804050343187,1916.1432169114812,26.856392588064303,1918.9608100686373,0.86216375,1.0,1.0027747931335054
LRRC8C,2,6.127322414844043e-5,768.0689346049309,1539.9821676778045,23.89514713626397,1542.1378692098617,0.869479575,1.0,1.0035575421593033
LRRC8D,2,9.698298364908577e-5,906.5218948839783,1816.3110011431652,26.319360369485953,1819.0437897679567,0.8716467,1.0,1.0023151825816405
LRRC8E,2,5.980230411477634e-5,781.8701403484707,1567.4130871406048,24.131665802601784,1569.7402806969415,0.871786925,1.0,1.0032311829914504
LRRCC1,3,0.0015661546173738213,3219.8500354170233,6452.86732125998,38.358063094539396,6445.7000708340465,0.67009675,1.0,1.0053488608655852
LRRD1,2,1.7526015485440735e-6,53.420095948601585,109.53498733420162,5.327867013801584,112.84019189720317,0.965278125,1.0,1.003330935523389
LRRFIP1,2,0.0017872158536725593,7562.331172460515,15130.788100120288,15.23919231320544,15130.66234492103,0.527932875,1.0,1.0077653366846966
LRRFIP2,2,0.0006328322912391404,4196.528903330052,8397.576080987123,34.32117115278707,8399.057806660105,0.635099775,1.0,1.0040588445678547
LRRIQ1,2,4.7491318801267255e-5,914.6893108096901,1832.609259972234,26.274464101611624,1835.3786216193803,0.859785625,1.0,1.0021142261774674
LRRIQ3,2,1.397840070831657e-5,804.7631311094048,1612.9897004136965,24.688330166871484,1615.5262622188095,0.86892495,1.0,1.0037648300123154
LRRK1,2,2.0463958022510593e-5,606.3533534372564,1216.0721626864865,21.088409190502386,1218.7067068745127,0.88540465,1.0,1.001983846282636
LRRN2,2,8.076787190601607e-6,632.0917522614545,1267.2705153831228,21.660889469695633,1270.183504522909,0.8852575,1.0,1.0036248105962189
LRRN4CL,2,1.7386079783525149e-6,53.42005879567272,109.14776226565911,5.328698896137701,112.84011759134545,0.966122025,1.0,1.0028847302678454
LRSAM1,2,0.0004090916070119528,1744.4149943134641,3493.2495833196062,35.01655244576467,3494.8299886269283,0.805239025,1.0,1.0059038160634224
LRTOMT,2,0.00019458598051642323,1382.189887140493,2769.3353637411574,31.880369669344592,2770.379774280986,0.810318975,1.0,1.001323870465103
LRWD1,2,0.0007017162523219303,3266.3650942600834,6537.274658878123,37.2315164496846,6538.730188520167,0.697124925,1.0,1.0067107770569645
LSG1,2,0.0004925982134622708,2944.4734505934516,5894.697978269133,38.290175970237364,5894.946901186903,0.708637525,1.0,1.0026050864934108
LSM10,2,0.003285702111678574,6779.710422526686,13565.084580674558,19.450415116585862,13565.420845053372,0.56225535,1.0,1.0038087790601828
LSM11,2,0.00012636996749079395,972.6898432450502,1949.3420432752803,26.972756913231734,1951.3796864901003,0.853898475,1.0,1.0028101787275372
LSM12,2,0.005030092912485344,6780.103682272389,13564.787719391245,18.66672754000187,13566.207364544778,0.515373225,1.0,1.0068231099745215
LSM14A,2,0.002383083999949135,6732.1253267591665,13472.138139541608,19.05992351861372,13470.250653518333,0.56061735,1.0,1.00694099860878
LSM14B,2,9.445134992916424e-5,2083.764400362383,4172.801004038418,36.62257631131725,4173.528800724766,0.757245425,1.0,1.0071119115295013
LSM1,2,0.004324568717385875,8022.487966056058,16051.111871362653,13.139811745506222,16050.975932112116,0.4985181,1.0,1.017739077343643
LSM3,2,0.018985886322474263,12143.253821349494,24402.476193374354,7.372563184076045,24292.507642698987,0.3592789,1.0,1.0019012040006638
LSM5,2,0.018760602062382867,12500.880448003663,25209.45072826634,6.585653290074657,25007.760896007327,0.32674195,1.0,1.0059633221907172
LSM6,2,0.007695592880331998,8434.307447255818,16873.743416377245,13.237066537916622,16874.614894511637,0.42854575,1.0,1.0048762371231001
LSMEM2,2,2.2741064014217964e-6,59.98325293889163,123.31016483864722,5.6783541789766945,125.96650587778326,0.96355695,1.0,1.003055351469893
LSP1,2,5.1113092726631805e-6,85.10928655172516,172.75041487846647,6.913383082881284,176.21857310345032,0.957969075,1.0,1.0027416082832405
LTB4R,2,3.305901246711082e-6,525.4564517015821,1060.7288133064962,19.585166206086765,1056.9129034031641,0.887972525,1.0,1.0017373439441957
LTBP1,2,9.890452053415461e-6,572.2238265368376,1154.739524253098,20.47116929838263,1150.4476530736752,0.882167225,1.0,1.0043530788913457
LTBP2,2,5.679119928899907e-7,32.76421184902274,67.81469763816452,4.111259546740732,71.52842369804549,0.9714805,1.0,1.0026980764822206
LTBR,2,0.0004305811043195802,4340.745880052805,8686.7537327299,33.645446300999616,8687.49176010561,0.631654125,1.0,1.0058673359110324
LTC4S,2,0.0002614523887960879,1264.7591682657182,2535.401799133461,30.55920423182553,2535.5183365314365,0.815790825,1.0,1.0027277929297438
LTN1,2,3.187905876487964e-5,907.8549047752268,1818.8463789291955,26.22119261585374,1821.7098095504537,0.864550075,1.0,1.0039006998835098
LTV1,2,0.0016790018122469982,5143.850115986038,10292.634892746664,28.557637167254697,10293.700231972076,0.6164978,1.0,1.0027534765767763
LUC7L3,3,0.0033384374008128127,10557.754324886995,21121.13596349286,8.382797084286327,21121.50864977399,0.394627275,1.0,1.0007909917659272
LURAP1L,2,5.3644685184523394e-5,635.6517791302268,1275.2119573089253,21.541930074169418,1277.3035582604537,0.882391925,1.0,1.0021579530550502
LUZP1,2,0.004076103713994721,5142.832674584066,10290.934190551596,28.27564564052846,10291.665349168132,0.614826425,1.0,1.0037269740407109
LXN,2,2.8744417931646423e-6,66.42110304365245,135.24051835474913,6.011685681966464,138.8422060873049,0.962530675,1.0,1.0066036546234556
LY6D,3,4.296071020538966e-6,78.97189879643844,160.33117464904402,6.626711500041225,163.94379759287688,0.96016265,1.0,1.002738692599336
LY6K,3,2.4033024005426094e-5,164.29564410129524,332.2852073617108,10.08073013254107,334.5912882025905,0.94146055,1.0,1.0017764362581651
LY96,3,1.2799918241580087e-6,46.7135331403378,105.244101919475,4.946912407543794,99.4270662806756,0.966804525,1.0,1.004248943942372
LYAR,2,0.0032070760208334718,6792.267455749902,13590.210509783394,23.668477280395294,13590.534911499804,0.52409435,1.0,1.004056063535356
LYG1,2,2.1204535602081555e-5,595.0687483651216,1194.6257832308333,20.862270774887858,1196.1374967302431,0.881336475,1.0,1.0033101136389282
LYG2,2,9.089708116631853e-6,108.87613773766617,220.46449739043499,7.955444079448957,223.75227547533234,0.952569225,1.0,1.0021101200290408
LYL1,2,1.0600409641986703e-5,533.6667788595681,1070.3258237047423,19.679808275008174,1073.3335577191363,0.89862515,1.0,1.001365010719127
LYNX1,3,4.299395124544561e-6,373.47158221300475,750.8177022694077,16.096575778389898,752.9431644260095,0.909332325,1.0,1.003015294962174
LYN,2,0.0006344132473244132,2342.784282547995,4690.666953384394,37.54369546634362,4691.56856509599,0.7370695,1.0,1.005123775614463
LYPD3,2,0.0005516215652243856,1603.0058411284738,3210.335982231379,33.71423841406474,3212.0116822569476,0.80840925,1.0,1.006568275638502
LYPD5,2,1.556061592376569e-5,725.8611004157233,1455.6811819862212,23.325173220330054,1457.7222008314466,0.870590575,1.0,1.0039971003686354
LYPD6B,2,0.000758362491600673,1912.379475364798,3828.858486058092,35.7957808126465,3830.758950729596,0.783828975,1.0,1.0036009023358763
LYPD6,2,1.4019297840945347e-5,424.409721567532,852.5747451244698,17.252910332269497,854.819443135064,0.90322805,1.0,1.0040252894247905
LYPLA1,2,0.0018312841121195132,7348.077964354317,14750.592678053416,15.927955546879181,14702.155928708635,0.4509668,1.0,1.006407468007435
LYPLA2,2,0.0016353360370224578,5864.955736058394,11734.621953864109,23.66300894268094,11735.911472116788,0.549642525,1.0,1.0085449266548852
LYPLAL1,2,0.0015584995844604335,5589.127192590507,11182.824528510944,23.23678648809492,11184.254385181013,0.614730075,1.0,1.0062356024466927
LYRM1,2,0.0021622141481434302,5000.811431509688,10007.935344356489,30.417652634456726,10007.622863019376,0.58155755,1.0,1.008963849834785
LYRM2,2,0.0014527100500850592,5220.374273199762,10446.504039930189,27.226889384405155,10446.748546399524,0.62924655,1.0,1.0068187947094842
LYRM4,2,0.002724846198827558,6817.37416339485,13683.451066950576,17.389571535996012,13640.7483267897,0.4741385,1.0,1.0060496433022281
LYRM5,2,0.0006604105842698547,3289.616387820965,6584.568984302426,37.514431421030125,6585.23277564193,0.6865496,1.0,1.0045762431370668
LYRM7,2,0.0011219799574311903,3316.6054977895833,6639.937710010497,37.75115607188576,6639.210995579167,0.672037425,1.0,1.0026433104190222
LYSMD1,2,3.1388161859051225e-6,453.5476211962172,909.9436424982176,18.007187330497167,913.0952423924344,0.908165975,1.0,1.0020664594121802
LYSMD2,2,0.0008538184790925748,4770.1803524846,9544.694309711147,30.2119857038285,9546.3607049692,0.62697315,1.0,1.0031135173809147
LYSMD3,2,0.0004840925146496389,1831.9282961008187,3666.7607179854576,35.39074748367798,3669.8565922016373,0.818940625,1.0,1.0059675736999354
LYSMD4,2,4.101602022782081e-5,984.2281508552151,1971.3722320505951,27.311476912309928,1974.4563017104301,0.866828325,1.0,1.003802518993126
LYST,2,8.150310309204716e-5,1109.9076585269818,2222.9194882865663,28.912774552225372,2225.8153170539636,0.853949475,1.0,1.0032183126927632
LZIC,2,0.001960830003456655,4059.7151147324857,8125.698838866452,34.497129410710826,8125.4302294649715,0.6596788,1.0,1.0030399046344922
LZTFL1,2,0.00019368107825357822,2222.2448411462165,4453.828448666883,37.145204573802786,4450.489682292433,0.738103675,1.0,1.0076260773407222
LZTR1,2,6.437860215883957e-5,931.0586620390237,1866.2793172382267,26.47419353225261,1868.1173240780474,0.849332975,1.0,1.0041562498355168
LZTS1,2,5.407640711568946e-5,230.63763385111844,464.23760890340054,12.267215388669209,467.2752677022369,0.93323235,1.0,1.001737932330647
LZTS2,3,0.00191519673239824,3961.755948700051,7928.423163322232,35.02491231026646,7929.511897400102,0.6688498,1.0,1.0031152290795855
LZTS3,2,3.912239366398486e-6,390.7326612777629,784.909737319936,16.522908792122273,787.4653225555257,0.907391925,1.0,1.0050975842170753
M1AP,2,0.0002813875492002654,1483.410852980758,2971.898275590449,32.7911080388228,2972.821705961516,0.802003125,1.0,1.0041448940899125
M6PR,2,0.0008888651078648373,5163.355811364269,10331.893217981686,26.355187726084644,10332.711622728539,0.603246075,1.0,1.0045182495013874
MAATS1,2,1.0260634754138428e-5,114.6502741850663,232.02359871413407,8.194567357397027,235.3005483701326,0.9513663,1.0,1.0025556509051838
MAB21L3,2,1.7394891880029146e-6,53.42006113528435,109.33491319786884,5.3276645165357515,112.8401222705687,0.965432425,1.0,1.0030448038694277
MACC1,2,7.297458336482386e-6,661.2314007337017,1325.5710880654162,22.21635351019747,1328.4628014674033,0.884884725,1.0,1.0045283706565125
MACF1,2,0.00038719340362202884,3050.254292625638,6105.191324924052,37.86785737186905,6106.508585251276,0.713103275,1.0,1.0051585303003592
MAD1L1,2,0.0002525900236095934,1551.8435282930595,3106.7544139568226,33.425304779477294,3109.687056586119,0.82526595,1.0,1.0059251343700655
MAD2L1BP,2,0.002199329630878394,3932.7678109866656,7869.749558591742,34.77325971726336,7871.535621973331,0.710394975,1.0,1.004611885097194
MAD2L1,2,0.017977230326380447,5832.359632658493,11714.162753274704,41.65502986560607,11670.719265316986,0.63065735,1.0,1.002613494362745
MAD2L2,2,0.003386481047566182,6487.712288061744,12984.22564243572,21.984392644248942,12981.424576123489,0.52195475,1.0,1.0095933616120873
MADD,2,5.917871462102403e-5,1129.965715266735,2263.066163319484,29.218139309198843,2265.93143053347,0.84812365,1.0,1.0058939247105838
MAEA,2,0.001029407054406942,5108.827916061583,10224.900294526056,28.130015454193043,10223.655832123166,0.5859814,1.0,1.0093987754674043
MAF1,3,0.005535343665099036,8880.208721413559,17768.28462093451,11.40777503296595,17766.417442827118,0.423647,1.0,1.0119479615960194
MAFA,3,4.983094833193617e-6,324.7275200033396,652.6853389630577,14.847307389657722,655.4550400066792,0.91693465,1.0,1.0048945850109496
MAFB,2,5.688855178743937e-5,235.5387066419156,474.0139257401228,12.417220602442534,477.0774132838312,0.93273065,1.0,1.0022903741790825
MAFF,2,0.0015195191328806533,3441.16424936354,6887.111509901049,38.08051520583509,6888.32849872708,0.708387225,1.0,1.0063510321923574
MAFG-AS1,3,0.0012120233701624322,2103.9221749516887,4212.788636700646,36.73843128139579,4213.844349903377,0.755537275,1.0,1.0044013713577846
MAFG,3,0.0009647795937839884,5626.67624621785,11257.959221976156,27.10290201598423,11259.3524924357,0.581882275,1.0,1.0029300251573323
MAFK,2,6.289135175074735e-5,1181.9409539921019,2366.898441820713,29.877229899318266,2369.8819079842037,0.859359025,1.0,1.002207293152973
MAGEA3,2,0.0039046437452633876,6930.933025562617,13867.932492051681,17.121564737850825,13867.866051125235,0.50326295,1.0,1.0062493901839284
MAGEB2,2,0.003864146605873082,9084.427120188482,18201.92959066293,11.017845933388827,18174.854240376964,0.406779725,1.0,1.013860439351919
MAGEE1,2,0.00010765766260485384,306.35076869993213,615.9003447899878,14.455577718515093,618.7015373998643,0.921462825,1.0,1.0020040710978326
MAGEF1,2,0.0022776684418851748,6150.1519497594,12304.941717005213,22.173918921871042,12306.3038995188,0.5647702,1.0,1.005816931175337
MAGI1,2,0.0007130352772296609,2794.434848879891,5593.490951678189,38.57413045816346,5594.869697759782,0.72107295,1.0,1.0029643330118094
MAGI2,2,2.271087693195593e-6,59.983244924221296,122.28925527152815,5.680153807270506,125.96648984844259,0.96440695,1.0,1.003752940669032
MAGI3,2,0.0002339150339619139,1438.66465423678,2880.5216732469335,32.40506122343369,2883.32930847356,0.836358225,1.0,1.0012022518866919
MAGIX,2,0.00013315097226372402,791.3308135676981,1587.2459937577012,24.153779946745843,1588.6616271353962,0.862106475,1.0,1.0030567940599162
MAGOHB,2,0.0010809943970741555,5625.177508722865,11256.965482170157,28.541018349495054,11256.35501744573,0.5802798,1.0,1.0061124590665707
MAGT1,2,0.0004121666373914531,2938.7268633524977,5894.453625279752,37.81190879047925,5883.4537267049955,0.685961,1.0,1.0047663846332844
MAG,2,1.739177380289062e-6,53.420060307434866,109.529684053808,5.326956485484789,112.84012061486973,0.9653805,1.0,1.0024393789625916
MAK16,2,0.0005932702313667517,2942.4906772666823,5889.300182522216,38.352293119184246,5890.9813545333645,0.7285205,1.0,1.0114168716460172
MAK,2,1.2775684774616175e-6,46.713526706352326,96.04287404109719,4.951752881375935,99.42705341270465,0.967067425,1.0,1.0037780984607967
MALL,2,0.003341651652661626,9389.852316496826,18785.59007670539,11.279160539034775,18785.704632993653,0.431743975,1.0,1.0030648537196405
MALSU1,2,0.004364808170113776,8286.645041854434,16578.19623952297,13.297203371621357,16579.290083708867,0.451649375,1.0,1.004470715977352
MALT1,2,0.0005466521724567971,1942.4233696316542,3888.364580262624,36.140890723905756,3890.8467392633083,0.80939135,1.0,1.0019227191215512
MAMDC2-AS1,2,1.4204926178117723e-5,131.63229873209568,265.92241810347883,8.871734933609131,269.26459746419135,0.949111925,1.0,1.0049611508446203
MAMDC2,2,6.272774800368197e-5,245.2664556329375,499.1848812997426,12.70960928104044,496.532911265875,0.926422525,1.0,1.0016459188322056
MAML1,2,0.0005051902153916327,2269.1031781282027,4542.737786266996,37.33275105631739,4544.206356256405,0.7540336,1.0,1.0025770787754618
MAML2,2,0.00033109929329126634,779.7050841929567,1562.4683081726218,24.403569911625656,1565.4101683859135,0.89651575,1.0,1.0027936947579772
MAML3,2,5.8453169879502146e-5,795.5380323615954,1594.7103519533773,24.36266729817481,1597.0760647231907,0.869971025,1.0,1.0014897268959462
MAMLD1,2,6.575422245483657e-5,250.0943210598605,503.3239882267663,12.855467399592301,506.188642119721,0.9284898,1.0,1.0097784305312258
MAMSTR,2,2.1103081788456868e-5,591.2891890830722,1185.83411221732,20.791609472157383,1188.5783781661444,0.892856275,1.0,1.0027762613404472
MAN1A1,2,0.000454187636907493,2405.301756636099,4817.624670593531,37.84796224232441,4816.603513272198,0.725964375,1.0,1.0022427007855086
MAN1A2,2,0.0017604714209850712,6143.184871395292,12290.9943272667,21.902881551669555,12292.369742790584,0.5360737,1.0,1.004565883576028
MAN1C1,2,4.6085476256137876e-5,215.77103421484662,434.48910307226794,11.802985616932265,437.54206842969324,0.934477825,1.0,1.0030812984329596
MAN2A1,2,0.0007663340996714498,2000.9323946361837,4006.6650670080094,36.26351142218048,4007.8647892723675,0.770730875,1.0,1.0047617308788994
MANBAL,2,0.0007410345929931473,4831.848263160526,9679.62628921333,29.744861551279605,9669.696526321051,0.5720493,1.0,1.0050214065831542
MANBA,2,0.0005024765214562759,1913.512049258225,3838.6277338468744,35.87885933628899,3833.02409851645,0.762769925,1.0,1.0017142924969717
MANEAL,2,0.00036144141946734215,1450.4860253343668,2905.343959212864,32.432095732557045,2906.9720506687336,0.809706325,1.0,1.0063858296305992
MANEA,2,3.068920928422358e-5,923.8587373093641,1851.6673350256958,26.466028484493794,1853.7174746187281,0.852333275,1.0,1.0029077112049067
MANF,2,0.006430601226066788,10536.711506395386,21079.612728051754,8.562634396661352,21079.423012790772,0.388554725,1.0,1.0035238975337417
MANSC4,2,3.2021954434146675e-7,25.436207042325243,53.01346644843296,3.640753825025915,56.87241408465049,0.9739767,1.0,1.0019253031920627
MAOA,2,0.0002498606654104833,1197.5796641035047,2400.169613515467,30.160540206635872,2401.1593282070094,0.8344652,1.0,1.0030180934665207
MAP1A,2,0.00013668710295627382,1186.915753273385,2377.398387324925,29.781164154234624,2379.83150654677,0.8360201,1.0,1.003072285078715
MAP1B,2,0.0009525878929496228,1909.4103549846088,3823.380415683106,35.7545056736071,3824.8207099692177,0.788135925,1.0,1.0042122575418804
MAP1LC3A,2,3.5488451860725632e-6,72.74762028397649,149.18853597499805,6.325325278460846,151.49524056795298,0.960298975,1.0,1.0019228373403732
MAP1S,2,0.0006845082498617577,2853.4545752967583,5710.763817061616,37.87229949449652,5712.909150593517,0.7542938,1.0,1.0066076805579935
MAP2K1,2,0.0002573578189107711,3136.499976151344,6279.347063060513,37.354428820781855,6278.999952302688,0.70341,1.0,1.001790943472757
MAP2K2,2,0.004028065684120836,9193.948939603024,18394.792960850675,10.966116674477032,18393.897879206048,0.3908898,1.0,1.0068431036270697
MAP2K3,2,0.0030249184355493753,5534.721606782044,11074.827467612751,26.277950994726034,11075.443213564087,0.599542275,1.0,1.0124638380844178
MAP2K4,2,0.00018818730689590033,2516.148557963908,5036.837294642588,37.868904431573554,5038.297115927816,0.7519569,1.0,1.0044264345553637
MAP2K5,2,0.00010831464807361045,1209.3617718263554,2421.925350687926,30.09088157292743,2424.7235436527108,0.840644275,1.0,1.0039570445857526
MAP2K6,3,3.196871424347877e-7,25.43620562879818,53.262033424410646,3.6337786128065814,56.87241125759636,0.97349175,1.0,1.0018829986654814
MAP2K7,2,0.0006843760050930015,4476.572703888672,8957.565720793615,31.94404567376634,8959.145407777343,0.6415325,1.0,1.0055885261218265
MAP2,2,0.00015882125567109407,814.8979568013098,1635.287536430939,24.505422613577892,1635.7959136026195,0.856899025,1.0,1.0029812526933195
MAP3K10,2,3.2001173287454507e-6,449.44719130399585,902.1066550723693,17.91171582153626,904.8943826079917,0.901615025,1.0,1.0038403076393863
MAP3K11,2,0.0018157489988634868,3957.087041917497,7919.639691118483,35.21002105071377,7920.174083834994,0.67382475,1.0,1.0041870110571252
MAP3K12,2,3.41065993761017e-6,437.0745042310995,880.3231543803562,17.62260549723273,880.149008462199,0.899680675,1.0,1.0033309807041297
MAP3K13,2,0.0015620135588128256,5407.568244842704,10819.819873689843,25.141604112894022,10821.136489685408,0.601182925,1.0,1.0041824073385108
MAP3K14-AS1,2,5.407798134301401e-5,230.637638030692,464.328114569357,12.26688002424601,467.275276061384,0.9316537,1.0,1.0021765786517869
MAP3K15,2,6.9658407592380845e-6,97.1360793068733,196.8683623843093,7.453144899036599,200.2721586137466,0.95523975,1.0,1.0028435507570193
MAP3K1,2,0.0004321298825106212,536.4553374324803,1076.0001791877605,19.914168274808045,1078.9106748649606,0.912090025,1.0,1.0033071596260976
MAP3K2,2,0.0009031825452385329,1909.3828423910065,3823.0481696118163,35.7653064881004,3824.765684782013,0.789637325,1.0,1.004146292094486
MAP3K3,3,0.00010136954720550706,1136.8842526762494,2277.1010232527046,29.222740508029112,2279.768505352499,0.8427577,1.0,1.0023080979825494
MAP3K4,2,0.0002886588136588609,2509.189813727036,5022.651642096525,37.86445190928931,5024.379627454072,0.7514219,1.0,1.0065882958121852
MAP3K5,2,8.667937447116373e-6,609.8895922658432,1223.061244668729,21.22854030812669,1225.7791845316865,0.8847655,1.0,1.0015006349097635
MAP3K6,2,4.079708072223442e-5,987.2877044373186,1980.474519987171,27.353119402711553,1980.575408874637,0.8422057,1.0,1.0071506296906472
MAP3K7,2,0.0001989490352601364,2329.0193195908087,4663.400535243066,37.5914025875759,4664.038639181617,0.738609475,1.0,1.0039361847655586
MAP3K8,2,0.00017058268450771734,1025.799180734267,2055.79073290137,27.663095241063616,2057.598361468534,0.853384225,1.0,1.0028249237313278
MAP3K9,2,6.150524796096283e-5,764.6023538942436,1533.0123195741623,23.836778145417224,1535.2047077884872,0.87694415,1.0,1.0058590671116572
MAP4K1,2,0.000777020575977676,2079.7314887706534,4168.584608487831,36.62503849252675,4165.462977541307,0.754516175,1.0,1.0044538194083337
MAP4K3,2,0.00021755896207918717,1398.6644283651463,2800.7180944439247,32.02911924217516,2803.3288567302925,0.82726725,1.0,1.003850551830274
MAP4K4,2,0.0018386291470347807,3507.4863112902663,7020.136342105885,37.37189970908072,7020.9726225805325,0.668475,1.0,1.0049733229773057
MAP4K5,2,0.00014334227858689804,2457.5020693198426,4921.554987550456,37.676332517938285,4921.004138639685,0.73555705,1.0,1.0042626565142778
MAP4,2,0.002507573518458575,5841.710146932543,11723.37040412333,21.589051164029716,11689.420293865085,0.513616075,1.0,1.0048024483315232
MAP6D1,2,0.000144126590390073,935.1964794259684,1873.7036613259568,26.754856353437173,1876.3929588519368,0.869561675,1.0,1.0026868861126972
MAP7D1,2,0.0007635170246065176,3646.8541586952933,7297.192847030934,35.64755411319925,7299.708317390587,0.71527055,1.0,1.0017626479826338
MAP7D2,2,1.0261310579557334e-5,114.65027597938278,232.65485961151666,8.19415856523283,235.30055195876557,0.9509722,1.0,1.003177282907585
MAP7D3,2,0.004245073311458509,5552.248168645214,11109.13897555943,26.466145947543403,11110.496337290428,0.583979275,1.0,1.004150518731391
MAP7,2,0.0008777830492487003,3288.439292787685,6581.809218466224,37.446073294647405,6582.87858557537,0.68603,1.0,1.0034959137162593
MAPK10,2,2.220273561363569e-5,158.96178669600084,320.9055621810247,9.89048487921139,323.9235733920017,0.9427233,1.0,1.0029018633869147
MAPK11,2,0.0001819238045090835,991.4283877105618,2001.557395342224,27.1578608899488,1988.8567754211235,0.835708025,1.0,1.0021011333903238
MAPK12,2,0.002311607148528568,4082.3367696053283,8185.63866300808,34.55032679473008,8170.673539210657,0.61366795,1.0,1.0034972716933752
MAPK13,2,0.0005650611682405229,3146.4808176234187,6305.0291124628,37.71518030206099,6298.961635246837,0.67444295,1.0,1.0078210620797508
MAPK14,2,0.0008540784936386114,2227.225489943207,4457.64672478989,37.1925628129666,4460.450979886414,0.79630055,1.0,1.0037964818201246
MAPK1IP1L,2,0.002173160743032688,5664.28354542384,11333.372237331745,23.380035134476895,11334.56709084768,0.61296005,1.0,1.0074421396477355
MAPK1,2,0.0003651974666365419,3168.5238774200707,6343.742546643389,37.36930134419156,6343.047754840141,0.696028975,1.0,1.0027913642746142
MAPK4,2,7.987811711048401e-6,103.03945491862893,208.7486076865931,7.7084884349879506,212.07890983725787,0.95370335,1.0,1.0014457256382938
MAPK6,2,0.0017237211223327682,3709.0642553661355,7424.464885100281,36.92581229524382,7424.128510732271,0.68618845,1.0,1.0134475594545613
MAPK7,2,7.361132826475142e-5,1162.5214520959482,2327.9500192600526,29.590892648192817,2331.0429041918965,0.8605032,1.0,1.0018756762738927
MAPK8IP1,2,0.00018509640979240993,1317.1034843908492,2638.952667119697,31.208770713965034,2640.2069687816984,0.816123925,1.0,1.003015583893597
MAPK8IP2,2,3.647948588805877e-5,598.0673648521765,1200.4603889181362,21.07681444429459,1202.134729704353,0.883001175,1.0,1.002280719273807
MAPK8,2,0.0010288894147630193,2826.7121478251634,5660.259551268729,37.97886881737208,5659.424295650327,0.70268755,1.0,1.0015186785210584
MAPK9,2,0.0001442978484380779,2250.4770981680217,4507.318161505596,37.20438985878136,4506.954196336043,0.747002475,1.0,1.0043686262395728
MAPKAP1,2,0.0008926942489203667,4102.645516698041,8224.425048263076,35.12475409680689,8211.291033396083,0.611763075,1.0,1.006437057980842
MAPKAPK2,2,0.00015424440585290906,2158.4303380183223,4321.582383244429,36.89951044137792,4322.860676036645,0.7608102,1.0,1.0033868745112355
MAPKAPK3,2,0.002048487318803636,5454.026617466463,10916.842642823536,25.646459930504715,10914.053234932926,0.5591858,1.0,1.0038908172835759
MAPKAPK5-AS1,2,0.00137299534506777,3983.5299994066627,7971.476389921574,34.26416735753925,7973.059998813325,0.711667175,1.0,1.0026938691925136
MAPKAPK5,2,0.0008304149449999134,3291.104027384942,6587.5762482136615,37.32480465776079,6588.208054769884,0.706806175,1.0,1.0073779253221293
MAPKBP1,2,1.8622957623068065e-5,821.5078604123967,1646.3798250758787,24.966318822247,1649.0157208247933,0.869793025,1.0,1.0023885482727284
MAPRE1,2,0.0037736403296085067,5353.56896560188,10721.794892812959,26.7285216295812,10713.13793120376,0.5475654,1.0,1.0063872138734777
MAPRE2,2,0.00031913709195947805,1777.1069118356074,3557.863095951745,35.15633785990936,3560.213823671215,0.80694335,1.0,1.0036604703679415
MAPRE3,2,0.00044776087075900533,1646.7786280261935,3299.1819203852256,34.092620623704846,3299.557256052387,0.78896065,1.0,1.001813574259915
MARCKSL1,2,0.008630357176429968,11914.492215842949,23835.09484783026,6.783121179001728,23834.984431685898,0.338668575,1.0,1.0104373814975682
MARCKS,2,0.004012360637810637,5162.277243537146,10329.840525874042,32.88671461534153,10330.554487074292,0.579478175,1.0,1.0011292903752969
MARK1,2,2.4911652257813606e-5,517.7568493096792,1039.4303182681535,19.27172129565048,1041.5136986193584,0.891777675,1.0,1.0030546356028005
MARK2,2,0.00017679870787724414,2666.132062196465,5336.55256345978,37.99456527892557,5338.26412439293,0.7538458,1.0,1.00275256440961
MARK3,2,0.001920805677248753,4055.125389683666,8115.569717391443,34.47530138890648,8116.250779367332,0.67545585,1.0,1.0057728619181323
MARK4,2,0.0005067990704895879,1913.6290295302636,3830.8192104329287,35.992122141336296,3833.258059060527,0.8098907,1.0,1.0057998789862148
MARS2,2,1.3917019587436498e-5,764.0044484895423,1530.860909189458,23.995426238040263,1534.0088969790845,0.889604975,1.0,1.0027193207552243
MARS,2,0.00034588917182480975,2933.3156051859737,5872.814983553365,38.06987312038097,5872.631210371947,0.700812275,1.0,1.003648040161471
MARVELD1,2,0.0013539178516712407,3688.144796086863,7381.069447109483,35.72557695787655,7382.289592173726,0.676442375,1.0,1.00522661896397
MARVELD2,2,0.000663358725346252,1754.8497570114876,3513.7113003246536,34.83304569898559,3515.699514022975,0.8077219,1.0,1.0050165573891088
MARVELD3,2,0.00034219598376239506,2849.843560583546,5704.451405440886,38.07140144515887,5705.687121167092,0.7372072,1.0,1.005097520150409
MASP2,2,2.0596102263149804e-8,5.468265150866273e-5,1.3938556974342613,1.401258040798223e-14,6.000109365303017,0.982336325,1.0,1.0034698813211165
MAST1,2,0.00030198916751701633,1719.1891516278881,3441.413195037439,34.72515195525632,3444.3783032557762,0.8222537,1.0,1.0046668160194938
MAST2,2,5.1010263154542775e-5,1020.4911735035373,2044.7789518778256,27.885089401178877,2046.9823470070746,0.849414625,1.0,1.0045460550796317
MAST3,2,9.069575183628116e-5,985.9825545752207,1975.0305986764126,27.445349026227547,1977.9651091504413,0.877097575,1.0,1.00377799711609
MAST4,2,2.0466943995297774e-5,153.5785186827705,309.88998655778005,9.696463045208976,313.157037365541,0.9450341,1.0,1.0025758097287973
MASTL,2,0.00016925411524748235,901.5428083498182,1807.790979264518,25.86133829938179,1809.0856166996364,0.851459975,1.0,1.001142544694416
MAT2A,2,0.0012021007923415507,3988.74291644777,7982.11066116601,36.916609266913696,7983.48583289554,0.64577365,1.0,1.0050481686777757
MAT2B,2,0.0017951286136007928,4057.3161647549596,8120.903458259972,34.26287579622132,8120.632329509919,0.653941975,1.0,1.0072422164786117
MATN1-AS1,2,0.00017958579251400018,377.34137382260576,757.695804080923,16.299415875762527,760.6827476452115,0.92387695,1.0,1.0040754085709147
MATN1,2,8.942897532989359e-7,39.839565560119325,81.9807913717634,4.549229543547672,85.67913112023865,0.969238725,1.0,1.0039140276590597
MATN4,2,2.0459358791358577e-5,153.58303922417454,309.95079666948254,9.696314787617792,313.1660784483491,0.9444035,1.0,1.003479185830327
MATR3,2,0.00217442809223283,7325.8430002127425,14656.671091181091,16.315546943393542,14657.686000425485,0.50581385,1.0,1.0048939439957119
MAU2,2,0.00017817988925594166,1236.038412346694,2475.688417353787,30.312303984344325,2478.076824693388,0.83459405,1.0,1.0031272111536653
MAVS,2,0.0001939064721135802,1471.7291897213718,2946.5365956408314,32.76071906458676,2949.4583794427435,0.8300776,1.0,1.0030363287171342
MAX,2,0.0006061006009866101,4573.321717260784,9151.134509887755,31.406734503925982,9152.643434521568,0.64954135,1.0,1.0071122326103883
MAZ,2,0.003057710747160337,5117.356868932335,10239.287286314644,29.66051100295482,10240.71373786467,0.58853465,1.0,1.003959130467326
MB21D2,2,5.38590834945504e-6,537.1484898365796,1077.2028791241576,19.8356045592648,1080.2969796731593,0.9069814,1.0,1.007506298044079
MBD1,2,0.0010480668223684375,1964.0411587315746,3932.717875764511,36.04886743987132,3934.082317463149,0.777800975,1.0,1.004601348625476
MBD2,2,0.0006099661623632659,2356.7698967714596,4718.133369069914,37.63184788024246,4719.539793542919,0.74012675,1.0,1.0045638868384925
MBD3,2,0.00047746564624427386,1886.4230984628573,3777.7033885304077,35.84622974830456,3778.8461969257146,0.793316575,1.0,1.0049125808480146
MBD4,2,0.0006658420679451382,3194.897940234195,6393.7196113358295,37.35092312353068,6395.79588046839,0.743816925,1.0,1.003264852849221
MBD5,2,0.00012205369878194506,997.8323607098761,1999.5245305114197,27.336884502982315,2001.6647214197521,0.854534325,1.0,1.0040890999841585
MBD6,2,6.027115713342868e-5,1124.1183094635135,2257.6961360136283,29.138548415453005,2254.236618927027,0.826950275,1.0,1.002833053259616
MBIP,2,0.00023979082990761345,3104.175650882735,6211.410215218653,37.43253842070263,6214.35130176547,0.74959275,1.0,1.0017713203390028
MBLAC1,2,1.4412584827211005e-5,415.9736048899476,835.5371155608775,17.05473055773885,837.9472097798952,0.905008475,1.0,1.0022041074103654
MBLAC2,2,0.00011447245320431678,892.2833940199284,1788.6714257909591,25.796140307154165,1790.5667880398569,0.858155575,1.0,1.0070945522386208
MBNL1-AS1,2,0.00023387090483046328,799.7563511455305,1604.1840118756274,24.176539630948195,1605.512702291061,0.860756375,1.0,1.0024061023658069
MBNL1,2,0.0017799089202831372,4813.605102130894,9632.14910363482,31.405221375897526,9633.210204261788,0.5977609,1.0,1.005484573101628
MBNL2,2,0.00034489027792779665,2740.6690769988186,5486.354956051739,38.29874203629189,5487.338153997637,0.72587855,1.0,1.0050784680087521
MBNL3,2,1.4211139687756752e-5,131.63231522896376,266.70281606691606,8.870924597828072,269.2646304579275,0.947462125,1.0,1.0016710929942185
MBOAT1,2,1.8596548793873222e-5,650.7568342425158,1304.7387838408658,21.946622535007215,1307.5136684850315,0.88093815,1.0,1.0032071426891185
MBOAT2,2,0.0005113692144964532,1671.844983914741,3349.210522508774,34.262924435205306,3349.689967829482,0.7883452,1.0,1.00211548157333
MBP,2,0.0008617758330276979,3245.1156274154755,6494.555295851975,37.71209412828343,6496.231254830951,0.7108852,1.0,1.0060474105380286
MBTD1,3,0.0002669313162161427,2592.4824528891604,5189.331717676866,37.8401607876409,5190.964905778321,0.7421109,1.0,1.0033289640515621
MBTPS1,2,0.00044887874758588924,4610.9329762368125,9233.908254129828,29.747139427808854,9227.865952473625,0.61190765,1.0,1.00519863044965
MBTPS2,2,7.813960586608945e-5,985.040741878084,1974.0511882785263,27.22872492451046,1976.081483756168,0.8472724,1.0,1.001969030344223
MB,2,0.00022878568659175132,813.6270867297687,1631.7233772956095,24.41044974972836,1633.2541734595375,0.86008015,1.0,1.002940926012757
MC1R,2,4.167012184616663e-5,774.9806555818697,1553.4340489830445,24.06380265046553,1555.9613111637393,0.869445025,1.0,1.0029609841716818
MCAM,2,1.5527185464864192e-5,725.8307941597112,1457.032386242786,23.323435784405245,1457.6615883194224,0.867384625,1.0,1.0056297700773222
MCAT,2,0.0017742407805548357,4364.623946964178,8734.3123152407,33.92249303432503,8735.247893928356,0.655649,1.0,1.0049453923591332
MCCC1,2,0.00019218249319187641,1560.6692364591688,3125.091208653898,33.56386353494367,3127.3384729183376,0.811567575,1.0,1.0039335395782152
MCC,2,8.634541903276629e-5,1284.1349102945064,2571.3714717359503,31.012500781906155,2574.269820589013,0.84899615,1.0,1.0024459890377522
MCEE,2,0.00054318919197785,1960.599812869599,3924.5849842439043,36.1247169836251,3927.199625739198,0.7933945,1.0,1.005306984906294
MCF2L2,2,5.6888698565519905e-5,235.5387070316114,474.1072466295024,12.417177636872772,477.0774140632228,0.931222125,1.0,1.0027323227211185
MCF2L,2,0.00012079808739958607,817.4764644567645,1638.7775450684553,24.966218543782063,1640.952928913529,0.868653025,1.0,1.0024571685642785
MCFD2,2,0.001681383206154799,6546.568575138518,13098.730446132178,18.708962783566815,13099.137150277036,0.529349575,1.0,1.006963885022516
MCIDAS,2,0.00012816076787766122,328.9801528737024,661.0647318056401,15.062440780653313,663.9603057474048,0.92202145,1.0,1.0036918807552013
MCL1,2,0.001023286844420044,3631.8366518694756,7267.518529845618,35.900375631248224,7269.673303738951,0.73537385,1.0,1.0039402557293833
MCM10,2,0.002630068396026395,1708.0921615838315,3421.386023768071,33.84352405615968,3422.184323167663,0.791418825,1.0,1.004213718074967
MCM2,2,0.00024971651062952833,2089.3633424158793,4189.684989180756,36.64475682140918,4184.726684831759,0.745265825,1.0,1.0032133146162463
MCM3AP-AS1,2,4.5531937705949135e-6,533.267063898394,1069.5323969194164,19.753700790651685,1072.534127796788,0.90113885,1.0,1.0035501689796367
MCM3AP,2,0.0005102631615405494,1797.2815851596038,3599.6419124923773,35.15255639926656,3600.5631703192075,0.783452725,1.0,1.001427121511513
MCM3,2,0.0029174550676483064,5123.607557113392,10256.114719523366,34.790654272778,10253.215114226785,0.593006125,1.0,1.0074489613669815
MCM4,2,0.000832825212363459,2549.0626006171306,5106.412850560802,38.41952249978449,5104.125201234261,0.723474225,1.0,1.004194718441053
MCM5,2,0.0026301214277268488,3775.840303664107,7580.221860198003,38.63779832040627,7557.680607328214,0.645596925,1.0,1.0026764667392392
MCM6,2,0.000921115638609501,2685.558953008574,5377.656960389021,38.390616289778066,5377.117906017148,0.7083719,1.0,1.0049605775461627
MCM7,2,0.004727937410879499,4777.1326364162,9581.551154707635,34.781028540928375,9560.2652728324,0.59481035,1.0,1.0124284567575983
MCM8,2,1.901341767839383e-5,643.435817728385,1290.8821299136457,21.80542849798134,1292.87163545677,0.877384225,1.0,1.0023196127136689
MCM9,2,1.1372987113030508e-5,506.10421256900713,1015.2951513578793,19.09290916709423,1018.2084251380143,0.90087355,1.0,1.0038874404309657
MCMBP,3,0.0006296445376341988,4273.404185003526,8551.908570217822,34.53782014113386,8552.808370007053,0.62750135,1.0,1.005400228602481
MCMDC2,3,1.7476447469300757e-6,53.4200827882933,109.25220634346499,5.328217083647622,112.8401655765866,0.965549425,1.0,1.003761971553383
MCOLN1,2,0.00035942579835521513,1679.3943397304636,3368.1138423536495,34.38953605226666,3364.788679460927,0.78164465,1.0,1.0020044301254163
MCOLN2,2,2.460853394732658e-5,801.976218186392,1608.5798549395297,24.575764338891112,1609.952436372784,0.86208155,1.0,1.0019107456339311
MCPH1,2,0.0007353102922562169,1887.026355946713,3777.6122221784844,35.65242882126079,3780.052711893426,0.810797075,1.0,1.0039942209442492
MCRS1,2,0.0030864698767800324,5356.46347471603,10718.219354542802,26.414976079144697,10718.92694943206,0.5633096,1.0,1.0028095929820253
MCTP1,2,5.1111024009985675e-6,85.1092860024809,172.8370757933352,6.912993187424099,176.2185720049618,0.9577646,1.0,1.0021306590387722
MCTP2,2,7.970434596004713e-6,635.7643498829173,1274.7544783978922,21.731486663209214,1277.5286997658345,0.88278745,1.0,1.0028939599046764
MCTS1,2,0.002380984922532143,6642.045540097416,13289.680625658304,18.808223447368405,13290.091080194832,0.53162465,1.0,1.0110333631019808
MCUR1,2,0.003488132717059747,5990.299936359387,11986.049648683063,24.58780077912396,11986.599872718774,0.52920715,1.0,1.0049558232382174
MCU,2,0.0008051642042807792,1636.4244795920215,3280.0502782856197,33.91833795337853,3278.848959184043,0.78339335,1.0,1.002237982894987
MDFIC,2,0.0001272007270270139,1235.169217013174,2475.477352324853,30.362716319319393,2476.338434026348,0.822391975,1.0,1.0027854267563356
MDFI,2,0.0008050402673668227,2639.037255658077,5282.657237923218,38.10258306378954,5284.074511316154,0.72579765,1.0,1.0043350608242936
MDGA1,2,4.698802953272804e-6,338.21824946827144,680.3056147212752,15.200153525549887,682.4364989365429,0.913840875,1.0,1.0031281607480214
MDH1B,2,0.00016822511912794534,947.8237800083842,1902.7135307462909,26.943471337691346,1901.6475600167685,0.846039325,1.0,1.002645303228575
MDM1,2,0.00012566251008191227,1240.9116405504972,2485.2521851794017,30.434197736879142,2487.8232811009943,0.83387875,1.0,1.005467150773653
MDM2,2,0.0011627515496807034,3039.93347865696,6084.414229079479,38.63653849710686,6085.86695731392,0.71131935,1.0,1.009653521658364
MDM4,2,0.0015506813469957725,3319.008401175455,6642.725105960936,37.61187803597685,6644.01680235091,0.681036475,1.0,1.0015047508190928
MDN1,2,0.0009313592724567183,2111.195925690811,4225.499795487613,36.726424113339256,4228.391851381622,0.80007905,1.0,1.0022977760962304
MDP1,2,0.000712586759282932,2254.9714095092263,4514.6919381520875,37.232917626759,4515.942819018453,0.759716675,1.0,1.0031123741518504
ME2,2,0.0010756276946293501,3225.0765661844976,6456.498898545751,37.88521313104592,6456.153132368995,0.67622455,1.0,1.0046620384616747
MEA1,2,0.0024441922458373166,7405.702568025772,14820.160295291917,16.134137938911334,14817.405136051544,0.479567125,1.0,1.0053984752282203
MEAF6,2,0.002785411315611734,6739.528581269069,13483.81817288755,17.234972258684667,13485.057162538138,0.513728425,1.0,1.0037171208092799
MECOM,2,6.604562447838171e-5,722.4937813050045,1448.938937528993,23.097105813166966,1450.987562610009,0.874658125,1.0,1.0020214741876141
MECP2,2,0.0006609010178795865,3408.364034784415,6821.568531582918,36.98287470407279,6822.72806956883,0.7103407,1.0,1.0025939511980773
MECR,2,0.0007843025536534911,4346.1890561612845,8698.779035663028,32.97439190141745,8698.378112322569,0.6121253,1.0,1.0046948042458796
MED10,2,0.0014467123346000555,6496.536230560635,12997.683465679513,19.172186436625932,12999.07246112127,0.571833925,1.0,1.0055207256308631
MED11,2,0.001566816404093012,3839.069277203965,7683.118424603392,35.03418795734694,7684.13855440793,0.689983025,1.0,1.003094376557192
MED12L,2,4.944320593879795e-6,324.7274170577342,653.6200003694511,14.845096822908806,655.4548341154684,0.9155097,1.0,1.00535122078298
MED12,2,0.00023635493568771942,1591.6339365155359,3187.6167873350146,33.783903011019035,3189.2678730310718,0.80264335,1.0,1.0036236888228072
MED13L,2,0.0011151280183948785,2868.5964133868,5741.813104739681,37.94839896456945,5743.1928267736,0.74386895,1.0,1.0040162806891475
MED13,3,0.000420709418500147,2451.310218007182,4906.896491667927,37.89181175393384,4908.620436014364,0.7395558,1.0,1.003168048662562
MED14,2,9.250383943386903e-5,1290.2485315839483,2585.114582774399,31.044267372129386,2586.4970631678966,0.824203575,1.0,1.0011968876427544
MED15,2,4.7527737355178564e-5,2329.39675250567,4662.169321506542,37.42709208506891,4664.79350501134,0.774338675,1.0,1.0051992922241868
MED16,2,0.00014500484448372978,2865.3616012441835,5734.7783660504965,37.79207314998985,5736.723202488367,0.732883675,1.0,1.0017047130082697
MED17,2,0.0003662448113781296,3258.9504202539347,6520.742142535834,36.991632534615334,6523.900840507869,0.756031825,1.0,1.0022631180539048
MED18,2,0.0008139408743812035,2044.32408664179,4091.6215488522657,36.45989101796418,4094.64817328358,0.8160106,1.0,1.00258083152433
MED19,2,0.000583032792176023,4511.909557279699,9028.193774781355,31.803459577473244,9029.819114559397,0.644440075,1.0,1.0056914987233814
MED1,2,0.00026753157048142214,2741.327164111255,5487.695884044235,38.155065176057484,5488.65432822251,0.723514575,1.0,1.0040016028410024
MED20,2,0.00017892185401149554,1233.2682164925952,2470.3376450019364,30.279422133047596,2472.5364329851905,0.829665975,1.0,1.0047510743878028
MED21,2,0.0031260062800561013,5118.2044781913155,10240.950891848788,29.063020297603522,10242.408956382631,0.5918592,1.0,1.0072393152586223
MED22,2,4.891793851411139e-5,686.9700542672979,1377.742112016288,22.504786180149193,1379.9401085345958,0.87684375,1.0,1.0024574743689085
MED23,2,0.00010161339876252348,975.8099039001394,1955.6486405597623,27.05317189598666,1957.6198078002787,0.848119125,1.0,1.0056757528248348
MED25,2,0.00048301104261950817,3053.858044432134,6120.501590801316,37.57717425092328,6113.716088864268,0.687341325,1.0,1.0023573548085847
MED26,2,0.0002571142861430844,1200.474186390203,2403.8746947844584,30.195782725516974,2406.948372780406,0.878813925,1.0,1.0033048402762421
MED27,2,0.0010532923310416981,2520.268722207021,5044.657746768804,37.766739626510656,5046.537444414042,0.74651345,1.0,1.002471446105977
MED28,2,0.0029031367070572875,7817.670335521369,15640.19151381496,13.571346958145709,15641.340671042739,0.493963525,1.0,1.0113045429786796
MED29,2,0.0019619355252210096,4420.094936839792,8843.177549277512,31.014309408754468,8846.189873679585,0.693315375,1.0,1.0051939687871307
MED30,3,0.0023662825573953976,6020.802941668581,12051.047360154114,23.61747727619292,12047.605883337163,0.521105175,1.0,1.0013878580856994
MED31,2,0.0008675925413999933,5871.721945694773,11747.879882235118,23.394216376894473,11749.443891389546,0.578402675,1.0,1.0051165956920944
MED4-AS1,2,7.26104377942972e-9,1.9278071234385907e-5,1.962971103176361,8.090167070589817e-15,6.000038556142469,0.9820587,1.0,1.0025514934274882
MED4,2,0.003499247073339422,6859.287995117008,13723.199577811809,17.237033633733308,13724.575990234016,0.527305725,1.0,1.0080854410350064
MED6,2,0.0018499909335884038,4059.710071383644,8124.505736503648,34.20137666033431,8125.420142767288,0.6769215,1.0,1.0025021112661072
MED7,2,0.0005230742049739857,3244.2658004308846,6492.331952044411,37.23504186548384,6494.531600861769,0.7546785,1.0,1.0033123308642746
MED8,2,0.0021505893754386347,4065.1433082847993,8134.77165642182,33.99587686951476,8136.286616569599,0.699750325,1.0,1.008770375513918
MED9,2,5.176100154604765e-5,1078.4686743787756,2159.845485734309,28.630490768319014,2162.9373487575513,0.87564845,1.0,1.0029716527858026
MEF2A,2,0.0005141289197160908,3397.035255041498,6797.9227794254875,36.7342922516038,6800.070510082996,0.72385195,1.0,1.0073210187069022
MEF2C-AS1,2,5.684222874157366e-7,32.76421320385471,67.83697519985027,4.10834866722471,71.52842640770942,0.9714623,1.0,1.001639931382567
MEF2C,2,0.0012308058656158504,2909.235447647795,5823.725141962449,39.00112613325156,5824.47089529559,0.718686725,1.0,1.0048294468788137
MEF2D,2,9.87282085095126e-5,1136.8772399220115,2276.873869230094,29.222260374075503,2279.754479844023,0.85250215,1.0,1.0055403628298383
MEGF11,2,0.00011162980539069586,310.91178537544283,632.4112256975493,14.577386392724318,627.8235707508857,0.91620745,1.0,1.00246316479393
MEGF6,2,5.991868005461082e-5,877.4705026234936,1816.1525734905742,25.859498464973907,1760.9410052469873,0.844976525,1.0,1.0027254198488345
MEGF8,2,3.347704961346796e-5,891.7252905813234,1793.5125760877095,25.96690965530189,1789.4505811626468,0.8477771,1.0,1.0018666053400194
MEGF9,2,9.037154528099761e-5,1050.0280679169498,2103.4776521908216,28.106847637034537,2106.0561358338996,0.8474171,1.0,1.0040505702840896
MEI1,2,7.990677242779856e-6,103.03662940829498,209.51297111007082,7.708173169865132,212.07325881658997,0.95344055,1.0,1.0028203108612679
MEIG1,2,0.0002272776195665043,1270.3748158250319,2545.8102305541593,30.651571187958858,2546.7496316500637,0.81793805,1.0,1.0064733265728962
MEIOB,2,5.112013677277494e-6,85.10928842191942,172.8960636192307,6.913040269646076,176.21857684383883,0.9576597,1.0,1.0043662723100628
MEIS2,2,0.000814314157130858,1849.0440969920185,3702.229526347773,35.4160783017294,3704.088193984037,0.801053825,1.0,1.001722780818663
MEIS3,2,0.001692665349182491,3694.578389374745,7404.622401501492,36.63998623031395,7395.15677874949,0.6394018,1.0,1.0024998217063519
MELK,2,0.0012494637325124952,2588.2194938543184,5182.768412190547,38.96441517878295,5182.438987708637,0.734637125,1.0,1.003232439980077
MEMO1,2,0.00016475342935987476,1178.6036384045458,2361.7010010123586,29.64592330361511,2363.2072768090916,0.82691955,1.0,1.0044834274629815
MEN1,2,0.0014529681575187658,3495.234017297508,6995.596564790019,36.969660057398954,6996.468034595016,0.66910035,1.0,1.0038394660382208
MEOX1,2,1.4338212551525486e-7,17.768403851764177,37.636228261608835,3.137132934018801,41.53680770352835,0.9764433,1.0,1.003572239805114
MEPCE,2,0.00020362103837530247,2389.548287851773,4783.603157396691,37.650925621036144,4785.096575703546,0.770681,1.0,1.0021701431651107
MERTK,2,1.4968615935032966e-5,398.9391302101261,801.481728041798,16.648650958823705,803.8782604202522,0.907499,1.0,1.0021344128667575
MESDC1,2,0.000812448915661794,4197.565041377221,8400.653816978394,36.198213666754604,8401.130082754442,0.6480966,1.0,1.0137008272420887
MESDC2,2,0.004372748140094279,7838.9742848733595,15683.028800745304,13.707281833617055,15683.948569746719,0.4638686,1.0,1.0078757242487035
MESP1,2,0.0011547339465856343,3677.0635269824006,7358.6584905499785,36.046975831009846,7360.127053964801,0.705228525,1.0,1.0025573941238677
MESP2,2,6.9576173511304406e-6,97.13605747372478,196.83369882242079,7.453384842507335,200.27211494744955,0.955340475,1.0,1.001959736223859
METAP1D,2,0.0002671614408606638,1706.0537241367215,3416.0642175393127,34.67543813859099,3418.107448273443,0.80398335,1.0,1.0054132216183762
METAP1,2,0.0013199069050854099,4932.9451364085835,9871.190157425015,29.029836169712173,9871.890272817167,0.5951305,1.0,1.010953695625808
METAP2,2,0.008166351100550202,10747.169485770235,21499.29968113182,8.459793945408554,21500.33897154047,0.3411858,1.0,1.0039823623324378
METRNL,3,0.0005759475626563399,1972.1799354724956,3947.4672216983627,36.17435110749108,3950.359870944991,0.800421,1.0,1.004398008666422
METTL10,3,0.002888864892759138,5206.801997780418,10437.928532505854,29.446904728956255,10419.603995560836,0.560532025,1.0,1.0096816653254317
METTL12,2,0.002456420676049816,6057.903493864793,12121.690648174581,23.94256486574911,12121.806987729586,0.5637963,1.0,1.0138835934498547
METTL13,2,0.00037077527256479116,2626.988412070644,5258.252251397795,38.068236269342876,5259.976824141288,0.744040775,1.0,1.0052834421108574
METTL14,2,0.00012996791105593974,2695.9965254401586,5395.49107469882,37.88205877784035,5397.993050880317,0.76593435,1.0,1.002749389260428
METTL15,2,0.0002698506114469102,2595.8573607581225,5195.38787804121,37.84017603956865,5197.714721516245,0.75300305,1.0,1.0039591330414221
METTL16,2,0.00023303883983561918,2534.9180431767472,5073.862931476652,37.81897319973662,5075.8360863534945,0.756756975,1.0,1.0044245137196024
METTL17,2,0.001958798551132423,3019.818297299023,6047.473568655773,37.62056168590125,6045.636594598046,0.701893925,1.0,1.002779234990099
METTL18,2,0.00023687709856914872,1551.2256545281539,3105.43416910162,33.56758419058945,3108.4513090563078,0.85442325,1.0,1.0037282562129792
METTL1,2,0.0007108009504931407,3300.2958763738834,6605.585715806064,37.68027253675564,6606.591752747767,0.704183825,1.0,1.0042789751549133
METTL20,2,0.00010346272133426103,660.5670026250203,1324.3641848469815,22.282350434600943,1327.1340052500407,0.892917925,1.0,1.0046467776611534
METTL21A,2,0.0015780469773252878,4312.6695711866505,8630.222420548562,34.549093365661996,8631.339142373301,0.626683175,1.0,1.00525587850221
METTL21B,2,4.355445060671972e-5,750.7582235662799,1504.9675732636501,23.646955702763666,1507.5164471325597,0.876405375,1.0,1.0028860089274918
METTL22,2,0.0006895747588516498,1721.5072300301658,3448.131150426778,34.588134981742684,3449.0144600603317,0.78525785,1.0,1.0038497993857174
METTL23,3,0.001250264132799413,7389.337441187204,14783.219640444207,15.072865277304846,14784.674882374407,0.52489185,1.0,1.0053766470969037
METTL25,2,0.0007769884308275321,1990.0517692494466,3983.751375265805,36.20787165991722,3986.103538498893,0.783847425,1.0,1.0038353286132353
METTL2A,3,0.0011527012273196962,3689.2285404443924,7382.023732350751,35.401764284427856,7384.457080888785,0.704008525,1.0,1.002940361250748
METTL2B,2,0.0006595295205246774,3494.4136086857297,6993.313584632265,36.510748056475286,6994.8272173714595,0.701370825,1.0,1.0046635974584506
METTL3,2,0.0007687698607247552,2507.6688678086475,5021.3899761400235,37.893125606507084,5021.337735617295,0.730454925,1.0,1.007163569298112
METTL4,2,0.0006754376346511119,1613.3923946676568,3231.491396527388,33.767707477844446,3232.7847893353137,0.800901325,1.0,1.005196223654208
METTL5,2,0.0052616458029700434,10076.340654694242,20157.989609233045,9.318586700769616,20158.681309388485,0.38591585,1.0,1.007112369563174
METTL6,2,0.0006898197331982012,2032.288758889101,4067.757850011593,36.43804170963869,4070.577517778202,0.795570275,1.0,1.0031425987603808
METTL7A,2,3.6099615229946647e-5,613.6989542111147,1231.6605703606704,21.169964480991357,1233.3979084222294,0.880529075,1.0,1.0055024183078294
METTL7B,2,0.0003439853781055818,3019.1612675462534,6043.4430520973065,37.85644481100545,6044.322535092507,0.708115625,1.0,1.001000491747535
METTL8,2,0.000924211007288817,3329.7652186537525,6665.231268809779,37.80809014742471,6665.530437307505,0.700332825,1.0,1.0054092510743087
METTL9,2,0.001737360348020888,5418.507046573052,10858.967661204268,25.283505408248633,10843.014093146105,0.541289875,1.0,1.0055905682517738
MET,2,0.002422655615697687,4035.682021063418,8076.5884344679625,34.75145954380865,8077.364042126836,0.6574908,1.0,1.008115579219842
MEX3A,2,0.0007135265206861197,1557.8992042775126,3120.374321502807,33.30023112221528,3121.798408555025,0.80833715,1.0,1.0032284463289531
MEX3B,2,6.577930644728528e-5,250.08622310461544,503.13791802847345,12.855783018912023,506.1724462092309,0.931602175,1.0,1.0020693700533974
MEX3C,2,0.00018408913471950835,1319.836385348955,2643.2592028220356,31.24004574991572,2645.67277069791,0.8277297,1.0,1.003207063346443
MEX3D,2,8.348764254841786e-5,896.8807393625377,1797.690280109402,26.17064805257194,1799.7614787250754,0.859824,1.0,1.0048856580319059
MFAP1,2,0.0013188022140697838,4856.688361670734,9717.721680227944,29.86917844665646,9719.376723341467,0.622790825,1.0,1.0037760381629461
MFAP2,2,0.0030068573444828905,5502.021172725161,11129.708476678577,25.10346998990205,11010.042345450322,0.52189795,1.0,1.0081195236283016
MFAP3L,2,7.301427041249424e-6,661.258330077259,1325.6173659599758,22.21656900285261,1328.516660154518,0.884365375,1.0,1.006481914757993
MFAP3,2,7.763022480612683e-5,787.189372420167,1577.6417209603399,24.461385983511576,1580.378744840334,0.8819965,1.0,1.0037097072762293
MFF,2,0.0028253385763167887,6700.327993331812,13405.767727203875,17.408808602029072,13406.655986663623,0.519075925,1.0,1.001512958355935
MFHAS1,2,0.0010831803267440294,1668.4245463836278,3342.016077882892,34.14159059921108,3342.8490927672556,0.792951475,1.0,1.0011310030424327
MFI2,2,0.0005301275928318291,1878.1031012958165,3761.505914826148,35.660987973405014,3762.206202591633,0.777648425,1.0,1.0090375670756337
MFN1,2,0.0008159084168039816,1952.8526487963845,3910.472015686638,36.00279437305163,3911.705297592769,0.7737516,1.0,1.0051258836206998
MFN2,2,0.0003262042139650939,1736.0520797815707,3475.7658283754313,34.83138432000866,3478.1041595631414,0.8009284,1.0,1.0037899420038345
MFNG,2,8.5423245974564e-5,278.590831197943,560.7717640191411,13.683148305834768,563.181662395886,0.92282645,1.0,1.0042880149282172
MFSD11,3,0.00014659820645039173,2472.69354255145,4950.8130962742125,37.7474489208512,4951.3870851029,0.751919375,1.0,1.002169700874937
MFSD12,2,0.0005771762409263856,4138.937252839722,8283.680860921511,35.104910891414875,8283.874505679443,0.62605385,1.0,1.0037568428798571
MFSD1,2,0.0004110609117062221,1873.7147979194558,3767.080545356334,35.74105194210041,3753.4295958389116,0.7630331,1.0,1.0022162512343251
MFSD2A,2,3.7904657736642584e-5,587.2490696739692,1178.4132703158866,20.64873583312922,1180.4981393479384,0.8856805,1.0,1.0063332173612674
MFSD2B,2,0.00018175203315057514,2281.3511638394975,4569.129375511909,37.35869313107988,4568.702327678995,0.736162825,1.0,1.0027191327099658
MFSD3,3,0.0008971720922024979,4653.516745490806,9315.23875122884,31.656508873131468,9313.033490981612,0.59883855,1.0,1.006812707076279
MFSD4,2,0.00028250848859107276,452.8952570876329,909.1142832576664,18.09299974687692,911.7905141752658,0.9063277,1.0,1.0020160613458953
MFSD5,2,0.00027647357150351954,2299.0151030792745,4602.2427224677995,37.368474003561396,4604.030206158549,0.771362975,1.0,1.0063007949036438
MFSD6,2,0.00013332499480172704,1077.7419168140152,2160.068014256557,28.405853077805368,2161.4838336280304,0.835291525,1.0,1.004180264952462
MFSD7,2,0.00018938784207773223,1201.9013727242018,2411.0470247335907,29.891454202238226,2409.8027454484036,0.819431175,1.0,1.0047828168085187
MFSD8,2,0.00010702582565678651,1092.5207774592866,2189.8285682736237,28.63929828602047,2191.041554918573,0.834389775,1.0,1.003406695171795
MFSD9,2,0.00022774899672673072,1161.3760848674133,2327.129492945515,29.373839706102512,2328.7521697348266,0.831580975,1.0,1.002179727356289
MGAM,2,1.2776593980375644e-6,46.71352694774645,95.69720627124293,4.9547032842708,99.4270538954929,0.9679452,1.0,1.0029265439676638
MGARP,2,9.088884284321867e-6,108.87613555039138,220.3184047255361,7.955688711882653,223.75227110078276,0.953143325,1.0,1.001361410143678
MGAT1,2,0.0005612154713801593,3340.6283685405915,6686.0385710700975,37.16405587498396,6687.256737081183,0.7097192,1.0,1.007733287905054
MGAT2,2,0.0003363767073618245,2972.919923577146,5949.864278884259,37.80236516923769,5951.839847154292,0.753300975,1.0,1.0036501454506837
MGAT4A,2,7.4974102924323325e-6,654.0120843569699,1311.4336450888472,22.079370104654725,1314.0241687139398,0.88062705,1.0,1.0040424645847699
MGAT4B,2,0.0008229948880228183,4740.9506014340795,9658.313060475679,31.210693991579657,9487.901202868159,0.566224325,1.0,1.0060742260233608
MGAT5B,3,0.00037871438350891445,509.089666974426,1023.1033039479149,19.333897992395297,1024.179333948852,0.892711025,1.0,1.0023385356155408
MGAT5,2,0.00022844249309159293,1044.033085079375,2092.6971196010763,27.851542565358443,2094.06617015875,0.8386126,1.0,1.002479020688839
MGA,2,0.00021334612717557075,1538.6847754903836,3080.464054901257,33.452270135204934,3083.369550980767,0.84415895,1.0,1.0041928397104904
MGEA5,3,0.000950015011537726,4841.554046495958,9697.788767663387,30.228700795775755,9689.108092991915,0.57593625,1.0,1.0085981996785218
MGLL,2,0.0007903685284418949,1712.0089938811295,3430.4580465022864,34.49319301566044,3430.017987762259,0.779021,1.0,1.0054196049201984
MGME1,2,0.003415247720507576,3879.051708895225,7763.497912417328,39.042765286061254,7764.10341779045,0.656158975,1.0,1.002644128417488
MGRN1,2,0.00021063957044338872,1505.5945021505804,3014.6363334290986,33.05648403236829,3017.189004301161,0.815610125,1.0,1.00200035126315
MGST2,2,0.0014535532487632168,5440.592065383883,10887.56487147632,24.64161109289053,10887.184130767766,0.581487325,1.0,1.009450468845417
MIA3,2,0.0007885971446077669,3164.3490075051473,6332.930482795077,37.468038662747304,6334.6980150102945,0.71452535,1.0,1.0027588237141574
MIAT,2,8.86995314507976e-7,39.83954619338434,81.91795602194425,4.5542943367474535,85.67909238676867,0.97023875,1.0,1.0017072282113317
MIB1,2,0.00047074181489887434,2322.2813936028406,4650.818759572037,37.50391364431423,4650.562787205681,0.7407465,1.0,1.0020499400970075
MIB2,2,0.006453589965762027,9164.14331145882,18333.35315722675,11.18086142092248,18334.28662291764,0.395820425,1.0,1.0043217081066231
MICAL1,2,0.00014137689733385286,1169.6464770586726,2344.247744416641,29.563349126776206,2345.2929541173453,0.825522125,1.0,1.0027781181904314
MICAL2,2,1.3354155415231875e-5,445.275915614981,894.9181268737735,17.734939335997822,896.551831229962,0.899495,1.0,1.0014899459183553
MICAL3,2,0.00011908687271233734,1151.8165665286538,2306.9522021168023,29.37766085232449,2309.6331330573075,0.84572885,1.0,1.0043485892187871
MICALCL,2,2.9892632216498748e-5,180.08602559170117,363.05269080856965,10.630771688308998,366.17205118340235,0.9398278,1.0,1.0025270972615223
MICALL1,2,0.00010533740525109956,807.4296830487525,1618.174960907878,24.800248141801568,1620.859366097505,0.87800725,1.0,1.0023411574943397
MICALL2,2,0.0001754523529998651,1445.399079208229,2897.764271856117,32.52991983673645,2896.798158416458,0.803656325,1.0,1.009541010605261
MICU1,2,0.002168798405664123,3957.4313701608066,7951.699006748604,35.48871594898073,7920.862740321613,0.617085325,1.0,1.0073602039198217
MID1IP1,2,0.005524417129244372,6143.212929860599,12292.287411620155,26.637746779222642,12292.425859721197,0.53275995,1.0,1.0021359278248492
MID1,2,0.0020143121844199553,3268.0504632136353,6540.564178670099,38.34296594742078,6542.100926427271,0.690015125,1.0,1.0034206752638741
MID2,2,2.7856697016240633e-5,174.8639993676665,352.60093658697775,10.451020406576685,355.727998735333,0.940396325,1.0,1.0040789121807994
MIDN,2,0.0032406672019109238,4790.488374723758,9586.784891401698,32.25918838931966,9586.976749447516,0.642909175,1.0,1.0021872594001175
MIEF1,2,0.0002096263999575575,2231.5099115900202,4467.371947689175,37.20850953520226,4469.0198231800405,0.7691089,1.0,1.0014442167295619
MIEF2,2,0.0002497231257733158,1301.8955075976412,2606.778014549591,31.293199591685084,2609.7910151952824,0.866887875,1.0,1.0023193852100452
MIEN1,2,0.005167024490270495,9669.513886021925,19344.544670537256,10.289015205483942,19345.02777204385,0.37463525,1.0,1.0045572879579518
MIER1,2,0.00310486592902612,5636.568338695238,11277.60049287125,24.7820775334095,11279.136677390476,0.599705125,1.0,1.0046328369947377
MIER2,2,0.0006607643979764649,2016.688950887663,4036.19500916379,36.36772744396169,4039.377901775326,0.8217041,1.0,1.0028343547646066
MIER3,2,0.0005498266945312832,589.8527738314107,1182.8460445946896,21.002335645347593,1185.7055476628213,0.9065161,1.0,1.0040838578320688
MIF4GD,3,0.000876298061009725,4655.235556627235,9319.458481698133,31.37818477431213,9316.47111325447,0.6038408,1.0,1.004467224714364
MIIP,2,0.0007478459054442716,4147.247333523509,8299.821048794738,35.22769036967735,8300.494667047018,0.635326575,1.0,1.0041957803232524
MINA,2,0.0006529899122952833,3502.127972640685,7008.544964692648,36.483075206419855,7010.25594528137,0.70413355,1.0,1.0024010532182797
MINK1,2,6.551250056253252e-5,1082.7351277739297,2170.2145917053567,28.59260404078283,2171.4702555478593,0.83643175,1.0,1.0040892722505017
MINOS1,2,0.009432363707270321,11500.03160752963,23024.161690901143,7.500861430109839,23006.06321505926,0.336639025,1.0,1.0084710098023888
MINPP1,2,0.00019275594533477183,2863.485020851276,5730.16483357861,37.78185501820767,5732.970041702552,0.757416075,1.0,1.0064030166162121
MIOS,2,0.0004410065830725014,1918.5908655374253,3840.281175599371,35.94192619663929,3843.1817310748506,0.8171876,1.0,1.0052717420041473
MIOX,2,5.687073433750426e-7,32.76421396067828,68.12929226710338,4.112142487621383,71.52842792135657,0.971135175,1.0,1.0036120555861527
MIPEP,2,0.00032433214111957993,1781.7976490115914,3584.526251811228,35.189063304446584,3569.5952980231827,0.76834715,1.0,1.0030893303290869
MIPOL1,2,0.00025727269853161364,1636.554961773893,3276.776675069873,34.21924180297281,3279.109923547786,0.819215425,1.0,1.0021655437122021
MIS12,2,0.00012733393982799712,2114.349615004548,4233.162909180344,36.769166530883865,4234.699230009096,0.7821951,1.0,1.0024965537557256
MIS18A,2,0.001435193421900159,3385.044924576197,6780.363430062872,39.946822646073855,6776.089849152394,0.68198875,1.0,1.002946907800643
MIS18BP1,2,0.004519226390198637,4165.291477903646,8336.152549251416,38.92103482800514,8336.582955807293,0.650480475,1.0,1.003103431025219
MISP,2,0.0004985141841910117,2030.9253432270368,4066.4885590885256,36.389975030157174,4067.8506864540736,0.7589423,1.0,1.0079748977042646
MITD1,2,0.0017047007776476207,4606.5038329523195,9217.474226209271,30.453924840134068,9219.007665904639,0.658809875,1.0,1.0055448086180268
MITF,2,4.686447078099157e-6,333.7382930948682,670.5785382799454,15.086090510529713,673.4765861897364,0.916469525,1.0,1.0042531569787714
MKI67,3,0.01789382251790866,7098.313294915522,14228.648713669772,43.45765705629758,14202.626589831045,0.65275285,1.0,1.1267681833085426
MKKS,2,0.0043277663772567755,9571.998591032652,19148.996610767023,10.388265867162616,19149.997182065305,0.390846725,1.0,1.0122372134864261
MKL1,2,0.00013169042373724138,824.1476726543164,1651.467040280399,25.075703871237206,1654.2953453086327,0.8860604,1.0,1.0020447155903076
MKL2,2,0.00043677653558645067,1445.690819463673,2895.756237205402,32.35740140206299,2897.381638927346,0.816315725,1.0,1.0032840990587844
MKLN1,2,9.75624161168343e-5,2261.4171290466866,4527.453105479135,37.283234070539436,4528.834258093373,0.759804025,1.0,1.0040676891727796
MKNK1,2,0.0007363439398972518,3188.3164974487045,6380.421033037209,37.27685054938786,6382.632994897409,0.718877075,1.0,1.0046118425405905
MKNK2,2,0.0019304282942175625,4589.644503738203,9183.942002070695,33.05332132462192,9185.289007476405,0.614813425,1.0,1.0055288336473929
MKRN1,2,0.0031412819970140886,5602.443337720028,11209.42247429575,23.4238110719954,11210.886675440055,0.59378835,1.0,1.0047728578243096
MKRN2,2,0.00011427568032307478,2696.3050497773056,5395.8243609766705,37.85587240074014,5398.610099554611,0.761153775,1.0,1.0028176282348207
MKRN3,2,2.5898749230965204e-5,169.60077717108874,341.94683638844884,10.26868309142488,345.2015543421775,0.945145275,1.0,1.0024080783540275
MKS1,3,0.00041477602109816526,1716.1712994480863,3437.255711085072,34.64015171942092,3438.3425988961726,0.790181325,1.0,1.0031666696028485
MKX,2,3.5376449358206727e-6,420.4050952770823,843.7865598558421,17.23645968013287,846.8101905541646,0.90701305,1.0,1.0022917931594186
MLEC,2,0.00896649928973926,9493.583055132496,18992.452601066125,10.490028447073616,18993.166110264992,0.3820932,1.0,1.0064873865484325
MLF1,2,0.0010736172377579915,6412.69933394122,12920.227806548804,19.711103973418485,12831.39866788244,0.482561925,1.0,1.0150067494807578
MLF2,2,0.011948778432015339,12660.32280208149,25447.652749177327,6.191133997618605,25326.64560416298,0.291459575,1.0,1.003463621319068
MLH1,2,7.77369725271076e-6,643.0863373570699,1289.1064955302054,21.872598573429357,1292.1726747141397,0.89079025,1.0,1.0012986349344737
MLH3,2,0.0004802916815712291,1962.4879838849163,3928.0020626431924,36.17746514562358,3930.9759677698326,0.820192875,1.0,1.0062747987835798
MLKL,2,6.120894010383088e-5,1090.3548902635418,2184.0548669611835,28.791950815517193,2186.7097805270837,0.851909625,1.0,1.0085313978913162
MLLT10,2,0.0020662345225040094,3942.379810703974,7890.658319757969,35.60837401910078,7890.759621407948,0.68817315,1.0,1.0057820016548964
MLLT11,2,7.202257826427155e-5,259.68080914778545,522.8388882703662,13.137989767515872,525.3616182955709,0.926296275,1.0,1.0023416738718525
MLLT1,2,4.299232995970043e-6,78.9739832467535,160.64441384496666,6.625922680964917,163.947966493507,0.958955875,1.0,1.0027215464378676
MLLT3,2,0.0010629660872714518,1950.4424854713602,3905.4173068325567,35.974143198965486,3906.8849709427204,0.787082525,1.0,1.0019178465167404
MLLT4,2,0.0012782901512472823,4479.80875735055,8964.349133380783,33.325664703258134,8965.6175147011,0.6151062,1.0,1.0057809250394016
MLLT6,2,0.0009348638753912952,2067.208581065675,4139.481312979504,36.54688863597718,4140.41716213135,0.76325745,1.0,1.0040156575298442
MLPH,2,0.00022993077043686883,2800.4129315783844,5605.592926185644,38.011898758581516,5606.825863156769,0.728803675,1.0,1.0019907263758103
MLST8,2,0.0013834241143891599,5114.347897374003,10235.11416197049,28.088070729538934,10234.695794748006,0.584345825,1.0,1.0082076337316432
MLXIP,2,0.0008297051634033084,3346.7582030211847,6698.663946381075,37.584348611726796,6699.516406042369,0.688633525,1.0,1.0029787033751236
MLX,2,0.0028467922763843827,5597.649620607889,11199.983929278105,24.527381201886506,11201.299241215778,0.6092785,1.0,1.0051450291662007
MLYCD,2,0.0004372967772120687,1728.6780660244108,3460.5277501041655,34.71761988487892,3463.3561320488216,0.817744025,1.0,1.0031400673170592
MMAA,2,4.9298073842620105e-6,320.1951466793546,643.4130597159376,14.729830641319131,646.3902933587092,0.919518725,1.0,1.004511270575537
MMAB,2,0.0037011664470072685,6101.847205691534,12219.541552488286,24.5774084807867,12209.694411383069,0.519851575,1.0,1.0040852183974185
MMACHC,2,2.2424033314510876e-5,838.7808973145992,1680.6720445577978,25.185706685020175,1683.5617946291984,0.8695596,1.0,1.0038866049038124
MMADHC,2,0.0040964141836763905,9251.949464693867,18508.972651808625,10.736497155458695,18509.898929387735,0.3934371,1.0,1.0059473849922334
MMD,3,0.000191225342758582,2256.7963667791823,4524.131959399188,37.24556400169732,4519.592733558365,0.73530085,1.0,1.0025597193177764
MMEL1,2,5.40774256851729e-5,230.6376365554204,464.54107533972785,12.266483355068326,467.2752731108408,0.9305352,1.0,1.0016370136858839
MMGT1,2,0.0004154205674335064,1887.590018641196,3778.631297399657,35.807912690239206,3781.180037282392,0.806311125,1.0,1.002896570796954
MMP11,2,0.00028570149621607183,1380.7025576259678,2767.1012686472727,31.785930935735593,2767.4051152519355,0.80830535,1.0,1.0020680939429136
MMP14,2,4.071154187424872e-6,377.8083235591743,759.4043639297366,16.20385922081447,761.6166471183486,0.90874245,1.0,1.0027143845813846
MMP15,2,0.0005797152723887312,2543.7280243514683,5092.725138795359,37.87762093609468,5093.456048702937,0.73576365,1.0,1.0084030938032702
MMP17,2,0.00020320512896916993,1443.3765716125088,2889.887318087617,32.48167962248614,2892.7531432250175,0.8270288,1.0,1.0026271030200995
MMP19,2,2.881003759603102e-6,66.42112046567334,135.56611652027053,6.011229081927101,138.84224093134668,0.962084575,1.0,1.0042488401928589
MMP20,2,2.875528799171841e-6,66.41940797875364,135.75411544214185,6.0107001340708255,138.83881595750728,0.9620499,1.0,1.0032563520634379
MMP24,2,8.870378326379819e-7,39.83954630626997,82.30512966167414,4.547454367746836,85.67909261253995,0.969204975,1.0,1.0033727018256793
MMP25,2,4.610090246609201e-5,215.77790160431977,436.0544002956499,11.802105544401156,437.55580320863953,0.932089075,1.0,1.0035443501609413
MMP28,2,9.544201967778775e-6,579.8255001376988,1164.4803297215835,20.62731679099441,1165.6510002753976,0.8830603,1.0,1.00307700384807
MMP7,2,5.6393054344569135e-5,422.51660502601874,856.7482754155524,17.07612341062757,851.0332100520375,0.901218775,1.0,1.0025828115271862
MMP9,2,0.0002694165219301824,1236.5707136152375,2477.5233057612836,30.236875925560597,2479.141427230475,0.826766,1.0,1.0060462939315147
MMRN2,2,0.00010377083228142632,301.7716054139834,606.8301142886884,14.330309768410961,609.5432108279668,0.92124175,1.0,1.000893598777258
MMS19,2,0.00037076417752475167,3124.6106792091546,6253.957239392046,37.547398127752054,6255.221358418309,0.707515175,1.0,1.0053764224899973
MMS22L,2,0.0009201316525954945,1731.193730535367,3467.8172548232683,34.61440955157566,3468.387461070734,0.785031325,1.0,1.002125000981191
MN1,2,7.857668708851701e-5,269.17837799998614,541.3517228710564,13.414549508939611,544.3567559999723,0.9284392,1.0,1.005547160315335
MNAT1,2,0.002157305656495525,6237.329872434443,12479.297744534762,21.480475214355085,12480.659744868886,0.546193075,1.0,1.0141118538456464
MND1,2,0.004325065112528041,4358.880016454834,8723.701798719108,40.139246472990884,8723.760032909668,0.644801375,1.0,1.0040656479389876
MNS1,2,0.00010332193380965053,368.6821818549647,743.50427120151,15.683897414765754,743.3643637099294,0.9098901,1.0,1.0036949379458464
MNT,2,0.0003452066764654643,2127.008814439912,4258.55051052967,36.82561632808338,4260.017628879824,0.781757675,1.0,1.0053143869770007
MNX1-AS1,2,0.0001787566751153764,2205.5361580256763,4415.562026295627,37.116982717904655,4417.072316051353,0.77380715,1.0,1.0048467461179595
MNX1,2,7.488346485755882e-6,653.9855282750907,1310.9158810006068,22.07946982846575,1313.9710565501814,0.8907321,1.0,1.0059879218935701
MOAP1,2,0.0013416999101752843,2251.4030048707414,4505.899663717863,37.39954229647274,4508.806009741483,0.81413695,1.0,1.0024208278629332
MOB1A,2,0.0012051458496138594,5803.394725601983,11611.573513831983,24.227575647138035,11612.789451203966,0.550402575,1.0,1.0057201190190563
MOB1B,2,0.00012021979322409189,1010.2914698700505,2024.6305962876552,27.51083597157702,2026.582939740101,0.84448495,1.0,1.0013573629461108
MOB2,2,0.0005531200817340452,3351.815114274296,6707.079035809645,36.83195379266014,6709.630228548592,0.741906425,1.0,1.0074787515951291
MOB3A,2,0.0002770942308313975,1639.2126137651755,3281.272816498935,34.1323763768787,3284.425227530351,0.838976325,1.0,1.0033034511779408
MOB3B,2,0.00022813075397275047,415.62563955255945,834.5300725627811,17.227878543322277,837.2512791051189,0.912169925,1.0,1.0029622397799474
MOB3C,2,0.0006231391294105204,619.6799551074032,1242.6261018549176,21.587021090973455,1245.3599102148064,0.901335675,1.0,1.004054579910756
MOB4,2,0.0016558297325733452,6593.793950808575,13192.6259358694,18.503627046303894,13193.58790161715,0.58012095,1.0,1.0041826049125542
MOCOS,2,0.0007722036004428947,1135.244637091992,2274.9475343454433,29.526011003473933,2276.489274183984,0.84289905,1.0,1.003319496856174
MOCS1,2,6.316321487914079e-5,750.6731292322287,1505.2850404901374,23.593070713432923,1507.3462584644574,0.86977765,1.0,1.0021703434087226
MOCS2,2,0.001785259238118958,5011.450868836873,10034.479063933702,29.6378755754417,10028.901737673747,0.576040275,1.0,1.0049890416766907
MOCS3,2,0.0001852835516415595,1497.34994986715,2997.506684678467,33.0040449010489,3000.6998997343,0.847592625,1.0,1.0065774975405968
MOGS,2,0.000524736033478965,3281.1185605432347,6567.101627543109,37.37116922588001,6568.237121086469,0.70692385,1.0,1.0023909567877645
MOK,2,0.00012461799827994058,1412.0784399566007,2830.7760339406427,32.29194327714977,2830.1568799132015,0.80782125,1.0,1.0063613300765801
MON1A,2,0.0004562054440860934,1485.000744370586,2974.3873430783387,32.71794355933519,2976.001488741172,0.810793275,1.0,1.0059373342569133
MON1B,2,0.00039230130365671843,1862.698210059419,3728.7166157385186,35.67251271217175,3731.396420118838,0.811281125,1.0,1.004909921109663
MON2,2,3.324071310774116e-5,848.0256886967485,1700.9805198641366,25.39794435188505,1702.051377393497,0.85815445,1.0,1.0034724817577374
MORC2-AS1,2,6.962412687323138e-6,97.13342645856832,196.87903386461272,7.453462242833081,200.26685291713665,0.955196925,1.0,1.0015904881310087
MORC2,2,2.9943222504771143e-5,933.4012683137528,1870.0713682818202,26.61231657443536,1872.8025366275056,0.858537475,1.0,1.0044408538158196
MORC3,2,0.0009319261944738628,2292.98836461101,4588.970238506712,37.39264825217008,4591.97672922202,0.808213325,1.0,1.003705003567907
MORC4,2,0.000678355585549141,2854.744098374424,5720.327840341241,38.5249392168098,5715.488196748848,0.694838925,1.0,1.0030605943492537
MORF4L2-AS1,2,2.9884158693801996e-5,180.09149491948813,363.0791530099472,10.630588348246876,366.18298983897625,0.939762275,1.0,1.0025688186105406
MORF4L2,2,0.006084703720519516,10138.05736239873,20281.31539164663,9.341626764100717,20282.11472479746,0.3697462,1.0,1.0035962095526214
MORN1,2,0.00017928890244015835,1233.2691910061733,2470.5766265150473,30.2760881578735,2472.5383820123466,0.82753625,1.0,1.0040439624301036
MORN2,2,0.0023849339571930194,4396.067125467718,8800.426075144855,31.57120422688049,8798.134250935436,0.633198025,1.0,1.006807518174238
MORN3,2,5.411916370158736e-5,230.62294698841782,464.8830578665398,12.266159603764036,467.24589397683565,0.930240475,1.0,1.002382004881704
MORN4,2,0.0006337742709749697,2044.2532511036172,4091.5676759731336,36.51245163303821,4094.5065022072345,0.806833425,1.0,1.002967717967281
MOSPD1,2,0.0017157525254151474,4951.549498103513,9908.1864630619,30.614673257869764,9909.098996207025,0.63053165,1.0,1.009734831773204
MOSPD2,2,0.00010536235731461014,1181.2478079894709,2365.973911979374,29.91539152441139,2368.4956159789417,0.8474935,1.0,1.006803252116818
MOV10,2,0.0006762561082772343,2600.836091767515,5252.1565073509455,37.93004210606508,5207.67218353503,0.700642825,1.0,1.004061887260763
MOXD1,2,2.048200556205486e-5,310.1046443661602,625.4330874034101,14.393254778903147,626.2092887323204,0.917499725,1.0,1.0024909828616142
MPC1,2,0.003310058714153359,5377.962776717986,10774.558152439251,28.551618680182656,10761.925553435973,0.5786599,1.0,1.0103959134378089
MPC2,2,0.003471274548732767,8443.76058404526,16895.583153043524,12.650070815539594,16893.52116809052,0.446446525,1.0,1.00435907696783
MPDU1,2,0.0012540865242333212,3871.2254394900006,7748.778354934491,34.62597704157972,7748.450878980001,0.665422625,1.0,1.0028594123237846
MPG,2,0.004806770681790668,7144.330929973459,14295.579946371368,16.05171222979409,14294.661859946918,0.48840475,1.0,1.0036442667419894
MPHOSPH10,2,0.0016852824855134608,5921.592472819159,11848.002199369117,23.94478954042138,11849.184945638319,0.57532705,1.0,1.007141002961804
MPHOSPH6,2,0.0016794895261909289,6166.458237736353,12337.613054880947,22.04072165510692,12338.916475472706,0.539250525,1.0,1.0081440924973821
MPHOSPH8,2,0.0036750923270641093,8006.437481922279,16017.905034973364,13.097829555760189,16018.874963844559,0.5015069,1.0,1.0098941949096953
MPHOSPH9,2,0.00013957675900114422,1175.3801986719154,2354.639976174127,29.638428923851414,2356.760397343831,0.831849375,1.0,1.0050303957693858
MPI,2,0.0006550908814052326,3381.116518165494,6766.071417191422,36.68050986232705,6768.233036330988,0.7091685,1.0,1.0109606506173507
MPLKIP,2,0.0036643670965394747,8591.396481589467,17188.40006320634,11.706432065332304,17188.792963178934,0.480937775,1.0,1.003417241702472
MPP1,2,0.0002416188667208903,1506.1726634200222,3023.467941334175,33.02740231786574,3018.3453268400444,0.79389785,1.0,1.001317584283378
MPP2,2,0.0001507378672887119,1241.4044447882156,2486.358975472051,30.40622966092358,2488.8088895764313,0.8289419,1.0,1.0042341505641144
MPP3,2,6.258819251768492e-5,946.9418689536863,1897.4137855256954,26.71361568993759,1899.8837379073725,0.852831825,1.0,1.0021916793143688
MPP5,2,0.0005274155496570651,1992.80057508673,3988.867616933055,36.30193450592578,3991.60115017346,0.804330525,1.0,1.0017158099810686
MPP6,2,0.0012061443824612308,3351.4599392698415,6707.299608420084,37.64073150905626,6708.919878539683,0.696666425,1.0,1.0057538496384408
MPP7,2,0.0011229884170906963,1944.4207609489038,3894.1400566359716,35.94241551454207,3894.8415218978075,0.770130275,1.0,1.0025376988598922
MPPE1,2,0.000792036247283466,2146.6292063533524,4297.345198244354,36.904088783532515,4299.258412706705,0.7706674,1.0,1.0031988375289222
MPRIP,2,0.00034633279144207776,1219.3935985500473,2444.6129361913577,29.98147914615169,2444.7871971000945,0.8186349,1.0,1.0025278528233557
MPST,2,0.002851604079624438,8680.052114990272,17365.922468467666,11.56143645170488,17366.104229980545,0.47820825,1.0,1.0023633163103915
MPV17L2,2,0.0013544178561673767,3320.1614251993246,6644.830345442455,37.61434626376661,6646.322850398649,0.68569275,1.0,1.0023640353631693
MPZL1,2,0.001015759775282863,3727.458434928746,7460.11608673701,35.724462384573386,7460.916869857492,0.675569225,1.0,1.003468356988155
MPZL2,2,0.0008663766361331099,1949.140715235044,3905.3190922766653,35.971846324954264,3904.281430470088,0.76299045,1.0,1.0031025544832266
MPZL3,2,2.0282507991906762e-5,610.0981921165229,1223.432420225042,21.16319637325854,1226.1963842330458,0.8872717,1.0,1.0040998582149683
MPZ,2,5.7255796710406266e-5,605.7420289235124,1215.8393454524787,20.956333308170166,1217.4840578470248,0.8809314,1.0,1.0031807129849448
MR1,2,0.00012281761617794246,1192.5916347091888,2388.6847718750496,30.054788978510675,2391.1832694183777,0.84589335,1.0,1.0039383017774184
MRAP2,2,4.5530396727477905e-6,533.2670634892643,1069.757684035313,19.75304309285018,1072.5341269785285,0.895059625,1.0,1.0063952122256898
MRAS,2,0.00046235345414867053,1863.540432468563,3730.8393877650146,35.71975830146552,3733.080864937126,0.809151675,1.0,1.0040663973335948
MREG,2,1.0123126287477515e-5,579.8270371817677,1206.178827119606,20.619184885690675,1165.6540743635353,0.8790775,1.0,1.0015885059289804
MRFAP1L1,2,0.0009186259548678437,3698.724237449409,7401.909388521094,35.73502505783619,7403.448474898818,0.715863475,1.0,1.0054319016868378
MRFAP1,2,0.0031011750517588007,9407.984122997166,18822.200620146054,10.221029901943629,18821.968245994332,0.43073015,1.0,1.004979581579208
MRGBP,2,0.001325369354529473,6003.053959410446,12010.708346211211,22.438962058040897,12012.107918820891,0.5531395,1.0,1.0088560419158503
MRGPRF,2,1.8789945753213485e-5,148.1626202158566,299.24742009642904,9.497093314236794,302.3252404317132,0.944683725,1.0,1.0033007349960001
MRI1,2,0.0002457673980555001,1152.5454235959517,2349.443046533134,29.232889942627477,2311.0908471919033,0.81827795,1.0,1.0029718162070573
MRM1,2,3.4999037519196166e-5,995.9471534889751,1995.2698560335732,27.534752634245855,1997.8943069779502,0.85782485,1.0,1.0066978456234321
MROH6,3,0.0008012498282132307,2705.69784092549,5524.50171723137,38.042007537652296,5417.39568185098,0.69173185,1.0,1.0036138256852887
MROH8,2,7.953794647043806e-5,315.9352852215509,636.7754823503882,14.379803847497381,637.8705704431018,0.917608575,1.0,1.0021604741974774
MRO,2,1.152538144833487e-5,120.36561329588524,243.79464065188145,8.426330869983829,246.73122659177048,0.94984365,1.0,1.0028215233586009
MRPL10,3,0.004564979481012444,8561.177097951726,17127.016810732835,12.049983202384368,17128.354195903452,0.43003535,1.0,1.0046534283886006
MRPL12,3,0.005989617755726672,11844.740633272208,23695.647221778447,6.979587907641763,23695.481266544415,0.3311044,1.0,1.008779509766974
MRPL13,3,0.008050899040767584,10139.275062360333,20286.01813178005,9.47871649884758,20284.550124720667,0.355753425,1.0,1.0025767070099947
MRPL14,2,0.008558101470712919,11147.21512869785,22299.194450857864,7.9901234399214776,22300.4302573957,0.34408175,1.0,1.0020793835333879
MRPL15,2,0.0031604484649523203,8015.035459588285,16034.98433738851,12.969831391334338,16036.07091917657,0.501916575,1.0,1.0072735738137144
MRPL16,2,0.002221765382731618,6805.756090419329,13617.367362411063,17.268254085965545,13617.512180838658,0.543015125,1.0,1.0142248849170827
MRPL17,2,0.004172470352966814,7891.712314737926,15788.894392165263,14.330141879791425,15789.424629475852,0.511285,1.0,1.0043951463951768
MRPL18,2,0.006507030544229317,10277.532408639514,20559.839925593868,9.322648422434787,20561.064817279028,0.3802687,1.0,1.0035959415209215
MRPL19,2,0.003995203428815986,7300.185851750402,14607.54653687323,15.20510424723862,14606.371703500805,0.542646475,1.0,1.0092817305451518
MRPL1,2,0.0034125382914864002,7088.798067273145,14184.45964127508,15.968144576209673,14183.59613454629,0.54024045,1.0,1.0119993471892814
MRPL20,2,0.009796714126012294,10876.032417794464,21758.133497870767,7.9214785926844575,21758.064835588928,0.3878996,1.0,1.0031741105077274
MRPL21,2,0.004547175729135533,9339.612468379364,18684.295503254616,10.552129343337343,18685.22493675873,0.4115903,1.0,1.0036511942002286
MRPL22,2,0.004866997052485592,8802.988947714606,17610.97598260194,11.559270544485447,17611.977895429212,0.427737175,1.0,1.0037824378470765
MRPL24,2,0.003651172405710254,7768.28426692171,15570.732743680133,14.634584691120624,15542.56853384342,0.449126575,1.0,1.0132325851866217
MRPL27,3,0.007189088769024162,10225.304112008947,20456.066925051924,9.029132203717362,20456.608224017895,0.389557075,1.0,1.0021964644758223
MRPL28,2,0.00260911626473664,5765.404710541503,11549.879098043846,22.84516087651932,11536.809421083006,0.529572875,1.0,1.0015429954427513
MRPL2,2,0.004311393223101198,7188.553862093539,14383.1765206357,15.876461700064013,14383.107724187077,0.554232025,1.0,1.0096709282963436
MRPL30,2,3.640431700578449e-5,195.56553273490337,395.9256106183911,11.149001328407516,397.13106546980674,0.935359025,1.0,1.003620210261517
MRPL32,2,0.002904214113858638,8751.142104635397,17508.03719919123,11.347680675344861,17508.284209270794,0.477469425,1.0,1.00708573431352
MRPL33,2,0.005780066401322319,10471.934104504491,20955.81717038381,8.988421922309731,20949.868209008982,0.348134725,1.0,1.0055144279048867
MRPL34,2,0.004579552645236375,9227.288117728413,18459.80938947265,10.925992612146056,18460.576235456825,0.423052775,1.0,1.0089539496549098
MRPL35,2,0.002634783782089046,5579.567217045242,11165.023995998585,25.62873903058341,11165.134434090483,0.60023095,1.0,1.0073276523570438
MRPL36,2,0.007512009775213745,9249.662689544957,18504.913955774016,11.177870502538234,18505.325379089914,0.435513475,1.0,1.0013005239766477
MRPL37,2,0.002947954528668857,7641.9773454380875,15292.440118538168,15.083249023850795,15289.954690876175,0.4687327,1.0,1.0120625108218424
MRPL38,3,5.1010528927808935e-5,1020.4911742091653,2047.3269722509556,27.88348299592468,2046.9823484183305,0.839508125,1.0,1.0050530889342528
MRPL39,2,0.0005358946036570067,3362.5777372043335,6729.7269659425465,36.98651454751367,6731.155474408667,0.698901075,1.0,1.0035355791622078
MRPL3,2,0.005917492811827058,9336.26058637589,18679.86615389464,10.183016671047728,18678.52117275178,0.441695575,1.0,1.008850310057175
MRPL40,2,0.002662459638584909,8657.701789377723,17322.631823570267,11.610759458905177,17321.403578755446,0.462933975,1.0,1.0036865296011241
MRPL41,2,0.008098617785756808,11920.425949912087,23845.680930843184,6.972852748866914,23846.851899824174,0.32872925,1.0,1.0050886454224721
MRPL42,2,0.003264984267957668,8459.147063772652,16923.956367456143,12.37464868288926,16924.294127545305,0.42850335,1.0,1.0061680455693047
MRPL43,3,0.006272688891900044,10214.940051202979,20435.462524720737,9.278018347882037,20435.880102405958,0.362002275,1.0,1.003564380144883
MRPL44,2,0.0015375194837877232,5477.19417191915,10959.143225797543,24.864250201338848,10960.3883438383,0.62731965,1.0,1.008143786327628
MRPL45,2,0.0018207481665582887,7685.619550602902,15378.315378807773,13.723362564851357,15377.239101205803,0.4570475,1.0,1.0053444622476424
MRPL46,2,0.001645738372423077,5273.115866501992,10551.176535297152,26.236209692757356,10552.231733003984,0.6358392,1.0,1.0036023853729215
MRPL47,2,0.0034958677817132533,7910.653507268564,15827.451496022913,13.54424239582649,15827.307014537128,0.484670625,1.0,1.0105219920531092
MRPL49,2,0.0026223707217750605,4901.463136720457,9957.791789743287,31.0436175018052,9808.926273440915,0.5638667,1.0,1.0021353226927208
MRPL4,2,0.0030450964405297986,9164.541894200489,18335.828892637583,10.75289659339775,18335.083788400978,0.442481025,1.0,1.008241748722227
MRPL50,2,0.0019896538598199193,7533.010310062203,15070.829595190113,14.69261670244948,15072.020620124405,0.507942775,1.0,1.0090327969313986
MRPL51,2,0.020845158703039362,13940.375123678352,27887.22082878115,4.991571363275961,27886.750247356704,0.292305775,1.0,1.0037189209326765
MRPL52,2,0.008836732388595638,11060.516687546231,22130.869106506572,8.152885449888212,22127.033375092462,0.331951125,1.0,1.0083879859056868
MRPL53,2,0.0007169937370335215,2091.628087987072,4196.117438722904,36.69472057972534,4189.256175974144,0.750807,1.0,1.0040422685519421
MRPL54,2,0.005190821685454253,8673.886518472853,17352.493867235997,12.038723289826654,17353.773036945706,0.4214204,1.0,1.0054351749416877
MRPL55,2,0.006351966432448825,8008.890249478975,16022.927219161433,13.782901907743385,16023.78049895795,0.482366675,1.0,1.00862580322724
MRPL9,2,0.002050740645178054,7520.0389314344975,15046.051872568922,14.81078168163876,15046.077862868995,0.50837095,1.0,1.014114896950238
MRPS10,2,0.004263729959411918,6764.970363658945,13538.891578815605,19.01512728798576,13535.94072731789,0.500740725,1.0,1.0052983042998032
MRPS11,2,0.0009650311280386637,5929.450611786598,11864.508812907641,23.418922401702385,11864.901223573195,0.5448672,1.0,1.0059469941923225
MRPS12,2,0.0050296063776722995,10440.690284178445,20886.224351992976,8.95096723474167,20887.38056835689,0.3709403,1.0,1.0029854521322397
MRPS14,2,0.0016835961135830153,7523.754146643062,15052.714155293908,14.653094802780483,15053.508293286124,0.49798285,1.0,1.011966776143116
MRPS15,2,0.0082597098982854,10170.87717437274,20537.17699454834,9.520730376919989,20347.75434874548,0.35217245,1.0,1.01746117814122
MRPS16,2,0.00408811255717422,9208.605930867418,18422.68109504015,11.053848024324255,18423.211861734835,0.422202075,1.0,1.0035052146842456
MRPS18A,2,0.001442117995163882,6470.549077608078,12948.09690405298,19.038228349785317,12947.098155216156,0.5815909,1.0,1.01279352958775
MRPS18C,2,0.005618453086611559,9551.795628816097,19109.079814272205,10.139308580488677,19109.591257632193,0.4126209,1.0,1.0044480001432141
MRPS21,2,0.015142441197188388,13087.353224691647,26180.21400067326,5.614278846178686,26180.706449383295,0.27326315,1.0,1.0084933663794828
MRPS22,2,0.0019048930537850066,6735.484971555333,13476.002322893386,17.42922297414252,13476.969943110666,0.5351006,1.0,1.006569271434479
MRPS23,3,0.005866439045008491,10050.287429138165,20105.714375475014,9.506590250218483,20106.57485827633,0.379305475,1.0,1.0042761671426428
MRPS24,2,5.4706075789654305e-5,836.0985375292832,1676.125157643746,25.03161523469064,1678.1970750585665,0.859914225,1.0,1.004935785348121
MRPS25,2,0.001171094844862747,6158.984799846298,12326.433199806484,21.845538452018136,12323.969599692597,0.534668825,1.0,1.0075892024916546
MRPS26,2,0.00803454725786259,8770.838280304934,17547.006533131036,11.93793366723481,17547.676560609867,0.443327325,1.0,1.006270418178692
MRPS27,2,0.0018380602613161344,5586.403070568794,11177.805607470938,23.750284086638484,11178.806141137587,0.588187,1.0,1.0083785753426866
MRPS28,3,0.003519081493318222,8436.476778542603,16883.463747950686,12.386012697243608,16878.953557085206,0.416751775,1.0,1.0080718333752519
MRPS2,2,0.0039018726512259315,6861.922969459601,13728.842926972082,17.91864531525429,13729.845938919201,0.5430897,1.0,1.0084512999330273
MRPS30,2,0.0022654936670896166,7493.7138593775135,14991.910297020548,14.256542241019886,14993.427718755027,0.52123595,1.0,1.0073560499824343
MRPS31,2,0.0013905775288603059,4886.28690052686,9777.060361110356,28.897583386385076,9778.57380105372,0.624473875,1.0,1.0023370856379916
MRPS33,2,0.009082952490880434,10313.244481484377,20632.013599148886,9.088466647856318,20632.488962968753,0.375766325,1.0,1.0017566030943184
MRPS34,2,0.00882937569829385,11117.40539299933,22239.643451730208,8.045146695581586,22240.81078599866,0.339529975,1.0,1.0058333221590139
MRPS35,2,0.002506494106861944,7141.549518998543,14287.963213788058,15.967690107893475,14289.099037997086,0.48700705,1.0,1.0053648973912732
MRPS36,2,0.005274758912403131,10126.313427628282,20257.919658608735,9.402106196116556,20258.626855256563,0.367964525,1.0,1.0074345408111398
MRPS5,2,0.004183003434897743,7078.973002366634,14163.77025851912,16.78178133597521,14163.946004733269,0.55802575,1.0,1.0110541232471955
MRPS6,2,0.0026691610543931217,6278.64303279908,12562.19910218453,21.902078522997837,12563.28606559816,0.530892575,1.0,1.004726065216914
MRPS7,3,0.005295799116274848,9576.585960983428,19161.221256826753,10.042949632572265,19159.171921966856,0.411109325,1.0,1.003809429134404
MRPS9,2,0.0014916385857335845,6069.4408730922905,12144.025280774775,20.640679943719395,12144.881746184581,0.5426327,1.0,1.0054635675215193
MRRF,2,0.0007834835571303101,6248.492779157341,12501.961861929722,19.59504692349898,12502.985558314682,0.539756475,1.0,1.006328997085647
MRS2,2,0.0014486466019843077,3980.1487131998024,7975.377243860066,34.339719505057026,7966.297426399605,0.623852675,1.0,1.0068896213728353
MRTO4,2,0.0017819787493147782,6080.110579732248,12166.325981656444,25.42560185216954,12166.221159464496,0.580086225,1.0,1.0024067606874267
MRVI1-AS1,2,0.000519612031991957,1654.223251085494,3363.2028633736127,34.10009100218257,3314.446502170988,0.772247525,1.0,1.0025387595293604
MRVI1,2,5.083889292492389e-5,763.3209485239826,1529.9319869887413,24.053613492781754,1532.6418970479651,0.8788684,1.0,1.0056135263980932
MS4A15,2,2.6135980355042053e-5,774.7621721497751,1553.654956932055,24.11472965885935,1555.5243442995502,0.864383725,1.0,1.0041955081357385
MSANTD1,2,1.2820755346221675e-6,46.71353867258908,101.07399289115719,4.948338779969355,99.42707734517816,0.96672775,1.0,1.0053752907757953
MSANTD2,2,1.3490824047261332e-5,774.2745401753385,1552.1106461598893,24.171964761120073,1554.549080350677,0.867783875,1.0,1.0029707234856788
MSANTD3,2,0.0009157461431992516,2039.4120842294963,4083.0024865685905,36.42629451579637,4084.8241684589925,0.77734005,1.0,1.0015968666988928
MSANTD4,2,0.00024480223602969955,2717.1507301626025,5438.763017386189,38.07173394929614,5440.301460325205,0.7577186,1.0,1.005945786804173
MSH2,2,0.0005334629811024532,2537.70452044832,5081.304143730141,38.19465742554003,5081.40904089664,0.721161975,1.0,1.0042629538640193
MSH3,2,0.00014524287000491513,1013.4296532008038,2030.8785871872044,27.522508427046933,2032.8593064016077,0.85578315,1.0,1.00493630933497
MSH6,2,0.0008484509336547327,2717.79384208688,5441.614828362459,38.80760534429824,5441.58768417376,0.728268675,1.0,1.0034072462253019
MSI1,2,2.8000414968585945e-5,971.1397115282143,1945.7828541048161,27.174949877930487,1948.2794230564286,0.85487755,1.0,1.0030665879245717
MSI2,3,0.0007619107013180185,4608.1677379976145,9307.449433977496,32.410475518604905,9222.335475995229,0.579923925,1.0,1.006579565487168
MSL1,2,0.00013956207262692978,2517.6897560669377,5039.1970900314855,37.779896249606566,5041.379512133875,0.762104725,1.0,1.0038354165180787
MSL2,2,2.1529832531434257e-5,900.752175985986,1804.3856900423855,26.170285141685206,1807.504351971972,0.887267825,1.0,1.00160989459744
MSL3,2,0.0002923533904985365,2432.4584171854176,4871.104390341903,37.66555553626965,4870.916834370835,0.735382325,1.0,1.0045593336256207
MSMO1,2,0.00572901267753467,6908.862328806653,13823.30042838156,23.996794317075743,13823.724657613306,0.5183076,1.0,1.0032284052474159
MSMP,2,8.19631397945374e-5,273.895019265201,551.1110354568631,13.549471092239587,553.790038530402,0.924328125,1.0,1.0067443879875693
MSRA,2,0.0008818229308173324,2074.8187206555463,4159.414016353956,36.58424856453948,4155.6374413110925,0.75209305,1.0,1.0031165424802768
MSRB1,2,0.0012570674090039413,4937.35624897932,9880.55380208269,29.892598928042226,9880.71249795864,0.6001582,1.0,1.0126203083665664
MSRB2,2,0.004445101066451549,7937.791830842721,15885.161228406887,13.851931956900735,15881.583661685441,0.457316325,1.0,1.00932866345614
MSRB3,2,0.00011929426617291688,2244.226871550836,4505.802571053801,37.22785333015338,4494.453743101672,0.729888925,1.0,1.0008312369528396
MST1R,2,0.00020099403802047397,1261.7265964707365,2528.5497692191016,30.579807854551902,2529.453192941473,0.81855485,1.0,1.0018658770787685
MST4,2,0.0005032484236499844,1864.085931520895,3740.510300739404,35.58387083699582,3734.17186304179,0.76629855,1.0,1.0025039164557212
MSTO1,2,0.00026699330664376874,2147.4638019507242,4299.819891216735,36.876871998450135,4300.9276039014485,0.761195075,1.0,1.0062752640703947
MSX1,2,0.017335654129739267,6759.645790006704,13527.028899316256,35.66637328771065,13525.291580013409,0.5787504,1.0,1.0026425430957788
MSX2,2,3.725541016307963e-6,403.5301704957154,809.9167330351657,16.836478131043783,813.0603409914308,0.91341025,1.0,1.006486400289182
MT1A,2,1.7389762815708844e-6,53.42005977351777,287.2803162310961,5.312110366292203,112.84011954703554,0.964234225,1.0,1.0020777096515863
MT1B,2,3.198441406428973e-5,185.28450478493173,375.0415503148618,10.805884947244241,376.56900956986345,0.937223075,1.0,1.0024097366921734
MT1E,2,0.04400234476705123,19299.064673217876,38619.34108698302,2.1051515272672323,38604.12934643575,0.2997006255194436,1.0,1.0278334153939828
MT1F,2,0.0007157078618966783,4142.594900528812,8289.806851221438,34.90412996161888,8291.189801057624,0.636104725,1.0,1.0032113728627863
MT1G,2,0.0002338834984134961,419.814733283163,843.2844770139443,17.326262782180734,845.629466566326,0.90543845,1.0,1.0027104271896237
MT1H,2,2.2741121131225726e-6,59.98174394751747,137.96397929247365,5.675995388950996,125.96348789503494,0.9629736,1.0,1.0022097102678655
MT1M,2,2.9881507219395056e-5,180.09148787982357,363.08407378162923,10.630562747010654,366.18297575964715,0.939805,1.0,1.0020449550803239
MT1X,2,0.002870593806038252,9423.095901228717,18851.62846084943,11.76240263524068,18852.191802457433,0.4176843,1.0,1.0046687194884965
MTA1,2,0.0012555498407633308,5244.275194058899,10543.979703070661,26.066075243222702,10494.550388117797,0.5410027,1.0,1.003117928493895
MTA2,2,0.0004000762227100019,3011.231009170103,6026.312025423321,37.657842974271524,6028.462018340206,0.730765725,1.0,1.0033935026639222
MTA3,2,0.0004557364785415395,2894.7745490356756,5793.2149029472575,37.799320875743774,5795.549098071351,0.7405427,1.0,1.0024424361429423
MTAP,2,0.003984341262203172,8999.569272498104,18004.333188263754,11.744816222606273,18005.138544996207,0.42576905,1.0,1.004424163256886
MTBP,3,0.0002091521316393135,776.1278173282775,1560.1210033793902,23.80774094012448,1558.255634656555,0.86022805,1.0,1.0012638125428621
MTCH2,2,0.003680126307955928,8603.640511902564,17215.193072510378,12.064256027630158,17213.281023805128,0.4505295,1.0,1.0085668424607608
MTDH,3,0.01539457902904905,13836.695847169862,27679.057870040655,5.019243266772445,27679.391694339723,0.284599575,1.0,1.002480213694284
MTF1,2,0.00035376904686881735,2409.4274862396037,4822.220383706322,37.586126676020235,4824.854972479207,0.794806475,1.0,1.0035681523262965
MTF2,2,0.003079740134310912,5474.785708926208,10954.62902485823,26.595646771064462,10955.571417852416,0.62086525,1.0,1.0053670230717844
MTFMT,2,0.0004767159634881648,4681.712402450409,9369.442018201004,30.81913270429183,9369.424804900818,0.623893325,1.0,1.0051417877038935
MTFP1,2,0.000526300287498845,2187.703562612382,4379.664756568409,37.00962380542871,4381.407125224764,0.773382325,1.0,1.0059427188778574
MTFR1L,2,0.0010397385985453245,3712.1458344773023,7428.914521779272,35.458887602221736,7430.291668954605,0.691167325,1.0,1.0018878892537506
MTFR1,2,0.000770297063281856,4454.5839971693995,8916.152773532767,32.881489001554655,8915.167994338799,0.605094475,1.0,1.0040246610597967
MTFR2,2,0.0003922252189165484,1560.1659128373446,3126.0636751362867,32.8577292994277,3126.3318256746893,0.8001077,1.0,1.0030406595130008
MTG1,1,7.835439366718386e-6,632.0911114829821,1268.3942691070959,21.659043133881596,1270.1822229659642,0.878118725,1.0,1.0014057893463644
MTG2,2,0.00015488203143762002,2582.366240288224,5169.228194172056,37.926185748154744,5170.732480576448,0.74427625,1.0,1.003123390136504
MTHFD1L,2,0.004518105950021634,5577.5598787583285,11162.200105335627,26.489534980962567,11161.119757516657,0.567655425,1.0,1.0078584429060093
MTHFD1,2,0.002512344047630021,4140.965286245909,8347.178789413883,34.00932753632675,8287.930572491818,0.598768675,1.0,1.0041545261647427
MTHFD2L,2,0.0010122454497734413,3477.041974676369,6959.5734057130585,36.670333616864234,6960.083949352738,0.6740206,1.0,1.003846017518361
MTHFD2,2,0.006226644082385165,8799.567259532325,17604.06452143347,12.718557935547459,17605.13451906465,0.42163845,1.0,1.007093646515874
MTHFR,2,3.8703756956173285e-5,1008.9365702122118,2020.9300416496005,27.667920933615086,2023.8731404244236,0.8606539,1.0,1.0077912421149553
MTHFSD,2,0.00019902317712582062,1264.4012416455905,2532.4689676898315,30.614736598145722,2534.802483291181,0.83650565,1.0,1.0039264384820432
MTHFS,2,0.0015617147386687207,6355.885606646006,12716.364895912497,20.447866023566206,12717.771213292011,0.55648215,1.0,1.0118310637329266
MTIF2,2,0.0018992938205249184,5922.53568566831,11850.033989645564,24.10166597220941,11851.07137133662,0.554460875,1.0,1.0086345393781868
MTIF3,2,0.002529208738802586,6604.925563246596,13215.61283341074,19.152940255988423,13215.851126493191,0.572959925,1.0,1.014131097726044
MTL5,2,0.00019281221232860516,2370.810535260876,4746.152912539848,37.68388893905449,4747.621070521752,0.747016075,1.0,1.0037762087335305
MTM1,2,2.6716980419716007e-5,764.4558703680016,1532.6004918007363,23.938803513203535,1534.9117407360031,0.867250525,1.0,1.0029834292628228
MTMR10,2,3.843851471141676e-5,579.6131098071143,1163.2849430258252,20.494579726237017,1165.2262196142285,0.88509515,1.0,1.0016765830227878
MTMR11,2,0.000761544028891115,1275.1085209837772,2568.509933990204,31.11743092572966,2556.2170419675545,0.811682575,1.0,1.0022462554507336
MTMR12,2,0.0001704288547366957,1266.997789549995,2537.634031340573,30.67362689916016,2539.99557909999,0.829021175,1.0,1.0025464841872678
MTMR14,2,0.0011124745594758361,3964.4959983461363,7932.599344044519,33.984105106058266,7934.991996692273,0.69557265,1.0,1.0068999588194782
MTMR1,2,0.00010646850305531905,784.8547493986612,1575.081147668391,24.085441612018116,1575.7094987973223,0.8604675,1.0,1.0016656206244048
MTMR2,2,0.00022052425241265004,2282.2093846580574,4568.671318729277,37.300136192927525,4570.418769316115,0.76108765,1.0,1.0039333637587098
MTMR3,2,0.00010571281251998827,947.239999534082,1898.404994314293,26.633199127888865,1900.479999068164,0.853398475,1.0,1.0110338989444632
MTMR4,3,0.0011292013548992773,4248.9355701858385,8502.738950475969,34.10698472851256,8503.871140371677,0.630421875,1.0,1.0049623538797177
MTMR6,2,0.00026999730881851873,1236.6317503141863,2477.9504237627,30.235858540869827,2479.2635006283726,0.8210674,1.0,1.0016796900349758
MTMR8,2,1.2773237652617196e-6,46.71352605664143,96.03668529380536,4.951235518131561,99.42705211328285,0.96719435,1.0,1.005625696772832
MTMR9,2,0.00044032921672717304,1896.2915439733945,3795.7273072899147,35.80324561156902,3798.583087946789,0.811016375,1.0,1.0044296709247178
MTO1,2,0.00020853358200780594,1595.7651490070311,3194.6178312834154,33.842981127713486,3197.5302980140623,0.82991675,1.0,1.0026227779632102
MTOR,2,0.00017278893481536845,1529.3706575882566,3062.9147527187224,33.33844615649107,3064.741315176513,0.812077075,1.0,1.0024226200222468
MTPAP,2,8.123505191251066e-5,2286.5104706704146,4577.155770104999,37.32973915692398,4579.020941340829,0.778583975,1.0,1.0036650090585773
MTRF1L,2,0.0014451729659376875,5040.358324972928,10086.649047417082,29.79805519299687,10086.716649945856,0.613688475,1.0,1.005444556194713
MTRF1,2,0.00022692254499700093,1369.3794545081353,2742.3992045691316,31.72178872907758,2744.7589090162705,0.823828425,1.0,1.0034056092402397
MTRR,2,6.391658769807826e-5,1093.317287524754,2190.117117220845,28.83115039456145,2192.634575049508,0.850947525,1.0,1.0040394511604591
MTR,2,0.00029044457904216215,2015.5770072549767,4035.9002768097876,36.31337774385313,4037.1540145099534,0.758097,1.0,1.00362412941376
MTSS1L,2,0.00032884047951407087,481.2478939964426,966.3892069635273,18.728347049387708,968.4957879928852,0.897790575,1.0,1.0019879483326295
MTSS1,3,1.3310345787504388e-5,457.64847109133666,918.8562525252804,18.0178159006495,921.2969421826733,0.899717425,1.0,1.004584871790373
MTTP,2,3.55104766927298e-6,72.74762613156938,147.89930049358145,6.3270694870438,151.49525226313875,0.96120855,1.0,1.0036141758613164
MTURN,2,0.00012925394566369974,2166.693724975551,4339.701996245616,36.973131587558704,4339.387449951102,0.7439797,1.0,1.0035116420384853
MTUS1,2,0.001096994535566774,4522.609369389468,9050.444196900526,34.9831319927116,9051.218738778936,0.654482925,1.0,1.007230882541005
MTUS2,2,7.793957494593698e-9,2.0692957148146268e-5,1.5271285973809492,8.090167071531637e-15,6.0000413859142965,0.982353875,1.0,1.0029249504800413
MTX1,2,0.00531940837410183,7310.562781704277,14629.886298793755,15.70840230095568,14627.125563408554,0.50716295,1.0,1.01319222236009
MTX2,2,0.0008879394592898497,6346.9998954410585,12699.03373655578,19.130641812020176,12699.999790882117,0.549814725,1.0,1.0090271824363861
MTX3,2,2.5457484197443706e-5,732.2125912619035,1468.193973322724,23.510300439833603,1470.425182523807,0.87155675,1.0,1.004016339936443
MUC12,2,1.7190852301456174e-5,142.69870679336586,288.0715948777877,9.293852891292941,291.3974135867317,0.9465582,1.0,1.0022241352052454
MUC1,2,0.00013687051588005412,337.91320482558535,683.5949089192646,15.29511078713798,681.8264096511707,0.912649425,1.0,1.002786448892851
MUC20,2,5.407634397617794e-5,230.63763368348305,464.59153277593754,12.2665539177368,467.2752673669661,0.930701875,1.0,1.003222983818826
MUC3A,2,1.2897550560255018e-5,457.6473751200083,919.26701962645,18.01723001292527,921.2947502400166,0.89814345,1.0,1.0026773246262382
MUC4,2,0.00015058987898871535,1092.6241395035852,2188.82605909723,28.870739685879848,2191.2482790071704,0.85055895,1.0,1.006977422191112
MUC5B,2,2.0459292692640868e-5,153.58303904868245,310.0841660316117,9.696253721718527,313.1660780973649,0.9439088,1.0,1.00255202130248
MUL1,2,0.00019416617635864984,2355.1386894314587,4714.422308886292,37.511022510094705,4716.277378862917,0.77924145,1.0,1.0019023661261142
MUM1L1,2,9.773242359126762e-5,839.3566945950968,1682.9254572364782,24.993630439246353,1684.7133891901935,0.859192825,1.0,1.0026953199765285
MUM1,2,0.001457425997929611,3907.5239832082716,7820.565095645232,35.010783218850506,7821.047966416543,0.68165615,1.0,1.005937294570395
MURC,2,4.606808557540168e-5,215.777814475475,434.70691946707905,11.80269825383834,437.55562895095,0.933112575,1.0,1.0041344763927391
MUS81,2,0.0003141072811412213,3045.2979418476584,6093.5739562565295,37.49054734398544,6096.595883695317,0.761339725,1.0,1.0054134102164927
MUTYH,2,0.0005108162367028083,2415.671869220341,4836.789099927964,37.71462584969508,4837.343738440682,0.74024505,1.0,1.0051921484655353
MUT,2,0.0006280166005201993,1749.4967695227597,3505.3660147985192,34.788721663684534,3504.9935390455194,0.778533875,1.0,1.0045834975915449
MVB12A,2,0.0032321458823448166,6948.261179202829,13926.387444483622,16.769094584937275,13902.522358405658,0.468850325,1.0,1.0128318767433522
MVB12B,2,4.653465547661504e-5,715.5973336033134,1435.4753348006104,23.020917034854048,1437.1946672066267,0.870115275,1.0,1.0030077597455447
MVK,2,0.0015710923622525887,3396.9761486401076,6799.792391563401,38.36539294892978,6799.952297280215,0.69653745,1.0,1.005286086263293
MVP,2,0.0008794498792893464,4933.615853401326,9940.444789642688,29.219196569733896,9873.231706802651,0.55522835,1.0,1.001968789374922
MX1,2,1.0260675217839239e-5,114.65027429249741,232.35866006993652,8.194179480003461,235.30054858499483,0.951232325,1.0,1.0022648398766667
MXD1,2,3.2813495986769106e-6,441.1944858108443,885.2379506707716,17.724653175699224,888.3889716216886,0.910841025,1.0,1.0033360018037791
MXD3,2,0.002053716447947618,2835.685361642448,5677.229253873031,40.023530125521376,5677.370723284896,0.7226037,1.0,1.0008798750218864
MXD4,2,0.0022233036792076296,5959.074532343444,11923.325237485094,25.728221171493693,11924.149064686888,0.555403775,1.0,1.0087729039973563
MXI1,3,0.002180169017874185,6432.426441081344,12871.51230808664,20.680757846149707,12870.852882162688,0.532316825,1.0,1.0123092460240146
MXRA8,2,6.559617667813718e-8,0.0001741578490804542,6.5562358787685975,8.090167070589817e-15,6.000348315698161,0.981773125,1.0,1.0058824148229664
MYADM,2,0.0009620324288964412,3440.062768406718,6885.441665431355,37.463412297369985,6886.125536813436,0.69765215,1.0,1.0097035342688552
MYBBP1A,2,0.0005374853681277866,1755.902453258139,3516.104801317431,34.86570091797536,3517.804906516278,0.788503375,1.0,1.0047112444482438
MYBL1,3,4.3663233775275944e-5,540.8640483319156,1087.238051478262,19.696054163689944,1087.7280966638311,0.88712555,1.0,1.0033686448599433
MYBL2,2,0.002829394421761259,2467.9997978975416,4947.170087057536,38.43872307638125,4941.999595795083,0.738401825,1.0,1.0071889567642596
MYBPC2,2,1.2773484482012885e-6,46.713526122174635,95.86412601354677,4.9524056108899615,99.42705224434927,0.96723905,1.0,1.002620867806887
MYBPH,2,3.238676231938831e-7,25.436216727974596,53.822846044320784,3.630740363141372,56.87243345594919,0.973244925,1.0,1.0039216021427757
MYB,2,3.544555285831843e-5,380.6677493740147,765.489114083463,16.12761079369683,767.3354987480294,0.9087275,1.0,1.0030193265224203
MYCBP2,2,0.00227026185366046,5392.383468440055,10789.628064360983,26.881260752872873,10790.76693688011,0.59863295,1.0,1.0067230257278759
MYCL,2,4.482605472409763e-5,943.4442381564724,1889.98215887146,26.71008686093146,1892.8884763129447,0.8586815,1.0,1.0027019016905028
MYC,3,0.005600647247033956,9575.765250747289,19157.29854143508,18.768046059571034,19157.530501494577,0.46689485,1.0,1.0010532645851173
MYD88,2,0.0005737447475294744,1819.1621131362017,3641.7808455358404,35.27964494070255,3644.3242262724034,0.803769975,1.0,1.0042576390746438
MYEOV,2,0.0027275451351159723,3375.1536497052293,6754.651221144307,38.13850486829371,6756.307299410459,0.68577575,1.0,1.0045317800955473
MYH10,2,0.00035109004159787334,2684.0640734528633,5375.301994264384,38.240922415232866,5374.128146905727,0.708586,1.0,1.0036714098992783
MYH11,2,6.957961975583889e-6,97.1360583887027,196.79195072273956,7.453689512466425,200.2721167774054,0.95601025,1.0,1.004509936666761
MYH14,2,0.0005274606832154888,2002.06751949138,4027.5730233118334,36.38698818990079,4010.13503898276,0.75192905,1.0,1.0043301968158658
MYH15,2,3.7006064605265064e-5,676.2787948850761,1381.1636759505623,22.3501966663015,1358.5575897701522,0.86817515,1.0,1.0021646476171764
MYH3,2,2.7854277867876374e-5,174.8639929448276,353.5556114520443,10.450268731853704,355.7279858896552,0.939481175,1.0,1.0015986415097686
MYH7B,2,1.420900820884386e-5,131.63230956988727,268.90140241901355,8.870253625680816,269.26461913977454,0.947046725,1.0,1.001683816039328
MYH9,2,0.0016726794241497332,3927.492610884644,7882.27160347056,34.74322197829866,7860.985221769288,0.6183044,1.0,1.004081910579763
MYL12A,2,0.007947289051630257,12950.675182285002,25908.16287358893,5.726013686020362,25907.350364570004,0.270599225,1.0,1.0043035025127394
MYL4,3,5.363265172505755e-9,1.4239469033002779e-5,2.4215844181360526,8.090167070589817e-15,6.000028478938066,0.981947925,1.0,1.001945059017675
MYLIP,2,0.0006267524429921398,1858.8009626846479,3720.7888521110635,35.50772427461241,3723.6019253692957,0.8306987,1.0,1.0034433613998035
MYLK-AS1,2,4.646833408474838e-5,715.597157520018,1434.9035048326684,23.024015547684396,1437.194315040036,0.873454725,1.0,1.0051699493149686
MYLK2,2,6.9257848465132885e-9,1.8387958767492782e-5,1.2726511196748553,1.1441223993092332e-14,6.000036775917535,0.982517075,1.0,1.0019153335116318
MYLK4,2,5.687812818472834e-7,32.76421415698493,67.84980714527742,4.115414963439169,71.52842831396985,0.97119345,1.0,1.0015949224790572
MYLK,2,6.272748760674315e-5,245.26645494158362,494.10548829077254,12.71078764868701,496.53290988316724,0.92811475,1.0,1.0040541108223908
MYLPF,2,2.0083285806686444e-5,310.10358576520963,624.2961465291835,14.388143866517515,626.2071715304193,0.918396575,1.0,1.0031533833424096
MYNN,2,0.0005024208422354631,2845.715730272681,5695.158611571815,37.89595825856932,5697.431460545362,0.76986605,1.0,1.0045134921045966
MYO10,2,0.0002820544169752104,2673.647663307087,5351.916892096595,38.219461411121074,5353.295326614174,0.7385648,1.0,1.0047423588709339
MYO15A,2,0.00013686447141297395,337.91318877752525,679.1052550359935,15.296181000459107,681.8263775550505,0.9170433,1.0,1.0056258133376508
MYO16,2,8.869567028384486e-7,39.83954609087036,82.03867108729291,4.547343526043477,85.67909218174071,0.969245325,1.0,1.0024159254367027
MYO18A,2,8.639510826138504e-6,609.8895167931646,1223.4740347660813,21.227570363102313,1225.7790335863292,0.88277795,1.0,1.0023035754296867
MYO19,2,0.00021206356998499772,2453.0021183723143,4912.483676778522,37.75190715127515,4912.0042367446285,0.7263946,1.0,1.00573488839302
MYO1A,2,2.875739806894003e-6,66.42110648987891,135.63879313832737,6.011095601454675,138.84221297975782,0.962138525,1.0,1.0031016951463476
MYO1B,2,0.0007301449461883843,3008.1317176944385,6020.908266555666,37.95626060852873,6022.263435388877,0.708350875,1.0,1.0032957618038796
MYO1C,2,0.0007387911751450749,4131.215118057285,8308.990034727549,34.5118002610182,8268.43023611457,0.604359175,1.0,1.003425399470011
MYO1E,2,0.0003950448894281387,1674.958404698793,3353.683800552406,34.336749337012364,3355.916809397586,0.800730775,1.0,1.0059553344355918
MYO1F,2,0.00013210540933491455,1198.331385396525,2399.8015440108406,30.123168592399054,2402.66277079305,0.859389175,1.0,1.0051961199151742
MYO1G,2,3.195254606418267e-7,25.43620519953302,53.05853034388717,3.6451971380188484,56.87241039906604,0.97391305,1.0,1.0018081373306529
MYO5A,2,0.00021289104824117892,1500.4366806321,3005.7081674173382,33.006679465484034,3006.8733612642,0.8030461,1.0,1.0034425603298502
MYO5B,2,0.00017178537578731078,2236.91024780701,4481.382500799383,37.23760832319741,4479.82049561402,0.7363718,1.0,1.0028076418574814
MYO5C,2,0.0008217012148066192,1894.941389432724,3795.6047520912307,35.68089519666712,3795.882778865448,0.768923325,1.0,1.003156040722731
MYO6,2,0.0005977461170785368,4717.046438795486,9444.953988611793,30.218792078091607,9440.092877590972,0.5858829,1.0,1.0071383400422262
MYO7A,2,1.8771005247074578e-5,328.41206012976954,662.4783430033098,14.882164648221666,662.8241202595391,0.9147406,1.0,1.0080842435324597
MYO9A,2,0.00020071493602666506,1451.1651251426242,2905.272237935667,32.55567753516243,2908.3302502852484,0.839343925,1.0,1.0049839730188121
MYO9B,2,0.0008053317564639605,1961.9435257925538,3928.028733767334,36.05716066848888,3929.8870515851077,0.779756375,1.0,1.0078881594529663
MYOM1,2,5.112346286514523e-6,85.10928930499693,172.75438753138113,6.913245255610073,176.21857860999387,0.9580107,1.0,1.0038431934735943
MYOM2,2,8.298533161012489e-5,1100.9723531839359,2205.4263957497374,28.79363788931722,2207.9447063678717,0.8410722,1.0,1.0032174130518623
MYOM3,2,0.00020044430970910017,394.48943222035643,792.7914117202167,16.719904605952873,794.9788644407129,0.907467525,1.0,1.0066113578134703
MYPN,2,8.939789631828483e-7,39.83956473497157,82.0752583105985,4.55038969133059,85.67912946994313,0.969241525,1.0,1.0023403782922207
MYPOP,2,0.0004981183094441143,2406.1023702191846,4816.322750318326,37.610865552165905,4818.204740438369,0.78106755,1.0,1.002801917489336
MYRF,2,9.326608132067767e-5,1171.7286029481488,2350.117562620461,29.662378563651345,2349.4572058962976,0.825043175,1.0,1.0031920361193118
MYRIP,2,2.2730001578281265e-6,59.983250001814895,122.5184201396055,5.679188944481249,125.96650000362979,0.963745425,1.0,1.0015355210943955
MYSM1,2,0.00044639044097985524,1831.3097114440043,3665.7627297360787,35.410322654969086,3668.6194228880086,0.80507855,1.0,1.004150350085143
MYT1,2,0.00015045895782945517,351.1923908274635,705.7900096613238,15.640011715756405,708.384781654927,0.914756675,1.0,1.0042835561715275
MZB1,2,3.203970531356777e-7,25.43620751361109,53.212313122053814,3.640074269936464,56.87241502722218,0.973363,1.0,1.0026005789799532
MZF1,2,0.0002153770816792463,1492.7957312892067,2988.912984701721,32.9355707842972,2991.5914625784135,0.817535675,1.0,1.0025547089410745
N4BP1,2,0.0001319247467831795,2336.951289826424,4677.891154801883,37.45674702786298,4679.902579652848,0.78144475,1.0,1.0030018549824293
N4BP2L1,2,1.7193917936864933e-5,142.69871493262787,289.32597697713754,9.293072750990156,291.39742986525573,0.94504845,1.0,1.001640185030381
N4BP2L2,2,0.0026133216702559233,8195.62068300928,16396.00369537028,12.88612690363141,16397.24136601856,0.45265255,1.0,1.004025153935429
N4BP2,2,0.00022779542536874274,1456.8013451654342,2916.8945017812302,32.583042479285176,2919.6026903308684,0.822592875,1.0,1.001917503354778
N4BP3,2,1.0898517909926913e-5,521.9143434452308,1046.8329431169152,19.4315548031458,1049.8286868904615,0.901931925,1.0,1.004669438308977
N6AMT1,2,0.0007213220917211755,2446.8164609636037,4896.717093784033,37.660416643933345,4899.6329219272075,0.785731625,1.0,1.0028296175649036
N6AMT2,2,0.0008740546872095565,3161.528283703284,6327.927980502594,37.552327423882474,6329.056567406568,0.69598695,1.0,1.00349368105135
NAA15,2,0.00046832530925602987,4151.897777157456,8308.151221655475,34.82234218337863,8309.795554314913,0.652083575,1.0,1.0072329648631715
NAA16,2,0.000596225804316267,1844.4059952448677,3692.50021800726,35.42677494076708,3694.8119904897353,0.79080345,1.0,1.0034193968404708
NAA20,2,0.002707963505996269,7826.312688480841,15658.347059656928,13.532104441867087,15658.625376961681,0.47144405,1.0,1.0051509366474338
NAA25,2,0.0003503390583676852,2989.5260789750355,5983.480477458952,37.87336190839547,5985.052157950071,0.72105015,1.0,1.0102774752752974
NAA30,2,0.00043402103495170845,1910.854786603416,3824.6736665173285,35.93585255989346,3827.709573206832,0.829030275,1.0,1.0085708636917692
NAA35,2,0.0004725906343541033,3337.6313456402304,6679.472182346028,36.94706015954737,6681.262691280461,0.7108382,1.0,1.0032038003438704
NAA38,2,0.007010209416317413,9081.524923622996,18167.856797295695,11.672232824233095,18169.04984724599,0.415789575,1.0,1.0033015933226854
NAA40,2,0.00011143970528549118,1131.502232754735,2267.1428933641723,29.33204115867504,2269.00446550947,0.840634025,1.0,1.0014782290050823
NAA50,2,0.0028382732344029325,5604.076053222389,11214.271874686438,24.518960659878466,11214.152106444779,0.565658,1.0,1.006050103373236
NAA60,2,2.0459293127784268e-5,153.58303904983774,309.9066371529769,9.69637313088487,313.1660780996755,0.94454285,1.0,1.0012964252379954
NAALADL2,2,0.00013686598685577403,337.9131928010259,683.2157424170259,15.294889989938167,681.8263856020518,0.91257565,1.0,1.0026866058775756
NAB1,2,0.0004918495478059151,1875.2473023863745,3754.544398861861,35.65984965655233,3756.494604772749,0.78919395,1.0,1.0038585438314669
NAB2,2,0.0008320488908036634,2974.0719577999844,5952.840446402065,38.6457243103499,5954.143915599969,0.720984525,1.0,1.0020570648944818
NABP1,2,0.0019151476316460407,3635.0599454421317,7274.640419206586,36.70308335760465,7276.119890884263,0.6736133,1.0,1.005202038882963
NABP2,2,0.002582808906190261,5484.431785398979,10977.649521263636,26.449564833057483,10974.863570797957,0.566174775,1.0,1.0087867336330827
NACA2,3,0.0021987571671167813,4178.40512134159,8427.395698828186,33.354313203299704,8362.81024268318,0.597217325,1.0,1.0073865915938376
NACA,2,0.041018578503710476,19897.831915036786,39806.07913196888,1.6058745350000219,39801.66383007357,0.17589375610664354,1.0,1.027413641663345
NACC1,2,0.00027673571492718024,2711.896168723582,5428.5634699912935,38.00839130465174,5429.792337447164,0.735913525,1.0,1.0086297188463875
NACC2,2,0.0007315981759748566,1989.4949880433876,3982.018484645153,36.210297101885814,3984.989976086775,0.813113925,1.0,1.0065757044369048
NADK2,2,0.0003638357255760791,1667.3159887329978,3338.556227872166,34.29953074186366,3340.6319774659955,0.797595025,1.0,1.0027702696127716
NADK,2,0.0007155899860373352,3047.0752260315494,6100.981311813411,37.98482155405061,6100.150452063099,0.6847983,1.0,1.0026909012176306
NAE1,2,0.001992644819268103,7272.672877473198,14556.608562289257,16.332232460051824,14551.345754946396,0.47411245,1.0,1.0055653694456632
NAF1,2,0.00045737822387874555,2873.6132935983246,5751.730093333347,38.15383973443393,5753.226587196649,0.7212099,1.0,1.0035062426079457
NAGA,2,0.000659010891829811,1511.6316073492378,3036.030965927845,32.881466323039746,3029.2632146984756,0.78959905,1.0,1.0019548812901526
NAGK,2,0.00025873553542680067,2549.9480671809574,5103.365498896983,37.79961109000449,5105.896134361915,0.766851,1.0,1.006339544130072
NAGLU,2,0.00016511546044566908,1389.709421910347,2783.6907200480505,31.992145608453402,2785.418843820694,0.81258175,1.0,1.0063299227739977
NAGPA,2,0.0007831436646713464,2199.520587294062,4402.63566086784,37.128663242011335,4405.041174588124,0.787894325,1.0,1.0050285765901974
NAGS,2,0.0003255677783875418,1450.2006910041505,2904.1256452389543,32.45191680642196,2906.401382008301,0.84011085,1.0,1.003915533995685
NAIF1,2,0.00011203955414889724,1056.3635920205975,2116.2412631278507,28.15674273620015,2118.727184041195,0.85336195,1.0,1.0029866940604246
NAIP,2,0.00021367130674915355,867.006945120156,1737.4054650839494,25.765307853022914,1740.013890240312,0.874926775,1.0,1.0025870083600132
NAMA,2,5.703753903999228e-7,32.764218389343135,67.9769400054002,4.1099172074959265,71.52843677868627,0.971226975,1.0,1.003349665429061
NAMPT,2,0.00018040304399125905,2738.651906873774,5480.5635385549995,37.85847561549913,5483.303813747548,0.755224475,1.0,1.0054266315128753
NANOS1,3,9.995699649646327e-5,297.1739260926751,598.048575871028,14.203416753368742,600.3478521853502,0.920230975,1.0,1.0028958370087824
NANOS3,2,1.5661477966709683e-5,137.1893191569196,277.0426579044002,9.08583543232817,280.3786383138392,0.9493729,1.0,1.0028393820224182
NANP,2,4.974651963013026e-5,1075.4878948099517,2153.9277755935505,28.590103992853543,2156.9757896199035,0.8724418,1.0,1.0034727758572841
NANS,2,0.0024690095221075957,6933.907704956428,13875.579092707992,16.735534666168935,13873.815409912855,0.51859455,1.0,1.0075410062876895
NAP1L4,2,0.0043300195887989385,7495.049920786151,15002.697629355245,15.992905697259163,14996.099841572302,0.4564521,1.0,1.0081404771357847
NAP1L5,2,0.00042009636926049773,813.4397475167882,1631.4055112880458,24.96728864775122,1632.8794950335764,0.865536675,1.0,1.0034954854406775
NAPA-AS1,2,0.0007367873692412853,1804.4104589850526,3647.5321950563057,35.11445063862924,3614.8209179701053,0.761064975,1.0,1.0037296290669837
NAPB,2,0.000623139272151973,619.6799554863817,1245.514420589117,21.58610372931964,1245.3599109727634,0.880376925,1.0,1.0051737013504747
NAPEPLD,2,0.00010544134434656012,1308.726354579752,2620.526838672988,31.291774883587163,2623.452709159504,0.85331265,1.0,1.0044677882088602
NAPG,2,0.00030265222590771776,4350.796601098233,8707.933983918438,32.66479659199315,8707.593202196465,0.627064825,1.0,1.004202448989784
NAPSA,2,3.185919787563312e-6,449.44715360952404,901.7554955109421,17.913214506576008,904.8943072190481,0.908195025,1.0,1.0021484671936352
NARFL,2,0.0009652818275034486,2164.0958457658057,4331.399854459164,36.94176885604368,4334.1916915316115,0.788946775,1.0,1.0048053821710672
NARF,3,0.004077727210500865,7199.230828253178,14407.447527064896,15.532067154345514,14404.461656506355,0.49192005,1.0,1.0141322011763214
NARS2,2,0.00010903536863221656,2424.1551724222036,4852.751380538258,37.642242423786314,4854.310344844407,0.7484742,1.0,1.002321438314467
NARS,2,0.0043473510582586975,7707.698779415299,15446.372762105371,14.766576744880998,15421.397558830598,0.442959525,1.0,1.0060467383384137
NASP,2,0.00867848898693223,7463.518107254162,14932.198258150403,17.862786893978498,14933.036214508324,0.472615575,1.0,1.008535853944819
NAT10,2,0.00016311591795000605,2408.5087898157362,4821.627448201977,37.65093688308106,4823.0175796314725,0.74565335,1.0,1.0064063560534837
NAT14,2,0.0016223033238853249,3595.635732672823,7197.930839285233,36.5629795174732,7197.271465345646,0.654233025,1.0,1.0056818214552545
NAT16,2,5.676460531426018e-5,1147.3621220084617,2298.3570398234506,29.443016705818692,2300.7242440169234,0.8404416,1.0,1.00238832804473
NAT1,2,6.725476072456969e-5,883.9597215350535,1771.046732943707,25.969452174689646,1773.919443070107,0.879438975,1.0,1.0036997349714107
NAT2,2,4.135328084243538e-9,1.0979296063666592e-5,1.2187413720330385,0.0,6.000021958592128,0.9824219,1.0,1.0015968651504683
NAT6,2,0.0004993217272402884,1980.1342164679108,3963.3177342110594,36.2565985380994,3966.2684329358217,0.8194019,1.0,1.0038584809215747
NAT8L,2,0.00017958612178876389,377.34137469683026,757.941848432872,16.299391077170874,760.6827493936605,0.91346295,1.0,1.0038931803804374
NAT9,3,0.0019108597307409359,5114.003645968014,10233.627956617169,29.111993110392312,10234.007291936028,0.5837963,1.0,1.0058988357183987
NAV1,2,0.0004866593536180529,1710.2293933708243,3423.9568821197945,34.563100423721565,3426.4587867416485,0.817314,1.0,1.0051825208266807
NAV2,2,1.2779293201307234e-6,46.712396336523696,95.73782120491781,4.952957498085541,99.42479267304739,0.967575825,1.0,1.0017243647986753
NAV3,2,0.0007678344715447234,1210.1494696902066,2425.2236857310663,29.688717907824525,2426.2989393804132,0.8265257,1.0,1.0028164686179006
NBAS,2,0.000854703810060348,2233.1379122534945,4470.00723554845,37.21355040905253,4472.275824506989,0.784251575,1.0,1.0030887817660734
NBEAL1,2,0.015365658502210677,14658.4038708936,29323.662424799713,4.197923608248548,29322.8077417872,0.248541975,1.0,1.0091147424657332
NBEA,2,0.00044804361897985985,544.1909981993565,1091.8304509637537,20.075237323332768,1094.381996398713,0.898867575,1.0,1.0033336863541247
NBL1,2,0.0019810986925690825,5213.409372666718,10432.204550607026,27.87127247445541,10432.818745333436,0.5839102,1.0,1.0084153778172973
NBN,3,0.0011056669281595277,5105.676763144727,10216.481517693479,27.12089389932865,10217.353526289455,0.599681775,1.0,1.003534054835146
NBPF1,2,0.0003185344391718783,2969.01809007096,5941.9281998687175,37.79836691819814,5944.03618014192,0.7591051,1.0,1.0030021244939755
NBPF20,2,0.00040880298679311504,524.7834525421403,1052.8497129036705,19.668874443915488,1055.5669050842805,0.902927425,1.0,1.0041062167908303
NBPF3,2,9.623199796974476e-6,572.2231169820967,1147.5332477141671,20.476035747852634,1150.4462339641934,0.889840525,1.0,1.0017672685345667
NBR1,2,0.00097796263419725,3210.369572505561,6424.998617108096,37.182332112140884,6426.739145011122,0.713580975,1.0,1.0031843828812785
NCALD,3,8.897796718469157e-5,283.25678848283536,569.5729851228467,13.815824786656378,572.5135769656707,0.925704375,1.0,1.0020832469720142
NCAN,2,6.957569622497308e-6,97.13605734700525,196.89269554503565,7.453341349956389,200.2721146940105,0.9551281,1.0,1.001728250725069
NCAPD2,2,0.0029460738105770066,3663.2037727857864,7334.89782463737,39.739571157124594,7332.407545571573,0.66460965,1.0,1.0011642437904045
NCAPD3,2,0.0013776424376994412,2835.62518684272,5678.941841261523,38.97651492550387,5677.25037368544,0.708982,1.0,1.0024993324740499
NCAPG2,2,0.0013142787487369668,1729.6190850423811,3468.9128704165223,34.561635060435044,3465.2381700847623,0.77440475,1.0,1.0013991788900976
NCAPG,2,0.0022557594290951886,3244.95973732972,6496.457836932194,41.3199384512032,6495.91947465944,0.704754575,1.0,1.0014364744338085
NCAPH2,2,0.0024935830227997636,3674.604962648758,7369.109428884042,37.63613277213068,7355.209925297516,0.647644,1.0,1.0078253190049775
NCAPH,2,0.0019970578505584097,1811.493294970068,3629.869237914638,34.702754060668326,3628.986589940136,0.78342735,1.0,1.0050926755386576
NCBP1,2,0.00023318181028458994,1639.6589890049804,3283.4423709945486,34.219067496570396,3285.317978009961,0.805983725,1.0,1.0051579250264429
NCBP2-AS2,2,0.0029690665707632386,6627.534528096782,13259.741372481836,19.15576927492337,13261.069056193564,0.54612575,1.0,1.0081960810615016
NCBP2,2,0.003208480831704197,6922.760467970321,13858.844550580747,16.54772783010894,13851.520935940642,0.475269025,1.0,1.0027674617461222
NCDN,2,0.00017699031510906964,1522.6151121877137,3048.5648271368577,33.242654153682885,3051.2302243754275,0.822035375,1.0,1.0056239397596363
NCEH1,2,9.343159429954728e-5,869.3527438477041,1743.0683478504536,25.47431732588246,1744.7054876954082,0.854705575,1.0,1.003169117995269
NCF2,2,6.2086673676466214e-9,1.648401186110178e-5,1.3058270457215853,0.0,6.0000329680237225,0.982312025,1.0,1.0019783789556331
NCF4,2,2.590825686790587e-5,169.60080241386484,344.10527943080706,10.267233077497709,345.2016048277297,0.939900475,1.0,1.0022041604206162
NCK1,2,0.0011001488058054178,3499.4286724774524,7001.762543714746,36.15968656179901,7004.857344954905,0.748685775,1.0,1.0047623689285756
NCK2,2,0.0005938734792146807,1534.8020849126408,3074.5033583203167,33.12172763145293,3075.6041698252816,0.802443475,1.0,1.0048075601100948
NCKAP1L,2,3.5529129053603744e-6,72.7476310837712,149.72766629621097,6.3251690133169625,151.4952621675424,0.960222825,1.0,1.002314055623275
NCKAP1,2,0.00045273065564088055,3195.8507497607584,6398.402548912315,37.52130784128957,6397.701499521517,0.685856375,1.0,1.0030571808939228
NCKAP5L,2,0.0003312943213955141,1375.0049585744027,2753.157430387351,32.04927792108511,2756.0099171488055,0.856496775,1.0,1.004583400452374
NCKIPSD,2,0.0005343432313869158,1565.2183258422474,3135.769196976356,33.39762853383484,3136.436651684495,0.79502575,1.0,1.002614069405167
NCLN,2,0.0008226278882400587,3485.2740100069786,6979.348083133075,36.73004271736816,6976.548020013957,0.6657913,1.0,1.0031803166042772
NCL,2,0.015479635159016625,15153.230388975699,30313.01370449719,3.912852321421524,30312.460777951397,0.2731855238929296,1.0,1.0050877158436735
NCMAP,2,1.7189712247668526e-5,142.69870376652304,288.08895173277267,9.29394292900881,291.3974075330461,0.946745875,1.0,1.0046633320512164
NCOA1,2,9.982109244502905e-5,1131.0149652652922,2265.5386129059443,29.147230023414835,2268.0299305305844,0.8382681,1.0,1.0015118544426578
NCOA2,3,0.0003309705843538913,1537.8986935106816,3079.664978307315,33.25607623763881,3081.797387021363,0.8058743,1.0,1.0044733278726352
NCOA3,2,0.0005381533769990177,1482.7260703869254,2970.033385502891,32.671152660651316,2971.4521407738507,0.810603725,1.0,1.0055910178888992
NCOA4,2,0.0009160192975738831,4562.410624027126,9132.620100233415,30.681010339480398,9130.821248054252,0.61942455,1.0,1.005512833981811
NCOA5,2,0.00019644474514165649,1464.0874173424693,2931.2032767165106,32.68669477166673,2934.1748346849386,0.83162825,1.0,1.0056666275204327
NCOA6,2,0.00046641723877241563,1947.5923300671664,3898.231312694052,36.094895839161055,3901.1846601343327,0.818744025,1.0,1.0033716419543088
NCOA7,2,0.00013040295314373172,2302.2613325921825,4609.382999151384,37.44683696231011,4610.522665184365,0.74986775,1.0,1.0029425528778548
NCOR1,2,0.0021357500294103783,4353.555714446067,8710.776407951042,31.7890530953972,8713.111428892134,0.7052517,1.0,1.0051888298310012
NCOR2,2,0.0008755878163668389,2032.508582212632,4069.42291602378,36.40055786122823,4071.017164425264,0.770190175,1.0,1.0020328839303128
NCR3LG1,2,2.7854361271883494e-5,174.86399316626526,352.814952247886,10.450881887190597,355.7279863325305,0.939826525,1.0,1.0022092911204525
NCS1,2,0.0002594514298025451,1454.7511628973718,2914.493786091017,32.54082647578226,2915.5023257947437,0.8062318,1.0,1.0038212984930088
NDC1,2,0.0005452807455800341,1857.6223412366555,3719.5908460846213,35.528151686604446,3721.244682473311,0.784657775,1.0,1.0025344588597982
NDC80,2,0.003968391597601492,2719.9048306546842,5445.516528031159,39.65766682567902,5445.8096613093685,0.72993665,1.0,1.0008325273556695
NDE1,2,0.0007706762170595067,1610.5934349900047,3225.9191415778387,33.726005814708586,3227.1868699800093,0.8036197,1.0,1.0030979100673658
NDEL1,2,0.00019227111456570983,2523.015363946,5050.071671474954,37.80963186866897,5052.030727892,0.76183975,1.0,1.0033326362151214
NDFIP1,2,0.0015750825352332035,6512.922398335936,13055.692615024791,18.030053154820774,13031.844796671872,0.4865169,1.0,1.006797734862522
NDFIP2,2,0.0016001020497900878,4064.1505381253323,8135.521329965149,33.85145861303412,8134.301076250665,0.643502975,1.0,1.0068551595333883
NDNL2,2,0.0028809351172426017,3735.3684027400723,7474.489715835795,35.229818301104004,7476.7368054801445,0.72182615,1.0,1.0048025058857424
NDOR1,2,5.407864681949467e-5,230.63763979753205,464.2946254396756,12.266817016449806,467.2752795950641,0.931716275,1.0,1.002607970418219
NDRG1,3,0.0009867418734395932,3315.195686992068,6644.7270966957085,37.8587371453831,6636.391373984136,0.664252275,1.0,1.0039794101334152
NDRG3,2,0.0005515170155978954,2983.0170239281747,5974.730794333945,37.89563929565209,5972.034047856349,0.6942078,1.0,1.0048447018969966
NDRG4,2,0.00043524506926725617,1323.7626404121193,2697.491115615658,31.089658631760447,2653.5252808242385,0.80256885,1.0,1.0046100235628752
NDST1,2,2.5105454494569927e-5,791.815988531173,1587.3379372303075,24.405564422908633,1589.631977062346,0.864445625,1.0,1.0015016743932452
NDST3,2,5.111396239011292e-6,85.10928678262081,172.68317233140928,6.91385825058798,176.21857356524163,0.9587334,1.0,1.0023121435178974
NDUFA12,2,0.005866115929227776,9749.201252376402,19506.83258174148,9.706603786086193,19504.402504752805,0.420098425,1.0,1.0054195060828355
NDUFA4L2,2,5.981817962298825e-5,240.39933375456826,487.65514780996847,12.563598307749059,486.7986675091365,0.927489475,1.0,1.0036176177255458
NDUFA6,2,0.007998482323519737,11293.95965954516,22596.697889130057,7.421292390490201,22593.91931909032,0.36673825,1.0,1.0010369466790183
NDUFA8,2,0.005235772836452487,10664.882209671361,21335.67527158114,8.539575519649004,21335.764419342722,0.360116225,1.0,1.0121729139593376
NDUFA9,2,0.0024347221811212654,6563.761706415019,13136.537285681101,18.942566075689587,13133.523412830038,0.49730475,1.0,1.010644406844693
NDUFAB1,2,0.012835321866892341,13289.9668279114,26622.331189338263,5.434541848096837,26585.9336558228,0.2761401,1.0,1.0084581571701488
NDUFAF1,2,0.0003002085969182823,3260.7306155996284,6524.864726809796,36.985758584085325,6527.461231199257,0.733237975,1.0,1.004151516101085
NDUFAF2,2,0.003846215164255723,6956.494104535688,13981.608329084806,17.62479642032402,13918.988209071376,0.466820225,1.0,1.0050423578384888
NDUFAF3,2,0.007864446850294478,10168.903297312918,20377.917398502108,9.451561067681604,20343.806594625836,0.3572756,1.0,1.0084179132817914
NDUFAF4,2,0.002059745347381132,6192.211960749348,12389.518686007148,23.663089739868074,12390.423921498696,0.57304335,1.0,1.0024972223017476
NDUFAF5,2,0.0006548508131624015,1877.418737409049,3758.221183417558,35.611223261643836,3760.837474818098,0.808957175,1.0,1.003406813339971
NDUFAF6,3,0.0021216086889990432,4006.2659134805144,8017.722465089082,34.62225781085877,8018.531826961029,0.655586725,1.0,1.0059595782230781
NDUFAF7,2,0.00045100905611390995,1824.4092537421961,3651.7001211258453,35.35934450031868,3654.8185074843923,0.823005175,1.0,1.0038608772318585
NDUFB2-AS1,2,0.00018986959040199984,385.94279941008585,775.0512081254121,16.51161564549443,777.8855988201717,0.916532975,1.0,1.0043300528757717
NDUFB4,2,0.014032976787738087,13947.343066626228,27900.09115924322,4.825844753197886,27900.686133252457,0.254034,1.0,1.0041361050844602
NDUFC1,2,0.01521083546008605,13602.791226312997,27211.48331128945,5.189031399894888,27211.582452625993,0.27461825,1.0,1.0040366589778404
NDUFC2,2,0.015625224912327162,12328.354465055432,24696.310042921912,6.482315818048956,24662.708930110864,0.303841525,1.0,1.02012384694526
NDUFS1,2,0.0015252362883799485,3940.596697054392,7888.614186815951,34.70125509630412,7887.193394108784,0.64974635,1.0,1.0052627361780866
NDUFS2,2,0.0030030041210042874,7976.61885697144,15959.349654723104,12.947007431594791,15959.23771394288,0.478590625,1.0,1.0082532230542758
NDUFS3,2,0.004939802048113915,8927.251125667843,17859.551901932326,11.240179564635248,17860.502251335685,0.4205608,1.0,1.004364253187566
NDUFS4,2,0.007306132553502848,11082.758014268456,22171.037508525624,8.05157367541884,22171.516028536913,0.313687125,1.0,1.0091241807827551
NDUFS7,2,0.0054611060821035595,9368.012721979489,18743.152049870096,10.57073771792339,18742.025443958977,0.420755175,1.0,1.0080141635567543
NDUFS8,2,0.009530325155429039,11208.21443806493,22456.933255066797,7.935802479141732,22422.42887612986,0.329848925,1.0,1.0088608945287476
NDUFV2,2,0.011693009553657147,12265.319680275727,24536.345333642945,6.473267512232358,24536.639360551453,0.31059485,1.0,1.0083087309328846
NDUFV3,2,0.002052345535312874,6555.460914438631,13115.554724543363,19.6264469811766,13116.921828877263,0.573083125,1.0,1.0041927609927186
NEAT1,2,0.014525311925663415,12674.459613795867,25356.98568269799,7.049046910400663,25354.919227591734,0.37130065,1.0,1.0033243380377763
NEBL-AS1,2,6.780367453097524e-5,1199.6591057266944,2403.0259204552,30.054063205270705,2405.318211453389,0.834130825,1.0,1.001977244061199
NEBL,2,0.00012964103143037642,2319.8180363625265,4651.776859866691,37.45331773816477,4645.636072725053,0.7262495,1.0,1.0018058604134195
NEB,2,4.294380805689164e-6,78.9739703641883,161.1636264373329,6.6253497219870265,163.9479407283766,0.958887725,1.0,1.0040898049903029
NECAB3,2,0.0008360619267345036,3033.730389118317,6074.264717118225,38.01252727591286,6073.460778236634,0.69712105,1.0,1.004184766527258
NECAP1,2,0.0001410651372511234,2389.9443947357,4783.472516667127,37.56860361249248,4785.8887894714,0.76650325,1.0,1.0023602769720066
NECAP2,2,0.0018988204691964229,4151.101198039289,8307.426666264562,33.184223425689616,8308.202396078577,0.665884675,1.0,1.002586052732658
NEDD1,2,0.0003723947289852175,1424.1099985404371,2853.1892948186346,32.17005443126091,2854.2199970808742,0.8065892,1.0,1.0016984946691359
NEDD4L,2,0.0010375118599936161,1925.7422362360478,3856.2102334360916,35.84123554619255,3857.4844724720956,0.785256925,1.0,1.006440550651216
NEDD4,2,2.5772954025010565e-5,501.82435608639577,1007.7269616465851,18.929986747787538,1009.6487121727915,0.89339275,1.0,1.0025065881312047
NEIL2,2,0.0014183376325794593,4016.799376478115,8038.413342465685,33.9958098112117,8039.59875295623,0.677955325,1.0,1.0041954110551559
NEIL3,2,0.0019716394727397513,1236.9008817907622,2480.02308580826,29.723326263905363,2479.8017635815245,0.8244773,1.0,1.0045961660348832
NEK10,2,2.5901132842773516e-5,169.6007834995781,342.07914196066474,10.26824998830043,345.2015669991562,0.941453525,1.0,1.002436803028807
NEK11,2,3.0829659564271796e-5,590.5692753210511,1184.4360596331958,20.928789516238933,1187.1385506421022,0.89101355,1.0,1.0023298364184408
NEK1,2,0.0008156231699743465,3119.4947508586793,6245.074195363246,37.945770406066536,6244.9895017173585,0.702765925,1.0,1.0024648470175552
NEK2,2,0.005543744700056083,2941.2429119981443,5888.542040491255,40.41637703637814,5888.485823996289,0.7249998,1.0,1.0014586953609521
NEK3,2,0.0007151415860725627,2201.0404301004464,4408.761508241585,37.15928160128807,4408.080860200893,0.739319175,1.0,1.0062868533035676
NEK4,2,0.00020368371696728705,1453.68996502387,2924.834470921091,32.57452829380114,2913.37993004774,0.793329675,1.0,1.004622276101602
NEK6,2,0.0016406240506623374,3718.8982848963883,7444.019382179298,35.926619135013226,7443.796569792777,0.65293735,1.0,1.006473797083107
NEK7,2,0.00020735210529903731,1432.8788378319368,2872.598805162976,32.37182907136252,2871.7576756638737,0.802532825,1.0,1.0017840697295333
NEK9,2,0.00013108314684018584,1218.3973259031304,2444.5268765919495,30.159826511106118,2442.794651806261,0.819297075,1.0,1.002941153239636
NELFA,2,0.0012082167111817992,3817.6663207013207,7639.552093178597,35.07371081337166,7641.3326414026415,0.699294475,1.0,1.0036253140138978
NELFB,2,0.0017887555525153307,3757.2277599908243,7525.187961157422,36.447420945295896,7520.455519981649,0.6424687,1.0,1.0086175565861935
NELFCD,2,0.0015421223783111855,5271.1919581967895,10549.335883545029,26.45191071549335,10548.383916393579,0.5927419,1.0,1.0064555797281103
NELL2,2,7.379314938245287e-10,1.9592081161041237e-6,1.1015637726112453,8.090167070593496e-15,6.000003918416232,0.982482275,1.0,1.0042325273860722
NEMF,2,0.0025459020676357014,6162.030235855001,12328.778582456902,21.863427306927335,12330.060471710001,0.538594825,1.0,1.0042145750775877
NEO1,2,0.00016790196990379669,1468.6094350349301,2942.9933030881502,32.760114615576704,2943.2188700698603,0.805065925,1.0,1.004942329586125
NES,2,0.00016211823418787493,1486.109780019374,2976.344123676863,32.92644756296356,2978.219560038748,0.814153775,1.0,1.0070037603392392
NET1,2,0.0002123141927348149,2202.358298327817,4409.127162989922,37.171746963019054,4410.716596655634,0.754820975,1.0,1.0051471870426831
NETO2,2,0.0016137546060867865,2760.1276465331725,5526.21419692009,38.37350154061967,5526.255293066345,0.702606475,1.0,1.002751211407051
NEU3,2,0.00012816146322634634,328.9801547198532,661.0467290940036,15.062286738103364,663.9603094397064,0.92157995,1.0,1.0013203588220372
NEU4,2,8.869873127741921e-7,39.839546172139734,81.92692533506187,4.5490725396134,85.67909234427947,0.96952505,1.0,1.0035470344643795
NEURL1B,2,3.588934025499247e-5,376.28660506570486,757.1611425149868,16.022056402326275,758.5732101314097,0.90876475,1.0,1.0090240675443478
NEURL1,3,2.4024007407732507e-5,164.29562016673668,332.1836799431392,10.080929026584139,334.59124033347337,0.941283375,1.0,1.0028640429838307
NEURL2,2,1.719040126527127e-5,142.69870559586477,288.07783114177363,9.294049790142617,291.39741119172953,0.9477689,1.0,1.0048636961942405
NEURL4,2,8.08913191731587e-6,632.0917850367039,1268.3551597102396,21.659026595650406,1270.1835700734077,0.8791285,1.0,1.002007422304145
NEUROD1,2,6.460147973163804e-10,1.71516928687499e-6,1.664674553025149,8.090167070589817e-15,6.000003430338574,0.98229395,1.0,1.0017270820997366
NEUROG2,2,2.874560620995225e-6,66.42110335914035,135.22497982359275,6.012399153227374,138.8422067182807,0.962981575,1.0,1.0046179638016255
NEXN-AS1,2,1.4287113899619498e-7,17.76840249509497,45.45848297769727,3.088452151489801,41.53680499018994,0.97562875,1.0,1.0025625259185742
NEXN,2,3.416268732000758e-5,190.4383201012275,383.5801391052334,10.98043567965697,386.876640202455,0.9444134,1.0,1.0036095435551435
NF1,2,0.0001558607751745289,2351.0567687703356,4707.525245574485,37.57840918882987,4708.113537540671,0.73847265,1.0,1.0032378721200848
NF2,2,0.00026267559367050065,2615.118545194784,5234.274409038961,37.92579803259125,5236.237090389568,0.752726975,1.0,1.004814325636124
NFAM1,2,1.2781359149476892e-6,46.71352821289885,95.77815667854402,4.953714964149521,99.4270564257977,0.9674194,1.0,1.004280625991801
NFASC,2,1.1504871249037978e-5,120.36555884130611,243.3847622508078,8.42670144783462,246.73111768261222,0.950524175,1.0,1.001970152770493
NFAT5,2,0.000928833221495194,3291.8501510657243,6588.060272785133,37.37284032876881,6589.700302131449,0.704954625,1.0,1.005772304938793
NFATC1,2,9.789511744983951e-5,1300.4898649432887,2604.146960416788,31.19985276672893,2606.9797298865774,0.8479482,1.0,1.0026063884305618
NFATC2,2,8.545016586644252e-5,278.5815883555494,560.2397158901033,13.683779952630259,563.1631767110988,0.926155975,1.0,1.0024520803550185
NFATC3,2,0.0003198165021200076,2282.2993101333404,4568.8492774447395,37.31436258258392,4570.598620266681,0.7689607,1.0,1.002792954594803
NFATC4,2,9.995675785808685e-5,297.17392545909024,603.7550958883008,14.201769254816472,600.3478509181805,0.918198275,1.0,1.002454525192106
NFE2L1,3,0.001256949303590633,4226.354026454046,8458.84531919351,34.83798660485176,8458.708052908092,0.621166375,1.0,1.0049506592906625
NFE2L2,2,0.005547974314433576,9451.519557769132,18908.18677599295,10.409845279495443,18909.039115538264,0.418256425,1.0,1.0028644460023384
NFE2L3,2,0.0002946454780516557,2817.971090564702,5642.032939581735,38.06166954307749,5641.942181129404,0.71039045,1.0,1.0080154738662777
NFE2,2,1.1508343439822318e-5,120.36216639648096,243.31609556784102,8.427106652478937,246.72433279296192,0.951954375,1.0,1.0032580311420478
NFIA,2,0.00047154106646765144,2494.45738728456,4994.010284180715,37.976852595177874,4994.91477456912,0.74776885,1.0,1.0013195033688507
NFIB,2,0.0004545729838842568,2608.340815643675,5222.258745701157,38.391552051184064,5222.68163128735,0.728408425,1.0,1.0081665876278383
NFIC,2,0.004914240531335344,6647.594786796928,13300.060680335726,20.750234400626912,13301.189573593856,0.53343765,1.0,1.0027930017822715
NFIL3,2,6.256614022157183e-5,754.1647561275859,1512.1622411656424,23.656713093106394,1514.3295122551717,0.880414225,1.0,1.0024648536519782
NFIX,2,0.0008470708448097424,1227.2727597004528,2458.4234703159186,30.60806485666556,2460.5455194009055,0.847082175,1.0,1.0025661716704914
NFKB1,2,0.00025484023623991147,2352.5852157408085,4710.295428774435,37.58553159796469,4711.170431481617,0.7467279,1.0,1.0077614326706281
NFKB2,3,9.569664616070155e-5,2376.5383220086665,4757.308242407346,37.570159268761294,4759.076644017333,0.764033175,1.0,1.0061062354112784
NFKBIA,2,0.00207035136241304,5666.3563494492655,11339.015991720034,26.84831071644815,11338.712698898531,0.5997215,1.0,1.0075823656002627
NFKBIB,2,0.000871015881632865,3479.1095467669234,6967.403067812381,36.647135912868606,6964.219093533847,0.6578565,1.0,1.0135535301759355
NFKBID,2,0.0002967718559497582,1152.4172613522114,2309.1827847844925,29.21190024161072,2310.834522704423,0.843209875,1.0,1.003995463016354
NFKBIE,2,0.0006621479524964956,1868.5298336874325,3740.44085606027,35.56013652255774,3743.059667374865,0.8169219,1.0,1.0066789890598553
NFKBIZ,2,0.0001765194059024063,1000.8078419267832,2005.9341627371887,27.308321569738716,2007.6156838535665,0.847453275,1.0,1.0024257145041655
NFRKB,2,0.00033233429630051385,2217.111378556999,4438.570065714174,37.20719183230069,4440.222757113998,0.75025235,1.0,1.0038389062153656
NFS1,2,0.00012652450578582377,2200.2172143868524,4414.836702265955,37.076973506138316,4406.434428773705,0.734171475,1.0,1.0034635093858526
NFU1,2,0.0026962432267601693,6843.313664189479,13693.08206277004,17.516402630922453,13692.627328378958,0.51507975,1.0,1.0092574841566697
NFX1,2,0.0006081025727464239,2026.7215576657402,4056.362911663273,36.433389962425245,4059.4431153314804,0.81519655,1.0,1.0041386931942387
NFXL1,2,0.0015244400724408913,3243.843532623982,6493.371008674264,38.065923892970794,6493.687065247964,0.72040305,1.0,1.0063964578104385
NFYA,2,9.37987342232993e-5,866.004848799621,1736.0310647512222,25.42391057532733,1738.009697599242,0.861494925,1.0,1.0055278703750885
NFYB,2,0.002355181031813859,3825.275632051901,7655.4850706605075,36.15376238770305,7656.551264103802,0.6660701,1.0,1.0041387718858683
NFYC-AS1,2,6.88524404755215e-5,254.8989291938997,512.6972923558197,12.99844249650346,515.7978583877994,0.934475575,1.0,1.0017562238920603
NFYC,2,0.0016482745586656215,3960.228152533293,7926.089892972042,34.825222316915465,7926.456305066586,0.679907175,1.0,1.0039948620457064
NGDN,2,0.0010046456580915758,5068.002213218543,10140.272084412749,27.01898671914393,10142.004426437086,0.659112025,1.0,1.0029774714567985
NGEF,2,0.00040624342121757084,1429.5914362902572,2864.005811655891,32.21035979896041,2865.1828725805144,0.807947125,1.0,1.0020086086411588
NGFR,3,0.00016714326776651417,844.0358558118243,1695.155438678124,25.398135202799885,1694.0717116236485,0.85691255,1.0,1.0024914985190183
NGLY1,2,0.0007975157977220318,3713.3038010128976,7430.235496845146,35.2800949036762,7432.607602025795,0.70598865,1.0,1.0028220013791422
NGRN,2,9.070256363732518e-5,722.1212676659352,1450.8861867139972,23.03569747806677,1450.2425353318704,0.865669925,1.0,1.0010224219192485
NHEJ1,2,3.5489024035436096e-6,72.74762043588888,148.42476549911376,6.325548667766134,151.49524087177775,0.96051425,1.0,1.0043889040603686
NHLH1,2,1.0264504942321253e-5,114.65028446041592,231.94713471572112,8.194654962655756,235.30056892083184,0.95168105,1.0,1.0028146434102445
NHLRC2,3,0.0002245575429484746,1477.4486369508106,2958.253353359978,32.78737485562494,2960.8972739016212,0.8179528,1.0,1.0039640623723722
NHLRC3,2,0.00010253870322008659,2277.8247932502377,4560.776774578875,37.33070243270907,4561.649586500475,0.746767425,1.0,1.0064204412860989
NHLRC4,2,3.193602159324555e-7,25.436204760808316,53.37343582015808,3.6319375169472847,56.87240952161663,0.97348215,1.0,1.0035814820694602
NHP2L1,2,0.013989378092116487,13719.909416678312,27445.02727638865,4.9660833241030184,27445.818833356625,0.278792275,1.0,1.0068327450962837
NHSL1,2,1.2051009111966498e-5,482.0748121611926,967.3381264333267,18.567923217492016,970.1496243223852,0.9016399,1.0,1.0038836078166349
NHS,2,3.5257674961036375e-6,420.4050637424798,843.6767146349533,17.23717970716361,846.8101274849596,0.908762125,1.0,1.0037728358584015
NIF3L1,2,0.0007371953451087403,3247.941335300562,6500.753794391473,37.79360572050406,6501.882670601124,0.697309875,1.0,1.002188153696195
NIFK-AS1,2,0.00030843396898369975,1635.8618149158858,3274.8068052198937,34.23997269803559,3277.7236298317716,0.84063275,1.0,1.001570366890951
NIFK,2,0.0022089605841437974,8052.6714602186685,16110.32713297945,13.927625451715532,16111.342920437337,0.46625145,1.0,1.008104225247136
NINJ1,2,0.0013157132916604226,5821.794630775635,11648.29740911167,23.931186460484113,11649.58926155127,0.561447,1.0,1.0048245186448226
NINJ2,2,1.2266685448945402e-9,3.256804986695004e-6,1.5620410170524555,1.1441223993092332e-14,6.000006513609973,0.98215585,1.0,1.0031802451926044
NINL,2,7.3192895162258826e-6,661.2583775021301,1326.4658012611844,22.21480378738046,1328.5167550042602,0.877196425,1.0,1.009819361423326
NIN,2,0.00029498533022715145,2217.562175278416,4439.77743996615,37.13411498679778,4441.124350556832,0.755432425,1.0,1.0028432771621443
NIP7,2,0.0008676074238723611,4292.076680520043,8588.631824896727,34.57127311457869,8590.153361040086,0.63955095,1.0,1.0041756317507036
NIPA1,2,0.00026926364592361597,1656.065741153052,3315.864292279174,34.27715058938468,3318.131482306104,0.80374035,1.0,1.002787253279874
NIPA2,2,0.0028868359173474696,4059.4018716012984,8126.706054052059,35.60355520665658,8124.803743202597,0.668807775,1.0,1.0144086982305822
NIPAL1,2,7.050843234671982e-5,1182.5703172193964,2368.1726943774142,29.84222607387206,2371.140634438793,0.849258725,1.0,1.0035754913336095
NIPAL2,3,0.00020789707986706375,1050.4312891157726,2129.246081333605,27.953007715055836,2106.8625782315453,0.8293793,1.0,1.0031867440411977
NIPAL3,2,0.0004886293926660736,1833.0459239047564,3670.1046930721595,35.56433231952397,3672.0918478095127,0.804160275,1.0,1.0044699584129164
NIPBL,2,0.0010235201356861103,4479.170065626195,8962.805152879808,33.05696056023143,8964.34013125239,0.633358175,1.0,1.014394694443158
NIPSNAP3A,2,0.0002199934126327689,2517.8225132261405,5042.127834133125,37.806528909570396,5041.645026452281,0.725266125,1.0,1.0062750965164797
NISCH,2,0.000654490022920888,1771.0127295059865,3547.309527238285,34.935573006835305,3548.025459011973,0.779969975,1.0,1.0063471564700024
NIT1,2,0.002191408939630631,3964.483750114244,7933.747116122391,34.4373101960752,7934.967500228488,0.660738025,1.0,1.012444443525395
NKAIN1,2,7.027526959320246e-5,352.5678542633176,713.417495563955,15.353238850393378,711.1357085266352,0.911547775,1.0,1.0018145922209216
NKAP,2,0.004363040735855616,6607.193828777918,13219.169044373544,18.91029470705339,13220.387657555835,0.51130655,1.0,1.0039734155909357
NKD1,2,3.530688788751321e-6,420.40507680851175,843.7957209919855,17.23660596417496,846.8101536170235,0.906608075,1.0,1.0038125538251548
NKD2,2,0.0002474071622689375,1564.5483390732911,3132.176944545909,33.54385462577383,3135.0966781465822,0.823650875,1.0,1.0037973410375491
NKIRAS1,2,0.00024388100447706628,2319.575978532096,4643.37456516377,37.425303709488006,4645.151957064192,0.781335625,1.0,1.0088918217885994
NKIRAS2,2,0.0007580439990950944,3524.55775022045,7053.2837088179995,36.416034019654965,7055.1155004409,0.7138572,1.0,1.0021088158726785
NKPD1,2,3.2019668515306607e-7,25.436206981634097,54.07895909865321,3.6299483082522936,56.872413963268194,0.97324865,1.0,1.0017739703206696
NKRF,2,0.00022766720776666994,1456.8010048118094,2916.646846175795,32.58512916672589,2919.602009623619,0.841648825,1.0,1.001734865761146
NKTR,2,0.0026723595549176847,5574.620486712524,11158.226053836655,25.789039204468782,11155.240973425049,0.563336225,1.0,1.0072340424856505
NKX2-1,2,0.00021130079912562105,402.9827093862593,809.2433561214067,16.925770100738955,811.9654187725185,0.912922475,1.0,1.0046465333078152
NKX2-8,2,0.00010068051587137262,2517.1278099944802,5037.681330654671,37.769637934455545,5040.2556199889605,0.7784296,1.0,1.0031709368813813
NKX3-1,2,4.606806744323739e-5,215.77781442733408,434.5144777067313,11.80333118802943,437.55562885466816,0.93501085,1.0,1.0054187364067766
NKX3-2,2,3.9232285568662175e-5,568.0911336302302,1140.0943040662671,20.264847110025496,1142.1822672604603,0.8942091,1.0,1.0036867335924657
NKX6-1,2,0.00010497677446499737,791.7525285650942,1587.726358922513,24.206357945459622,1589.5050571301883,0.8664768,1.0,1.0018326433088312
NLE1,2,0.0013914661658664326,3773.8918381222657,7553.410351122444,36.05703831801662,7553.783676244531,0.6792829,1.0,1.0019661324435039
NLGN1,2,8.870004858048658e-7,39.83954620711413,81.94170094055424,4.548888598828324,85.67909241422826,0.969533325,1.0,1.0016717686640846
NLGN2,2,0.0001576715159478386,1330.2742697132885,2675.3989435503813,31.378248180446228,2666.548539426577,0.80584025,1.0,1.004376777814797
NLGN3,2,5.977502684702665e-5,240.41478442175332,484.1998250479375,12.564796246837872,486.82956884350665,0.9288505,1.0,1.0053792705677096
NLK,2,1.6213073503346722e-5,708.2603049019912,1419.515896586545,23.01124107625636,1422.5206098039823,0.88197815,1.0,1.0019016111611274
NLN,2,0.000677165966709892,3213.635273776163,6432.945980081607,37.54123903647853,6433.270547552326,0.6868133,1.0,1.0068411603197829
NLRC5,2,9.996534350474243e-5,297.1739482539821,597.6933566553844,14.203631249490478,600.3478965079642,0.9209313,1.0,1.002417677429104
NLRP11,2,7.987954188027031e-6,103.03945529690532,208.6936817879415,7.708767789019434,212.07891059381063,0.95405315,1.0,1.0014696050512781
NLRP14,2,8.935297723116363e-7,39.83956354236981,81.99149954086548,4.5501679810407225,85.67912708473962,0.969167675,1.0,1.003030630671795
NLRP1,2,2.5085491226216053e-5,791.8159355286956,1586.7185767136568,24.40753636900104,1589.6318710573912,0.871463875,1.0,1.0018810687861228
NLRP2,2,0.0007889859301421252,2339.563998752962,4686.404689319736,37.44971084184743,4685.127997505924,0.739904975,1.0,1.003893797902516
NLRP4,2,5.676110245571666e-7,32.76421104995182,67.88320471971012,4.108849835166813,71.52842209990364,0.971428475,1.0,1.0036142244479975
NLRP5,2,6.962689143890114e-6,97.13078294748661,197.40229656247354,7.452413207319221,200.26156589497322,0.9547625,1.0,1.0012982422672057
NLRP7,2,1.4211010151474272e-9,3.773023195216419e-6,2.631023104176223,8.090167130866259e-15,6.00000754604639,0.982094425,1.0,1.0022365522085888
NLRX1,2,0.00019748564777923375,1270.1176242657716,2544.002448399786,30.679142488474252,2546.235248531543,0.83021355,1.0,1.0058841902170983
NMD3,2,0.0005236010400498103,4855.423758451686,9715.947533480246,28.591426655525115,9716.847516903372,0.633376725,1.0,1.0015169121646477
NME1-NME2,3,0.001998324843496477,5671.605133461919,11427.283843300278,23.066795076276403,11349.210266923837,0.5153811,1.0,1.004430908772056
NME5,2,0.00044443164917570214,1777.923375266513,3560.1120067934585,35.058228878264686,3561.846750533026,0.787735575,1.0,1.005341302589265
NME6,2,0.00021041996242807855,2459.609816806422,4922.915396853597,37.69458232848485,4925.219633612844,0.772952425,1.0,1.0030959838572266
NME7,2,0.000526561059501517,4772.834150526778,9551.171515323897,29.048514663668783,9551.668301053556,0.622286,1.0,1.0029335785681643
NME9,2,2.875045425653697e-6,66.42110464629671,135.2537350276149,6.011567872707131,138.84220929259342,0.962438525,1.0,1.0020648637823057
NMI,2,0.0004306855548167987,3168.3174740461723,6340.6959944273185,37.40142169299249,6342.6349480923445,0.717593575,1.0,1.0069305089691072
NMNAT1,2,0.0004713040913781858,1794.6257677459157,3592.4141641196006,35.15386932105653,3595.2515354918314,0.80787345,1.0,1.011371959899429
NMNAT3,2,0.0001321568603742176,1209.811179434735,2423.0395807363097,30.060692461636275,2425.62235886947,0.83440535,1.0,1.0023093028046233
NMRAL1,2,0.0028128414906527497,6786.657295417518,13580.771152484123,18.479773461239215,13579.314590835036,0.5353926,1.0,1.0112923434674628
NMRK1,2,0.0001503066018367184,2502.111817554441,5009.145780071998,37.81513159159811,5010.223635108882,0.739412725,1.0,1.0063369948310728
NMT1,2,0.0026683200856602368,6354.717154901925,12714.194780441656,21.65156395732317,12715.43430980385,0.525851575,1.0,1.0044236110401816
NMT2,2,0.001229543118654463,3520.6197722808406,7047.78073706328,36.763039120050216,7047.239544561681,0.678683475,1.0,1.0065263376340927
NMU,2,0.007964795601709075,6449.325907246136,12906.772601658966,33.11067341163533,12904.651814492272,0.562392225,1.0,1.004312452285672
NOA1,2,0.0025841424627292596,5694.386433638238,11393.112437833264,22.487104443454488,11394.772867276475,0.600695725,1.0,1.0072910747378494
NOB1,2,0.003409944353771999,9162.48441531833,18329.72858103398,10.930997521873683,18330.96883063666,0.413613625,1.0,1.0062815760771004
NOC2L,2,0.002049797172913286,7371.732046747186,14787.165456889325,15.481249444451224,14749.464093494373,0.449352425,1.0,1.0064481579495366
NOC3L,2,0.0037767892688244462,5304.893007930116,10614.304732164192,28.34775780334275,10615.786015860233,0.5916046,1.0,1.0073591018351524
NOC4L,2,0.0014098016411722926,3839.97759918104,7685.486925479931,35.243492890237114,7685.95519836208,0.659432375,1.0,1.0071306976278214
NOD1,2,4.740469105178298e-6,329.2413725144604,661.5811482752736,14.967927972385308,664.4827450289208,0.91708045,1.0,1.0038525280141974
NOD2,2,0.00011161402924528274,310.91174348977677,624.9212843393555,14.579633655067799,627.8234869795535,0.922765175,1.0,1.004326849873864
NODAL,2,3.610823643347313e-9,9.586736773087116e-6,1.6307566264070834,1.1441223993092332e-14,6.000019173473546,0.982184425,1.0,1.002029795294944
NOG,3,2.2201089759721116e-5,158.9617823262587,320.6272584596145,9.891128742693647,323.9235646525174,0.9444149,1.0,1.003192459602779
NOL10,2,0.001645513392783876,3611.0756141472502,7226.773817702237,36.61296889919292,7228.1512282945005,0.675636525,1.0,1.001803001292248
NOL11,3,0.0015237711359548,4719.062267208036,9442.728981059257,31.531577920568164,9444.124534416072,0.61074595,1.0,1.0123810451485913
NOL12,2,0.0010168387478373985,3432.433334562645,6869.210612602473,36.99086335762236,6870.86666912529,0.7110761,1.0,1.004201234979689
NOL3,2,0.0034092839760431794,5563.139104955675,11131.076803474565,25.43405813521781,11132.27820991135,0.567976975,1.0,1.0064600829250723
NOL6,2,3.1660455805354864e-5,679.8764905876694,1363.32676080192,22.429601360072983,1365.7529811753388,0.876356725,1.0,1.002739339790436
NOL7,2,0.004884970882216658,9789.782366326386,19584.408591689018,9.796902970215031,19585.564732652772,0.386807775,1.0,1.0044142024802512
NOL8,2,0.0017501300432915578,4311.080606481627,8627.037617664597,33.78524939948734,8628.161212963254,0.6329132,1.0,1.0044649607050968
NOL9,2,0.00045945246555606034,1942.6764563778768,3888.420602767122,36.087315308697214,3891.3529127557536,0.819889825,1.0,1.0046446522849748
NOLC1,3,0.003734617839835747,8210.292646091755,16431.00611169779,13.813789510546915,16426.58529218351,0.4355484,1.0,1.001575825878848
NOM1,2,0.0011464348594280858,3413.3663581277883,6833.143575301447,37.53615013768685,6832.732716255577,0.68885095,1.0,1.0066356938168894
NOMO2,2,2.272803220411224e-6,59.98174047306177,125.41688729619013,5.67760883076743,125.96348094612354,0.963163925,1.0,1.002807211890088
NOMO3,2,0.00027620084168384967,448.8009675227808,935.4470477640526,17.995430532408832,903.6019350455616,0.8957551,1.0,1.002519969835072
NONO,2,0.005273359365972069,9129.242382304546,18347.685064426652,11.036960209490413,18264.484764609093,0.37387865,1.0,1.0075806467933837
NOP10,2,0.02249565590101067,14075.376710421066,28156.559860928865,4.729156417730397,28156.75342084213,0.260985475,1.0,1.0019367416195508
NOP14-AS1,2,0.0001086001881029646,1077.527857956705,2158.475554622622,28.4425978523457,2161.05571591341,0.850271225,1.0,1.0029852667433645
NOP14,2,0.0016494288938205411,4929.782151091355,9864.974786469207,31.425240087445648,9865.56430218271,0.61413295,1.0,1.009504877011908
NOP16,2,0.0026331926677339653,6830.419038117454,13666.30902747279,21.941748701479234,13666.838076234908,0.534041,1.0,1.0029126190490818
NOP2,2,0.0004927338831618328,3240.4785922688607,6485.534610300692,37.44597090232692,6486.957184537721,0.726465425,1.0,1.0031222520686758
NOP56,2,0.007528803975401082,9197.519566050642,18400.308967971523,11.564394239404987,18401.039132101283,0.424331775,1.0,1.0065837213830047
NOP58,2,0.004489340652957826,7147.837772960049,14302.77853193939,18.79510464112072,14301.675545920098,0.47945845,1.0,1.002562769392356
NOP9,2,2.660143723744994e-5,767.8977547135181,1540.2989394898862,23.996279912428143,1541.7955094270362,0.8645748,1.0,1.003246102906494
NOS1AP,2,5.944375640747521e-5,785.3047352162042,1574.3039526356804,24.189632001563645,1576.6094704324084,0.871555775,1.0,1.0043532182854302
NOS1,2,1.2774854878741304e-6,46.71352648601497,95.71725466283955,4.952136571131889,99.42705297202994,0.9677295,1.0,1.0041463815679854
NOS3,2,0.0005481471240018095,3202.3437720803313,6410.072664305941,37.426061006172674,6410.687544160663,0.689178125,1.0,1.0023665869289404
NOSIP,2,0.006645837127904962,11250.807917071532,22506.973648681866,7.731830034718754,22507.615834143064,0.33807365,1.0,1.0057677367746258
NOSTRIN,2,5.030967406627965e-6,315.6451349539776,634.4971427371371,14.606504829692419,637.2902699079552,0.9188528,1.0,1.0027766759481331
NOTCH1,2,8.074302108907138e-5,963.0519136560683,1929.6046302024101,26.907455220266723,1932.1038273121367,0.857805525,1.0,1.004871699056612
NOTCH2NL,2,0.0007005373093155327,1875.4412502443663,3754.5190829986764,35.58987805462395,3756.8825004887326,0.7992422,1.0,1.0043946826768355
NOTCH2,2,0.0003682654679468595,1842.6682617905378,3688.7790869929245,35.54091207160501,3691.3365235810757,0.806715675,1.0,1.0044968773204421
NOTCH3,2,0.00011258124460963013,1301.9127678754937,2609.6051639321568,31.13774499802653,2609.8255357509875,0.8162937,1.0,1.007212419745318
NOTUM,3,0.0008804361517443812,1700.3476302816,3413.1540394367203,34.38942938979702,3406.6952605632,0.7742303,1.0,1.002072909078535
NOVA2,2,0.0004242818143738983,532.5739118335136,1068.5982310198738,19.83291876124226,1071.1478236670273,0.898638075,1.0,1.005610532241693
NOV,3,0.0001135546168790834,764.014281473191,1533.190061482223,23.728210001943605,1534.028562946382,0.862147175,1.0,1.0024376639856334
NOXO1,2,0.001543824081068032,3564.8887540001165,7134.82987200476,37.18144942605098,7135.777508000233,0.680587625,1.0,1.0037982754515085
NOXRED1,2,1.4191317923751092e-7,17.76839995171181,37.759002419768635,3.1287009568275685,41.53679990342362,0.976167475,1.0,1.0016481243901951
NPAS1,2,0.0002818494637392409,1725.1360451265218,3453.614212559765,34.791349691488705,3456.2720902530436,0.816047425,1.0,1.0030066425437918
NPAS2,2,8.568479954946552e-5,1083.1972113839374,2171.064902685159,28.556201123164932,2172.394422767875,0.835425575,1.0,1.0047876908720055
NPAT,2,0.00021060571475280728,1505.5944122637218,3014.0325817373086,33.05478996015393,3017.1888245274436,0.844074575,1.0,1.0020323666017306
NPB,3,4.726001974083343e-5,497.0914544875751,999.1334885555469,18.762406209136657,1000.1829089751502,0.89264555,1.0,1.0050287605580166
NPC1L1,2,6.959169891527996e-6,97.13606159571953,197.05443356560056,7.452961371327706,200.27212319143905,0.954873,1.0,1.004158345586903
NPC1,2,6.974231498151442e-5,1099.231184116103,2202.1424912008874,28.90959733184731,2204.462368232206,0.845326275,1.0,1.0035453023623557
NPEPL1,2,0.00021327389436498844,1216.3577490863806,2440.0548888161165,30.040821077549246,2438.7154981727613,0.8187471,1.0,1.0040566051770294
NPEPPS,3,0.0015402140488160042,4980.9743811641665,9971.104562363545,28.244592681263537,9967.948762328333,0.587465425,1.0,1.006222960541452
NPHP1,2,0.0006061675379788042,1885.8466843453784,3775.5571129811074,35.67767855583208,3777.693368690757,0.788881175,1.0,1.002969957489037
NPHP3,2,0.00030499209056353136,1502.028263603232,3007.668239390487,32.94890139985875,3010.056527206464,0.81432135,1.0,1.0051476999158153
NPHP4,2,3.200837617563073e-6,449.4471932163626,902.1903938789272,17.911505750587242,904.8943864327252,0.90059475,1.0,1.002177621755261
NPIPA1,2,0.0002224482451022232,411.424040767263,826.7552091094605,17.127068163620415,828.848081534526,0.905984625,1.0,1.003458729058298
NPIPB5,2,0.00044804362627763557,544.1909982187321,1091.8021654073455,20.07533309037904,1094.3819964374643,0.8989833,1.0,1.0009166860169085
NPIPB6,2,1.4204209258539438e-5,131.6322968286742,265.88358469438083,8.8719558451377,269.2645936573484,0.9504651,1.0,1.0033709272797224
NPIPB9,2,5.113090841036084e-6,85.1092912817892,176.9402070107424,6.911810534863711,176.2185825635784,0.95717985,1.0,1.0020384014376418
NPLOC4,3,0.000572141108113977,2944.098565204447,5899.658284356125,37.96562020616377,5894.197130408894,0.6864475,1.0,1.005155501074357
NPM1,2,0.01744192739853705,19233.999662924558,38475.58952570316,1.7298935999182417,38473.999325849116,0.19155191043872935,1.0,1.001524011482061
NPM2,2,0.0009618291977730551,2292.9828209413504,4592.539482314062,37.43584273137764,4591.965641882701,0.7627785,1.0,1.0047635287117356
NPM3,3,0.007884007056631195,12857.47703753018,25722.50021661962,5.547610156372672,25720.95407506036,0.328189625,1.0,1.0014839936369395
NPPA-AS1,2,7.20513022214059e-5,259.6723378896683,523.3749111669854,13.137582635258727,525.3446757793366,0.925521975,1.0,1.0020481365865834
NPR2,2,5.879566213935692e-6,355.97518775092175,803.4154424014208,15.640019104046335,717.9503755018435,0.9087071,1.0,1.0030976154793074
NPR3,2,6.957552255765139e-6,97.13605730089658,196.83184416879217,7.453355524963906,200.27211460179316,0.9553331,1.0,1.004547751344602
NPRL2,2,0.0016690814457328866,4166.676795728223,8337.6103638189,32.963713653019646,8339.353591456445,0.682241775,1.0,1.0083022180041978
NPRL3,2,0.00013552899597456895,2566.1010417599427,5137.125759025462,37.874743380515014,5138.2020835198855,0.7318074,1.0,1.0070513037275108
NPTXR,2,6.512361882318698e-5,764.6119606688827,1545.9321204462083,23.82453825065648,1535.2239213377654,0.859493575,1.0,1.0025895815311059
NQO2,2,0.0034216752953636865,6911.213243181011,13829.40158291243,18.10379838025279,13828.426486362023,0.53489555,1.0,1.0054861958566912
NR1D1,2,0.0008417755092186112,2839.206218460818,5682.60614892433,38.660781165072216,5684.412436921636,0.735922625,1.0,1.0050398045529303
NR1D2,2,0.0006623894363544195,1968.776921143021,3940.8669348407266,36.123603302353786,3943.553842286042,0.79473705,1.0,1.0039053189956437
NR1H2,2,0.0006552349332768669,3310.991700481983,6626.503038299154,37.45906819633648,6627.983400963966,0.717433625,1.0,1.0040592378988
NR1H3,2,0.0008548695809457245,2230.889526986533,4465.2058051898275,37.20326788870345,4467.779053973066,0.78835475,1.0,1.0107622326123096
NR1I3,2,1.176976294550087e-9,3.1248720620304813e-6,1.0398920600496813,8.090167070589817e-15,6.000006249744124,0.9827253,1.0,1.0026554553007585
NR2C1,2,0.0005072936829517563,1913.5171102853028,3833.5875326441765,35.99538863436967,3833.0342205706056,0.776593025,1.0,1.006319933324456
NR2C2AP,2,0.0009597954337294479,3361.1182211215237,6726.893407111936,37.65833545641617,6728.236442243047,0.703837975,1.0,1.0035883128528635
NR2C2,2,0.0006136946537924425,615.9816137502119,1235.3968893734377,21.515455559894832,1237.9632275004237,0.89283645,1.0,1.0021536377394396
NR2F1,2,0.006119629280664492,7979.811164537208,15964.593365652945,24.46416041231781,15965.622329074416,0.5052286,1.0,1.0017021984258951
NR2F2-AS1,2,0.0002734701368438916,1498.8691042805,3000.9290295564256,32.93938730904386,3003.738208561,0.8327205,1.0,1.0039522080817214
NR2F2,2,0.002682984608334455,5710.134231227002,11425.27142022882,31.942467107633313,11426.268462454003,0.56704945,1.0,1.002376974361912
NR2F6,2,0.004971404190852927,7428.529050067094,14861.871426262931,17.11674469823568,14863.058100134189,0.48088405,1.0,1.0019506409586172
NR3C1,2,0.0007493439264031666,1372.1304687103361,2749.277790800322,31.512167635584962,2750.2609374206722,0.81312125,1.0,1.0060077478317329
NR3C2,2,1.8796706488917662e-5,148.1582874995726,299.0211119728961,9.497762890255052,302.3165749991452,0.946369025,1.0,1.003988737070454
NR4A1,2,0.0037564290431415224,7498.125886855848,15001.175360504627,19.93534869302752,15002.251773711696,0.48973465,1.0,1.0028741321950005
NR4A2,2,0.005828513340178537,9319.334766788963,18644.32405260222,13.984538629819642,18644.669533577926,0.45314325,1.0,1.0001809026621857
NR5A2,2,2.4014324732450735e-5,164.30051538321482,331.3654809028762,10.081792256011227,334.60103076642963,0.9436757,1.0,1.0023126316057644
NR6A1,2,0.0002809133936337625,1394.0887421512903,2792.0394088481016,31.93183620994834,2794.1774843025805,0.8225082,1.0,1.00487689649314
NRARP,2,1.76730800687311e-5,672.5387439294703,1348.1338546685645,22.356060303461103,1351.0774878589407,0.882851025,1.0,1.002920507395444
NRAS,2,0.0003058903208269205,2762.386345438592,5530.579045878209,38.13470165317711,5530.772690877184,0.713560025,1.0,1.0039063613058046
NRBF2,2,0.0017190461774056161,5548.501814022563,11101.763382564788,24.460996856164574,11103.003628045126,0.638521425,1.0,1.0021542768453444
NRBP1,2,0.0007020351635465302,4695.105225054742,9394.900407510575,30.039129065205532,9396.210450109484,0.62945205,1.0,1.0018441709726396
NRDE2,2,0.00027496946332593005,2873.973139616968,5752.285141169674,38.03839136794356,5753.946279233936,0.75037015,1.0,1.0039473229116727
NREP,2,8.709013469753928e-5,915.0886101226264,1834.0785550683022,26.188494771193934,1836.1772202452528,0.85368215,1.0,1.0033578751592007
NRF1,2,0.0005319617853939218,582.345773952138,1167.9457498061797,20.852816883822246,1170.691547904276,0.9050377,1.0,1.0037690390318916
NRG1,2,0.00021539524118890956,437.260587774541,879.274153422211,17.174080458966042,880.521175549082,0.9019959,1.0,1.001794021289297
NRG2,2,2.332181158793192e-5,728.6954093786098,1460.4455663572196,23.448073844858378,1463.3908187572197,0.888297725,1.0,1.001739765171193
NRG4,2,0.00010765657484468478,306.35076581192885,615.96673348231,14.455343205378561,618.7015316238577,0.920679625,1.0,1.0027498506517816
NRIP1,2,0.0008213231528666638,1412.5649711470096,2829.5960917640386,31.912404060336332,2831.129942294019,0.818608,1.0,1.0014314155375812
NRIP2,2,1.2772765701645073e-6,46.713525931338445,95.7002583424347,4.953976752990052,99.42705186267689,0.967870575,1.0,1.003028561721395
NRL,2,3.5799409431514548e-6,416.20603728282725,835.4348075317417,17.13731217377977,838.4120745656545,0.906074375,1.0,1.003685951914093
NRN1,2,7.98788719929258e-6,103.03945511905023,208.6569343236804,7.70850452811848,212.07891023810046,0.95427745,1.0,1.0034168995779413
NRP1,2,1.0262049443863625e-5,114.65027794106751,232.39311378870454,8.194474997517073,235.30055588213503,0.951126275,1.0,1.0027176422680202
NRP2,2,4.110593611048691e-5,205.72715125115803,414.8521194702763,11.481270791428715,417.45430250231607,0.934379325,1.0,1.002091223716286
NRSN2,2,1.420554899062032e-5,131.63230038566286,266.29218260387535,8.871295155604255,269.2646007713257,0.947745175,1.0,1.0050000425054701
NRTN,2,3.560310000908807e-5,932.7216904148826,1868.935333608676,26.658945473366714,1871.4433808297651,0.860247025,1.0,1.0071003604118944
NRXN2,2,1.1503964813970824e-5,120.365556434721,243.38600447692218,8.426824576481847,246.731112869442,0.950727625,1.0,1.0024612460735571
NSA2,2,0.006012571818971955,10451.313645671265,21089.82436315124,9.048338869362372,20908.62729134253,0.3362888,1.0,1.0057603718162398
NSD1,2,0.0011754481225074802,4434.2577719960955,8873.113678235979,33.08494844654594,8874.515543992191,0.6434776,1.0,1.003248884919463
NSDHL,2,0.0004691753419264444,3181.2619825070774,6367.868477395891,37.61738417033286,6368.523965014155,0.6951931,1.0,1.004068827779957
NSFL1C,2,0.002115211958972535,5810.896067624536,11627.411394812822,21.60291883590017,11627.792135249072,0.5872762,1.0,1.0044259813510024
NSL1,2,0.0011721432832611034,4971.571971466147,9947.575862685664,29.001067601979358,9949.143942932295,0.608448825,1.0,1.0098222821825154
NSMAF,2,0.0005219898427154588,1519.05065308396,3045.771288349309,32.99380343796685,3044.10130616792,0.7911498,1.0,1.0025974458382534
NSMCE1,2,0.003191281756055698,7846.732223441645,15719.03151315482,13.731582153784139,15699.46444688329,0.451692675,1.0,1.0181035901866615
NSMCE2,3,0.0011969608050263893,4294.376016720859,8593.804703593127,34.53644905580532,8594.752033441719,0.617847225,1.0,1.0056298463121736
NSMCE4A,3,0.003195490480758055,5641.861884949377,11289.686953195105,28.245536873856867,11289.723769898754,0.5465419,1.0,1.0031892602091959
NSMF,2,0.0004785314970960001,2903.660478064652,5812.550838867157,37.958500238307124,5813.320956129304,0.72177515,1.0,1.0053052322310962
NSRP1,2,0.006406285932457284,7911.9168817453065,15828.854973394125,14.292271816028599,15829.833763490613,0.4783281,1.0,1.004150130263002
NSUN2,2,0.0003411411702430207,2611.897421381719,5229.338310364025,37.89446089708586,5229.794842763438,0.7272633,1.0,1.0031919955493214
NSUN3,2,0.00024650158395486964,1401.8013011538494,2807.0418791521074,32.03275591243777,2809.602602307699,0.835294575,1.0,1.0086322130680176
NSUN4,2,0.0009234415606757275,1938.6191244138154,3881.4761339869638,35.91902275749414,3883.2382488276307,0.787017775,1.0,1.0027179176605647
NSUN5,2,0.001599214452318169,4837.017497999545,9678.69951864687,29.512239404148037,9680.03499599909,0.613150375,1.0,1.0017978907400047
NSUN6,2,0.0005224888015764284,1776.7861293228832,3557.6133911874663,35.01501594053351,3559.5722586457664,0.78824035,1.0,1.0025142896613684
NT5C2,3,8.577373561086234e-5,2178.5206363227517,4364.699266815066,36.9723908563128,4363.041272645503,0.744121175,1.0,1.0040144458304145
NT5C3A,2,0.0010166974036922548,3660.6226757622658,7326.39763877928,36.00823219490762,7327.2453515245315,0.672872475,1.0,1.0056833694704415
NT5C3B,2,0.002571380983343795,9061.959347286847,18187.685756042978,11.194356239523524,18129.918694573695,0.382181525,1.0,1.0077615273115905
NT5C,3,0.005320998568151986,8829.82139248494,17671.062002174564,11.687489523823029,17665.64278496988,0.43227075,1.0,1.0073890184276102
NT5DC1,2,0.0026591775095355917,5634.387103181501,11275.477427930855,24.06501856684249,11274.774206363001,0.57149675,1.0,1.0056924423909417
NT5DC3,2,3.743782243176781e-5,832.5548031809536,1668.264472169172,25.026529287161342,1671.1096063619073,0.869107725,1.0,1.0031153727279214
NT5M,2,0.00013601954505372305,1189.8476241685833,2383.559591675008,29.81614528707845,2385.6952483371665,0.830910775,1.0,1.0044234034316184
NTF3,2,2.8749574647110074e-6,66.4211044127604,135.27613780902564,6.012722669429685,138.8422088255208,0.962422275,1.0,1.0032538677063185
NTF4,2,0.00011849168321916294,1154.7296287739766,2312.7583174910965,29.414572940685122,2315.4592575479533,0.849459725,1.0,1.0030920985603766
NTHL1,2,0.0024006822494114263,5597.2004495177225,11200.442043063415,24.882781282562625,11200.400899035445,0.585457775,1.0,1.0064555146975507
NTMT1,2,0.0037597665186896705,6741.313095998649,13487.753337199096,19.913701034089005,13488.626191997299,0.552369325,1.0,1.0054387127380386
NTN1,2,5.977385594059917e-5,240.41478131299678,484.0509663237896,12.564927581960838,486.82956262599356,0.929277175,1.0,1.0063632890200365
NTN4,2,3.2858038990112992e-6,441.2106378471047,885.9643062406275,17.721253071497433,888.4212756942094,0.901416775,1.0,1.0041552862472558
NTNG2,2,4.806146276401448e-5,697.7590470894564,1399.725051374273,22.699504091135644,1401.5180941789129,0.871363125,1.0,1.0028466137230136
NTPCR,2,0.0019650128307890018,5302.39820964282,10610.930258127555,27.077690230406077,10610.79641928564,0.579464225,1.0,1.0108463185955117
NTRK1,2,1.2818529313891305e-5,126.02525467848281,255.2251600521739,8.651639464898006,258.0505093569656,0.948674075,1.0,1.002716025811317
NTSR1,2,0.0005102967224660497,3442.358616441795,6888.663698113993,36.53524984140481,6890.71723288359,0.7102111,1.0,1.0070145566082838
NUAK1,2,0.00012632613787044557,1113.6399967384734,2231.014806501666,28.884582822848525,2233.279993476947,0.83884425,1.0,1.0014732729710163
NUAK2,2,3.422392581925064e-6,428.76473875469486,860.2598131033751,17.435301124810756,863.5294775093897,0.9196902,1.0,1.002713587194863
NUB1,2,0.000888950741855305,4966.601203351589,9941.793788225521,29.613478280847165,9939.202406703178,0.60179635,1.0,1.0151232974971656
NUBP1,2,0.0012065421261054756,4254.598655601205,8513.82523341357,33.55972425948142,8515.19731120241,0.635982125,1.0,1.0056592322267213
NUBP2,2,0.0036679317877070287,7060.3480606558205,14132.689830323672,16.8512145105951,14126.696121311641,0.510902575,1.0,1.0248298102337672
NUCB2,2,0.005868613132009518,6679.313350792236,13368.366547131485,20.37341413540398,13364.626701584471,0.510707275,1.0,1.003313941850513
NUCKS1,2,0.09870401466383352,13106.162928250593,26221.5046068053,6.422897693088244,26218.325856501186,0.3602914174833171,1.0,1.0022822623357546
NUDCD1,3,0.0005730017318789945,2982.747749325661,5971.315352082099,38.055351586545854,5971.495498651322,0.69634165,1.0,1.0076752767511072
NUDCD2,2,0.008161735299581772,8950.246518696616,17905.451682342475,12.235751441372905,17906.493037393233,0.4169828,1.0,1.004607895206748
NUDCD3,2,0.0012113873033635595,3591.4564746782216,7190.173468928688,36.85037803292699,7188.912949356443,0.669228725,1.0,1.0056327422341924
NUDC,2,0.0075007876829549566,10274.17032630716,20553.265678556265,9.319316784628278,20554.34065261432,0.362410675,1.0,1.010455717262679
NUDT12,2,0.00038125209004973725,1818.241392399165,3639.8045275487398,35.35517421556115,3642.48278479833,0.804974375,1.0,1.004039140926273
NUDT13,2,2.904730495590906e-6,473.8772411962089,950.667391495548,18.464987505317396,953.7544823924178,0.9028953,1.0,1.0032498998493498
NUDT14,2,0.001215102738625273,6029.9115239893035,12092.086156086261,22.896942235278203,12065.823047978607,0.5116208,1.0,1.0043325340796319
NUDT16L1,2,0.0024529184653824185,3983.729299134914,7987.8211606214445,34.739498718935394,7973.458598269828,0.614918675,1.0,1.0016749744437312
NUDT16,2,0.0009623308443117315,3420.6136772063655,6846.409825997879,37.191287086662456,6847.227354412731,0.67902015,1.0,1.0036543023385032
NUDT18,2,0.0004470761804373363,1875.3500035157097,3753.80110522368,35.77189280051518,3756.7000070314193,0.824894575,1.0,1.0067781543813554
NUDT19,2,0.00040225163453360866,1725.5839758015497,3454.219820368119,34.710898502591824,3457.1679516030995,0.81994235,1.0,1.0038714412089653
NUDT1,2,0.0019996693066588567,5438.4698444858295,11057.655385681506,31.912650542962442,10882.939688971659,0.562399475,1.0,1.008737798787296
NUDT21,2,0.0022692104466028803,6377.735783461773,12824.322292203462,20.829217606822084,12761.471566923547,0.4913794,1.0,1.0052711122466338
NUDT22,2,0.0037197885302936665,6816.561966499898,13638.884730882573,18.12391163800094,13639.123932999795,0.550296125,1.0,1.0118837744602882
NUDT2,2,0.0031368567392549345,8153.261387434315,16311.653974266772,13.206494515131133,16312.52277486863,0.43450455,1.0,1.0053801507636446
NUDT3,2,0.00327938495186603,6934.510778738647,13873.84027926269,16.951266011510505,13875.021557477294,0.52732615,1.0,1.0131118613261958
NUDT4,2,0.0011203936182653783,3385.6361025229535,6775.55430092584,37.37291443499065,6777.272205045907,0.7031585,1.0,1.004972700268933
NUDT5,2,0.0046678262741586245,8260.379347812863,16533.965850918154,13.259370013835982,16526.758695625726,0.4232347,1.0,1.002970879329667
NUDT6,2,0.00096616859020873,1945.0864266616568,3894.50444627711,35.944161294188206,3896.1728533233136,0.7881107,1.0,1.0032957108137661
NUDT7,2,0.0009171520052823913,3185.7432582912597,6377.8161682034015,37.63603089153334,6377.4865165825195,0.696069375,1.0,1.00413335998773
NUDT8,2,0.003188856651586517,4909.698635216677,9832.730033815338,31.741390164171843,9825.397270433354,0.5778775,1.0,1.004557274862461
NUDT9,2,0.0005520762247291467,3454.102364747702,6911.8287855792805,36.44586209949044,6914.204729495404,0.711539825,1.0,1.007676556743199
NUF2,2,0.0055242261769468705,3407.9292427792366,7020.107161565657,41.87223056811757,6821.858485558473,0.70818665,1.0,1.0100472881621811
NUFIP1,2,0.0010544991017267685,2991.077692427471,5986.3933484378185,38.418249283545094,5988.155384854942,0.7133763,1.0,1.0068528146361755
NUFIP2,2,0.002298162731587841,3763.40158216029,7532.037148030144,37.28207848733834,7532.80316432058,0.696642,1.0,1.0044313465206116
NUMA1,2,0.0005854202369384079,3215.110820296867,6435.877625162604,37.57931545172115,6436.221640593734,0.695556675,1.0,1.002888107954516
NUMBL,2,0.0001319535141369595,1365.9094292881393,2735.032149318556,31.87805648700156,2737.8188585762787,0.845706725,1.0,1.0027299355708696
NUMB,2,0.000422508040672999,2749.65489825506,5505.178259293949,38.061256362501666,5505.30979651012,0.718914675,1.0,1.0074320690394047
NUP107,2,0.0010949246320676054,3124.728293570718,6258.3580435221465,38.26961700552802,6255.456587141436,0.677831975,1.0,1.0050178638363678
NUP133,2,0.00027968295224751214,1690.502949217925,3385.736396149846,34.60476750901184,3387.00589843585,0.802656075,1.0,1.003301059614041
NUP153,2,0.00020109892825380697,1474.1387004194767,2951.368881768453,32.907928991807715,2954.2774008389533,0.84695895,1.0,1.0051820298305378
NUP155,2,0.0002328092966950717,1350.4990345144054,2704.798181066142,31.519189213194167,2706.9980690288107,0.8221575,1.0,1.0037902146156532
NUP160,2,0.00042440427257028955,2702.7860230628653,5410.380401076456,38.107193116235976,5411.572046125731,0.7197158,1.0,1.0031732291621362
NUP188,2,0.000490246422986176,1673.819353738664,3382.8275652029806,34.2691921418184,3353.638707477328,0.771375425,1.0,1.0035675719915205
NUP205,2,0.00028289330772418017,1557.6465626211634,3121.462493384903,33.45573592882649,3121.293125242327,0.794880325,1.0,1.003583146832369
NUP210L,2,1.277569640331751e-6,46.71352670943974,95.91636121795626,4.951961284235588,99.42705341887948,0.9671164,1.0,1.0043433807883535
NUP214,2,0.00036292622606991633,1732.1264107559878,3467.4006479152636,34.78122454827534,3470.2528215119755,0.813059175,1.0,1.0017173660171828
NUP35,2,0.0013028820242419416,2666.1948356818875,5337.107372293552,38.61613972713556,5338.389671363775,0.720266475,1.0,1.0056248014820182
NUP37,2,0.003572213412604884,5078.079835516844,10161.172457791135,30.05724284364924,10162.159671033687,0.57926545,1.0,1.0028717744023825
NUP43,2,0.00033451060224750886,1429.244388621828,2862.816351534502,32.246658765234955,2864.488777243656,0.811319875,1.0,1.0029581972643937
NUP50,2,0.0005431073767160643,2976.9869334273817,5958.381860730677,37.91567711348736,5959.973866854763,0.719211375,1.0,1.0055103433920538
NUP54,2,0.0012491722461324085,3342.127665762005,6688.751984698525,37.63844516362168,6690.25533152401,0.684739225,1.0,1.0049560277300207
NUP62,2,0.002615851385335068,3533.6739640606606,7071.633432895353,37.46899812930856,7073.347928121321,0.6817868,1.0,1.005927753506474
NUP85,3,0.0008804662459661625,3129.439098094681,6266.4921924218415,38.187957331983384,6264.878196189362,0.684069525,1.0,1.0068255793343404
NUP88,2,0.0008484240394183424,3493.043728708307,6991.268864241881,36.550983349605815,6992.087457416614,0.6897963,1.0,1.0021546658358678
NUP93,2,0.0004347821974101392,2813.988289836862,5634.299993200539,38.33960489005406,5633.976579673724,0.703823825,1.0,1.0061210223993875
NUP98,2,0.000774277959835984,2196.5631036036957,4396.55772091873,37.122786526660484,4399.126207207391,0.7914095,1.0,1.0059309468136621
NUPL1,2,0.0008252870419919644,2757.246888541486,5519.290144287271,38.342546665971966,5520.493777082972,0.709919,1.0,1.0025363654176305
NUPL2,2,0.0010374179484546268,3629.138985577028,7263.15538998736,36.35936341565815,7264.277971154056,0.693912375,1.0,1.0029067876729776
NUS1,2,0.0007553890100486696,3431.426209705844,6866.855482807697,36.43026700211807,6868.852419411688,0.715507925,1.0,1.013443015802338
NUSAP1,2,0.016705471918180028,6116.201426376149,12276.428397365466,44.09553175611273,12238.402852752299,0.694800025,1.0,1.0462342244466605
NUTM2A-AS1,2,0.0010708535332954203,3211.453369847915,6427.520643493244,37.79481542939348,6428.90673969583,0.691233725,1.0,1.0044048090144002
NVL,2,0.00055086552245314,1734.626891077978,3473.048560990168,34.71140666780389,3475.253782155956,0.806181625,1.0,1.0025780287400132
NWD1,2,9.091836216325056e-6,108.8731208257836,220.37590246733365,7.955410225212684,223.7462416515672,0.95283155,1.0,1.0014341106444657
NXF1,2,0.0007535636462015387,2271.5440600197276,4547.740899486747,37.30762780186946,4549.088120039455,0.760326275,1.0,1.0032965226650414
NXF3,2,1.1470926019751708e-8,3.0455308582440785e-5,2.048498516663397,8.090167085658927e-15,6.000060910617165,0.9818754,1.0,1.002465958290567
NXNL2,2,8.541699761440345e-5,278.5908146085468,560.1893110057524,13.683767516542586,563.1816292170936,0.9277223,1.0,1.0029508308048258
NXN,2,0.0013751247248585652,3699.713895363694,7405.455652859175,36.443826348033085,7405.427790727388,0.665965375,1.0,1.0055680740709625
NXPE3,2,5.6208117174614115e-5,1084.4191361689882,2172.4339616624834,28.713416960494772,2174.8382723379764,0.8482465,1.0,1.0020255396677005
NXPH1,2,6.746483827423463e-9,1.7911914561809292e-5,1.5782367165318572,1.1441223993092332e-14,6.000035823829124,0.98214175,1.0,1.0025709758950219
NXPH3,3,7.2635171342929615e-9,1.9284637991547813e-5,1.6402389462052012,8.090167070589817e-15,6.000038569275983,0.982097575,1.0,1.0025282014624175
NXT1,2,0.0034442834380062305,5424.3248420176915,10854.608211183917,29.78497554387863,10854.649684035383,0.56775725,1.0,1.0034205274369432
NXT2,2,0.00031987740673044884,1747.5862968468882,3501.6964107400727,34.91630199852536,3501.1725936937764,0.78484435,1.0,1.002724417799411
NYAP1,2,1.1840968472092085e-5,490.1276827810382,983.4080186809932,18.74441914111666,986.2553655620763,0.899376275,1.0,1.0033484605035434
NYAP2,2,1.2818671666077269e-5,126.02525505642787,254.63022886020065,8.65276621107217,258.0505101128557,0.952253275,1.0,1.0032300088886574
NYNRIN,2,4.009350189204389e-9,1.0644824752337655e-5,1.3925571770884073,1.401258040798223e-14,6.000021289649505,0.982246475,1.0,1.0011930144245247
OAF,2,0.0013430896104560852,3620.700962942257,7338.8523662185835,36.31629966408415,7247.401925884514,0.628988525,1.0,1.0029567346039236
OARD1,2,0.0025285661382324263,5215.521793189058,10438.194739996035,28.514388532687672,10437.043586378117,0.56836345,1.0,1.0021363829872114
OAS1,2,3.902182800826934e-5,349.6534369685413,704.7791751673722,15.353356588989788,705.3068739370826,0.911978275,1.0,1.0021461589187837
OAS2,2,9.023347422958776e-9,2.395698740795555e-5,1.6584110530106113,1.14412239957562e-14,6.000047913974816,0.98239375,1.0,1.0017306214418267
OASL,2,4.747194652159369e-5,704.8008828782782,1413.3291095326108,22.831033715212246,1415.6017657565565,0.8752183,1.0,1.0042156230403072
OAZ2,2,0.0050470497573362316,8215.436420305456,16464.45129215081,12.822019290664434,16436.87284061091,0.4253934,1.0,1.009842267093347
OAZ3,2,0.0002224491571213483,411.42404318867375,826.2742755500706,17.127647347503018,828.8480863773475,0.9087977,1.0,1.003316278224198
OBFC1,3,0.0016532099699493959,5803.917223315202,11613.250540075212,26.509025431446183,11613.834446630404,0.5506505,1.0,1.005270762224886
OBSCN,2,8.924786196058079e-5,649.6918044540276,1303.1156470904382,22.07775556066898,1305.3836089080553,0.882526875,1.0,1.0019063101822756
OBSL1,2,0.0031879175833108776,6198.177985634158,12401.500211839551,24.211410266844396,12402.355971268316,0.534101825,1.0,1.0083466998197737
OCEL1,2,0.0005292231002706115,4446.7851656947505,8897.956011031836,32.17086165836824,8899.570331389501,0.6468001,1.0,1.0058966218141892
OCIAD1,2,0.002430406521773503,8766.093975340125,17686.21250980999,11.609875118219973,17538.18795068025,0.371600625,1.0,1.0127166733178699
OCLN,2,0.0005051988891681346,1857.1369461549123,3717.3514377566903,35.53929727047052,3720.2738923098245,0.8095714,1.0,1.0030770251906984
OCRL,2,7.65317309708329e-5,664.7877230219146,1339.861689610474,22.03454910337348,1335.5754460438293,0.8713702,1.0,1.0024174173619602
ODC1,2,0.004046581295987848,9579.82850372153,19233.893532075635,10.593318061438204,19165.65700744306,0.388693825,1.0,1.0065612657338256
ODF2L,2,0.0014839197741429548,5895.496214529118,11796.044964865725,23.584560632443974,11796.992429058237,0.539543575,1.0,1.001219883127742
ODF2,2,0.00027426877412704213,2164.2793069320755,4364.119480724142,36.99812166346548,4334.558613864151,0.738243575,1.0,1.0014280114328615
ODF3B,2,0.0008973939350831716,2411.2181865181356,4827.989762357846,37.70063863119688,4828.436373036271,0.74136995,1.0,1.0069364762275244
ODF3L2,2,6.957577742617342e-6,97.13605736856417,196.8379622414423,7.453562097502541,200.27211473712833,0.9555058,1.0,1.00193885451265
OFD1,2,0.0011794913080927373,3860.691641364563,7725.111557982008,34.73901810087855,7727.383282729126,0.706743225,1.0,1.0027350025716948
OGDH,2,0.0004114293894217258,1581.8417825622962,3169.1444225402784,33.582225120783015,3169.6835651245924,0.792094875,1.0,1.0028153524814833
OGFOD1,2,0.0004341050404427076,2831.6182963280207,5667.7585025293565,38.09009783622387,5669.2365926560415,0.723815475,1.0,1.002449688450946
OGFOD2,2,0.0009179466620516455,2671.159027074429,5347.148145339115,37.91856272751739,5348.318054148858,0.729618825,1.0,1.0083002830656598
OGFOD3,3,0.0007827106046477947,4514.783887031669,9044.636824780731,32.45943147341101,9035.567774063338,0.59294365,1.0,1.006212744039565
OGFR-AS1,2,5.67599871965441e-7,32.76421102034169,67.72484862887917,4.113789777536712,71.52842204068338,0.971640225,1.0,1.0058567180037534
OGFRL1,2,0.0003575312988316155,2114.2900015559644,4234.313436616452,36.75854720259839,4234.580003111929,0.754275025,1.0,1.0019678122401463
OGFR,2,0.002838720222616623,5785.705123924407,11576.804179436065,23.22523001324304,11577.410247848815,0.616260275,1.0,1.0042532584442316
OGG1,2,0.0009537091534156985,2004.5183332676797,4013.0360307567503,36.246316170831754,4015.0366665353595,0.785526575,1.0,1.0048109937728138
OIP5,2,0.002531720325629285,2566.9867830259145,5148.501982970685,38.88110773594563,5139.973566051829,0.7356157,1.0,1.0042213177137747
OLA1,2,0.008521451120785041,11232.506894859678,22475.62643028898,7.835593572754301,22471.013789719356,0.3281888,1.0,1.0075776355266342
OLFM1,2,0.00023388373144131837,419.81473390185187,843.780266528253,17.32619179789417,845.6294678037037,0.9039756,1.0,1.0021527332326214
OLFM2,2,0.0012906053474654995,3444.5805207650874,6899.3156119157165,37.752360346377415,6895.161041530175,0.6625717,1.0,1.008006174330048
OLFML2A,2,3.6438543195201222e-6,411.994024650597,827.0039520101308,17.036830155416986,829.988049301194,0.906900425,1.0,1.0026849316328725
OLFML2B,2,7.860669881576616e-5,269.16952690789304,542.6371289619353,13.413232691212585,544.3390538157861,0.92368245,1.0,1.0021868895782562
OLFML3,2,3.5492214706083196e-6,72.74762128301192,147.97492874024113,6.326612049937513,151.49524256602385,0.96086125,1.0,1.0015891269920993
OMA1,2,0.00011348751107757469,2359.153644046075,4724.3714699628,37.541172759609616,4724.30728809215,0.73281055,1.0,1.0031202205556173
ONECUT1,2,2.9881416080766508e-5,180.09148763785052,363.03911353837765,10.630714924845377,366.18297527570104,0.940214225,1.0,1.003904620536809
ONECUT2,2,0.00021807434476646468,1080.8374863440038,2166.010428582558,28.356632099939446,2167.6749726880075,0.843069025,1.0,1.0053079243188543
ONECUT3,2,8.188024660687927e-5,2241.1721387807515,4486.5049166875015,37.19237441169719,4488.344277561503,0.774591525,1.0,1.0079513694832323
OPA1,2,0.00019612239278326437,2801.0546686303833,5607.136872454084,37.892828696580764,5608.109337260767,0.72404735,1.0,1.0055129417674098
OPA3,2,0.0006880933325070881,2076.6968156447765,4156.376466568986,36.64158667478517,4159.393631289553,0.80665285,1.0,1.0062430157262043
OPHN1,2,0.00019322021467340435,857.1545754715844,1717.7990131317788,25.609113984017863,1720.3091509431688,0.870983,1.0,1.0020531505983796
OPN3,2,0.00028997708361913377,1739.3258511210443,3482.0451727572417,34.90055963998823,3484.6517022420885,0.814794475,1.0,1.0085092837391885
OPRL1,2,4.24716514039058e-6,364.751837764992,732.6220466863954,15.87969140456034,735.503675529984,0.911909075,1.0,1.002338356785789
OPTN,2,0.0004478414802660289,4282.812143404048,8630.828166828056,33.95383011288542,8571.624286808095,0.595789225,1.0,1.0025396287603603
OR51B2,2,4.123330440776672e-6,373.47111476126935,749.877058449145,16.099433314728714,752.9422295225387,0.913121,1.0,1.0025650431834605
OR51B4,2,0.0007483392418248507,2158.3344779612157,4319.750263686212,36.96484027701652,4322.668955922431,0.805662675,1.0,1.0064719619297036
OR51B6,2,3.549641959924418e-6,72.74762239941106,147.88814429255447,6.32734883520595,151.4952447988221,0.9620009,1.0,1.002376412306638
OR51I1,2,3.079515170068226e-5,694.2205983078968,1391.9397036656515,22.692792349477173,1394.4411966157936,0.8756013,1.0,1.003502503258808
OR52D1,2,3.192778755135695e-7,25.436204542194503,53.06385608348668,3.6496351611461484,56.872409084389005,0.973903,1.0,1.0058580145804228
OR7D2,2,8.870920279286523e-7,39.83954645015847,81.95029678625937,4.550420773980556,85.67909290031695,0.969339425,1.0,1.0030486604453563
ORAI1,2,0.0008093703683287772,3241.7904639002268,6488.0177545105535,37.89072376647337,6489.5809278004535,0.716012575,1.0,1.0093041255341244
ORAI2,2,0.0007175910677430613,1742.953636188773,3491.0707271969095,34.7305709507458,3491.907272377546,0.784405,1.0,1.0060509701785827
ORAI3,2,0.0010524049860733031,3157.005580881343,6318.6441714861985,37.719536934049025,6320.011161762686,0.696305375,1.0,1.001294240582437
ORAOV1,2,0.0004380123573387784,1594.644812013889,3193.122417029642,33.68257848281739,3195.289624027778,0.8117784,1.0,1.0027802391096112
ORC1,2,0.00028060173002552647,886.7902006426478,1778.5381642655575,25.524546120841197,1779.5804012852957,0.851080575,1.0,1.0035711914663497
ORC2,2,0.0001889194528714612,2454.5413300523587,4913.486108231243,37.82109665761006,4915.082660104717,0.74597465,1.0,1.0040182623422502
ORC3,2,0.0018578453777432266,3413.25673765271,6832.012233106371,37.43738741659662,6832.51347530542,0.667953925,1.0,1.0035194812068469
ORC4,2,0.0012581592745967826,3858.4364139941176,7720.84626167564,34.807596052014844,7722.872827988235,0.706542725,1.0,1.0033214022182995
ORC5,2,0.000510945624825443,1734.284162992033,3472.0530929048523,34.729122945045184,3474.568325984066,0.8093469,1.0,1.0087629965104399
ORC6,2,0.0037985333022171313,3171.040330791263,6350.076563189261,40.76645676814077,6348.080661582526,0.706069725,1.0,1.002041030219166
ORMDL1,2,0.0027672333980400805,5883.5246484396675,11775.570783008143,22.325250607453064,11773.049296879335,0.57587265,1.0,1.007955833055875
ORMDL2,2,0.002644648049797654,5494.543993321036,10994.41298221834,25.49306558004802,10995.087986642073,0.589966225,1.0,1.0069843131903007
OSBP2,2,3.6218719395259534e-5,609.9219108171999,1224.275015909832,21.095206562023833,1225.8438216343998,0.8798913,1.0,1.0016183106042427
OSBPL10,2,0.0011235342881338634,1990.9677715749106,3986.7787408596846,36.17359342892109,3987.935543149821,0.77554985,1.0,1.0023822749437452
OSBPL11,2,6.871410229043408e-5,1193.977442340009,2390.9915750766186,29.98329784687121,2393.954884680018,0.84931475,1.0,1.0024283418545235
OSBPL1A,2,0.0024923409750078097,3819.462131760758,7652.660733408909,35.98789876334897,7644.924263521516,0.6307716,1.0,1.005124652040623
OSBPL2,2,0.00027727371272616273,2325.024382827081,4653.650150838894,37.4147648363914,4656.048765654162,0.7688495,1.0,1.0106420224499362
OSBPL3,2,0.00023684521534323252,1128.8676242149793,2262.8584300839484,28.9561280363566,2263.7352484299586,0.829642175,1.0,1.003465067503768
OSBPL5,2,0.0003748588389594711,1711.0496424158036,3425.4146962769746,34.62148631622108,3428.0992848316073,0.806270675,1.0,1.0055820662238013
OSBPL6,2,3.597216167336386e-5,613.698615821922,1231.1752047014725,21.170847537025814,1233.397231643844,0.882314075,1.0,1.0021333367470326
OSBPL7,3,9.124622086138955e-5,908.6616977864061,1821.45142225237,26.086795103649326,1823.3233955728122,0.851876975,1.0,1.0015179171789836
OSBPL8,2,0.005094005105214768,7446.903113805372,14898.861546262482,16.84773079914302,14899.806227610745,0.47687065,1.0,1.0039930842474585
OSBPL9,2,0.001043790788924629,4489.723545414387,8984.60107806722,31.613683551334496,8985.447090828775,0.6228116,1.0,1.0037259943824601
OSBP,2,0.00015815226366292922,2834.077548347428,5671.28076606668,37.81909704367579,5674.155096694856,0.760957875,1.0,1.0033995075678979
OSCAR,2,1.2834722776071337e-6,46.71354238094171,97.13235467579257,4.949205740108066,99.42708476188342,0.967035225,1.0,1.0013511673082771
OSCP1,2,0.00010288894026480755,1237.6452617944956,2478.4424044027487,30.432363888836516,2481.290523588991,0.841502575,1.0,1.0026598154482569
OSER1-AS1,2,0.000208581639005325,1333.8586008523064,2671.486850597149,31.36440240698451,2673.7172017046128,0.824815825,1.0,1.0027244887761
OSER1,2,0.0008085987380712376,5055.265677285169,10115.316391101196,27.99107809563344,10116.531354570337,0.660008825,1.0,1.007291537559657
OSGEPL1-AS1,2,2.2029238893752713e-5,572.2637206371708,1147.9508694440726,20.407849059468244,1150.5274412743415,0.8889017,1.0,1.0052182783561632
OSGEPL1,2,0.0003225244350226048,1372.9292847700253,2750.0846208368307,31.688831870492074,2751.8585695400507,0.820189075,1.0,1.0027847223394915
OSGEP,2,0.0008606502311290069,2783.1920609046474,5572.361558207723,37.99154116418433,5572.384121809295,0.715786525,1.0,1.0064811624930725
OSGIN1,2,0.0003839217375414442,2133.9450874701065,4272.26958344571,36.87624264350499,4273.890174940213,0.76844535,1.0,1.0049649850023163
OSGIN2,3,0.0009763838316113196,2943.616207783911,5891.782989714596,37.96537343267441,5893.232415567822,0.718539825,1.0,1.002871376452782
OSMR,2,0.0005605933471838744,1518.9425546505752,3042.97418863308,32.98747068088061,3043.8851093011504,0.80007275,1.0,1.0017792958881175
OSR1,2,0.0001239169849626281,324.4887715853168,652.0276832731679,14.943879864917688,654.9775431706336,0.9272555,1.0,1.0031691280147872
OSR2,3,0.0008008324309456329,2921.501434606672,5847.120860473134,38.424343758073576,5849.002869213344,0.72329665,1.0,1.0111801560365046
OSTF1,2,0.0003245962533345218,4436.933464270549,8879.171402907537,31.325185545007706,8879.866928541098,0.633899,1.0,1.0046845976730587
OSTM1,2,0.00020886270924405434,1285.4926155581147,2575.1158624005575,31.111006618848133,2576.9852311162294,0.835238,1.0,1.0012231738196493
OTC,2,2.8743739965541426e-6,66.42110286365245,135.23756135672872,6.0121942931179175,138.8422057273049,0.962706825,1.0,1.0031231618644068
OTP,2,3.1939147865675834e-7,25.43620484381085,53.08151774568488,3.6385711052246337,56.8724096876217,0.9738515,1.0,1.0031945428055347
OTUB1,2,0.002883335668861187,7162.574355657862,14337.571683938364,15.319647527518606,14331.148711315724,0.490535075,1.0,1.007557857357688
OTUB2,2,3.738519976826606e-5,1045.4733169745095,2093.9435902215314,28.180228089667718,2096.946633949019,0.86625145,1.0,1.0028989356341744
OTUD1,2,0.00014953971182575315,991.5042619816344,1987.076807987191,27.21038091938481,1989.0085239632688,0.8587619,1.0,1.002369530481572
OTUD3,2,0.00022561252938149926,1374.7461924234008,2753.3703238920875,31.77809885488245,2755.4923848468015,0.818013325,1.0,1.00210957369062
OTUD4,2,0.00012939384920150203,2390.5115164633053,4784.751061839823,37.55872738831962,4787.0230329266105,0.768454775,1.0,1.0019353682369005
OTUD5,2,0.001162439517300106,3171.9412073219346,6348.6514190298485,37.44297866877615,6349.882414643869,0.701626975,1.0,1.0055029226084968
OTUD6B,3,0.0010051828008918534,2708.9735290857857,5424.330416912397,38.18579229016955,5423.947058171571,0.70563605,1.0,1.0019495210290041
OTUD7A,2,3.5492635032263013e-6,72.74762139460853,147.90448642692493,6.326805357386601,151.49524278921706,0.961139125,1.0,1.0030663888213922
OTUD7B,2,0.0002148721775522448,1571.25851373844,3145.4041842338816,33.62723446496557,3148.51702747688,0.837794025,1.0,1.004051367717989
OTX1,2,1.7958054208152564e-5,665.3079490709746,1333.5933148439065,22.221768458771965,1336.6158981419492,0.890888725,1.0,1.0084138021416993
OVGP1,2,2.220149534237926e-5,158.96178340308066,321.1740961973981,9.890339646729242,323.9235668061613,0.942401725,1.0,1.004036459456171
OVOL1-AS1,2,3.5488669248414018e-6,72.74762034169292,147.89768356317597,6.327356003184798,151.49524068338584,0.961809925,1.0,1.0026720746273763
OVOL1,2,0.0004675924879213774,1130.140986428146,2264.611777988485,28.827097325630326,2266.281972856292,0.83871885,1.0,1.003812111643717
OVOL2,2,6.366682003193994e-6,540.9999188241745,1085.0045270989735,19.916448899998205,1087.999837648349,0.901747025,1.0,1.0052618675566247
OXA1L,2,0.0034290041920051846,8447.635381264008,16908.016707947867,12.306319534384443,16901.270762528016,0.4109804,1.0,1.003228778726646
OXCT2,2,2.220125107477847e-5,158.9617827545502,320.6810088669521,9.891025748736677,323.9235655091004,0.94367375,1.0,1.002765807797816
OXLD1,3,0.005201572578238598,7666.524819487916,15337.966329042916,15.499546264903927,15339.049638975832,0.476966325,1.0,1.0058631970161407
OXNAD1,2,0.00010584848596711077,1358.468346274921,2720.077426597981,31.761627421192085,2722.936692549842,0.840703025,1.0,1.0047815610212865
OXR1,3,0.000714441958786657,3404.103556985295,6813.3201251151195,37.06226396065134,6814.20711397059,0.6845793,1.0,1.0064339502685473
OXSM,2,0.00014163055685709254,2779.8187249359457,5562.497693067625,37.83102744064828,5565.6374498718915,0.78722765,1.0,1.0023596448174956
OXSR1,2,0.00018706897556829057,2534.248769350466,5073.1439893143215,37.97141846556983,5074.497538700932,0.74320495,1.0,1.001957714441951
OXTR,2,3.416261488748041e-5,190.43831990895535,384.03363593301447,10.979627508476169,386.8766398179107,0.937423925,1.0,1.0024584208087226
P2RX4,2,0.0007600644141869152,2052.284290389587,4108.418477948553,36.51473117205388,4110.568580779174,0.775625125,1.0,1.0042478364848433
P2RX5-TAX1BP3,2,4.108634823076765e-5,205.7335440055864,415.0169402691774,11.481139789801045,417.4670880111728,0.934069625,1.0,1.002924016522762
P2RX6,2,3.816233849584371e-8,9.577354267374828,21.16157346597019,2.5905786533617405,25.154708534749656,0.978898575,1.0,1.0037136758253762
P2RX7,2,2.2213457981140522e-5,158.95708439574858,321.78827746518226,9.890249421036113,323.91416879149716,0.942151375,1.0,1.001638228520412
P2RY11,2,2.0462962745211177e-5,871.653423965002,1746.299956797324,25.71455085612021,1749.306847930004,0.87380215,1.0,1.0071187062882496
P2RY1,2,2.4014246800760066e-5,164.30051517630616,331.37931560902035,10.08157593805014,334.6010303526123,0.9430247,1.0,1.0022759028340802
P2RY2,2,9.600008688536111e-6,572.2230554097039,1147.4241477444143,20.476664772427274,1150.4461108194077,0.892179525,1.0,1.0033820250624903
P2RY6,2,1.0260692121617309e-5,114.65027433737694,231.9274017547903,8.194783079528555,235.30054867475388,0.95193975,1.0,1.0041078062972089
P4HA1,2,0.001869810097838665,3679.70015867805,7366.246642150694,37.1518906946824,7365.4003173561,0.6691317,1.0,1.0076114901569757
P4HA2,2,0.0005623666980817374,1835.0175818570567,3674.2392107487603,35.37843032931831,3676.0351637141134,0.78775905,1.0,1.0044811520741963
P4HA3,2,2.2201067721034475e-5,158.961782267746,320.7773308981976,9.890691077505656,323.923564535492,0.943199575,1.0,1.00163027946521
P4HTM,2,0.0021044314336852482,5625.472121232971,11257.013999397075,23.682851488289202,11256.944242465943,0.573243825,1.0,1.0034376554636641
PA2G4,2,0.011354270410719689,11876.020327215632,23772.977645614683,7.150645075364367,23758.040654431265,0.3322608,1.0,1.0081798221218154
PAAF1,2,0.000567464535466258,1932.234542277896,3867.8647866616525,35.95809162151683,3870.469084555792,0.793712,1.0,1.0086037654881792
PABPN1,2,0.002260716762011608,6481.310084555302,12973.502429819402,21.05752780324864,12968.620169110603,0.53398345,1.0,1.005288153992211
PACRGL,2,0.0005277474374373436,1997.1852852554596,3998.061036601474,36.32929409807014,4000.370570510919,0.79390835,1.0,1.0019759063144111
PACRG,2,4.1086787239346566e-5,205.73354517115416,414.35780465874853,11.481859680441362,417.4670903423083,0.935988975,1.0,1.0026115194388772
PACS1,2,0.0005920539126468727,2063.901522772792,4139.657560344958,36.64473774722264,4133.803045545584,0.757687675,1.0,1.0034357872335287
PACS2,2,0.0001875615522680412,1406.0412088560201,2817.648846450922,32.12880393090872,2818.0824177120403,0.808247625,1.0,1.0035324420723177
PACSIN1,2,1.785408372965558e-5,350.8954550455117,706.913084724579,15.455906005027755,707.7909100910234,0.9116029,1.0,1.0014278956424634
PACSIN2,2,0.0003225985393175005,2370.581412955178,4745.590348467003,37.51794234738639,4747.162825910356,0.750780925,1.0,1.0059663571955497
PACSIN3,2,0.0014768263600693971,3720.2078780992506,7448.064242782432,36.44381085026089,7446.415756198501,0.66315065,1.0,1.007386954532906
PADI2,2,0.00015513351781904871,355.5876965395946,715.1705695702875,15.751687541505959,717.1753930791892,0.9119577,1.0,1.0022872109091165
PADI3,2,5.195060395340647e-6,306.48955383583416,616.8229012360694,14.3593013562815,618.9791076716683,0.918632875,1.0,1.0022072799446402
PAF1,2,0.0013782742175240548,3692.9593893295855,7390.842055482356,36.20032655271735,7391.918778659171,0.672554075,1.0,1.0062765981347863
PAFAH1B1,2,0.0015647716861010427,5316.265020185166,10638.424318395108,26.10871184960311,10638.530040370331,0.6260484,1.0,1.0081594840545853
PAFAH1B2,2,0.0014667738706004333,4969.164520875445,9942.727416235433,29.386090539209068,9944.32904175089,0.6225093,1.0,1.0031381204876066
PAFAH1B3,2,0.005929959409716249,10730.105561090246,21480.59062615511,8.54576589499134,21466.21112218049,0.336863975,1.0,1.0026596001977395
PAFAH2,2,0.0003518290225726759,1295.9482053448055,2596.326827754889,30.857468844464446,2597.896410689611,0.826770125,1.0,1.0018141259350501
PAG1,3,4.6068341629454184e-5,215.7778151552985,434.408385256079,11.802948832086933,437.555630310597,0.9349905,1.0,1.002614126631773
PAGE2B,2,3.192558829939451e-7,25.436204483804364,53.04920902895546,3.6471165208769274,56.87240896760873,0.973899225,1.0,1.0027445510217552
PAGR1,2,7.98736992190413e-6,103.03945374567877,208.7142868237676,7.70859648967334,212.07890749135754,0.95390175,1.0,1.0020219337745406
PAICS,2,0.005727451329142439,8879.323577242258,17768.2665535798,11.040998663116142,17764.647154484515,0.468895925,1.0,1.0072761412041542
PAIP1,2,0.002796633545270554,7503.8462412562585,15012.348142006922,14.66017117466356,15013.692482512517,0.474493675,1.0,1.0042189665625192
PAIP2B,2,0.000845226207196246,2181.0643062343547,4365.365546140769,37.03120898971868,4368.128612468709,0.7909572,1.0,1.002874738228652
PAIP2,2,0.004409319493871103,8911.264463217976,17852.124658965844,11.34424421264521,17828.528926435953,0.396164075,1.0,1.0108373380431463
PAK1IP1,2,0.002843781661385163,3677.1767669969718,7358.7140631688335,36.711645576455446,7360.3535339939435,0.67019725,1.0,1.008218512569748
PAK1,2,0.0004896521082771936,4276.210959389787,8557.884481496078,33.55077123526343,8558.421918779573,0.629751375,1.0,1.0042611024081083
PAK2,2,0.0043923847098713865,7394.8037311843445,14794.565215819699,16.273810140617428,14795.607462368689,0.469149475,1.0,1.003086958407092
PAK4,2,0.0009960585610233506,4198.903527621095,8402.55821153882,35.01294736898117,8403.80705524219,0.62703995,1.0,1.0034093005909266
PAK6,2,0.0005713989866280999,1703.5065989894729,3410.9966792024156,34.48486521828129,3413.0131979789458,0.8059106,1.0,1.0022684151189432
PAK7,2,1.4204455996406006e-5,131.63229748376324,265.9414630996968,8.871824058775598,269.2645949675265,0.9489432,1.0,1.0031244720412429
PALB2,2,8.79332571413636e-5,1200.3549267656406,2403.5658827116913,30.02025675514883,2406.709853531281,0.862761125,1.0,1.0036487638951221
PALD1,2,0.00014854192134793992,1354.4818307010712,2712.6229828119212,31.651095476267407,2714.9636614021424,0.82225095,1.0,1.0039828265413844
PALLD,2,0.0026475636210311873,5506.287585361065,11018.088125834885,29.802903223169626,11018.57517072213,0.56674375,1.0,1.0035624368001124
PALM3,2,4.471277867984519e-5,736.7743822742742,1477.0962989930038,23.402379919863485,1479.5487645485484,0.87657295,1.0,1.002986143276468
PALM,2,0.0004684128362807821,2401.6873331613956,4808.818268934494,37.58953891311568,4809.374666322791,0.7379151,1.0,1.003955173874728
PAN2,2,3.2188607061247446e-5,911.0671793517622,1833.2605082358048,26.266854967932108,1828.1343587035244,0.845740825,1.0,1.003019867452824
PAN3-AS1,2,3.414964104236214e-5,190.44415824713562,383.7192839128044,10.98040909012438,386.88831649427124,0.9408613,1.0,1.0035353636182993
PAN3,2,7.282604562999446e-5,1025.2722877995732,2053.9420392872726,27.803395761158942,2056.5445755991464,0.848124925,1.0,1.0029372098454956
PANK1,2,3.165376507945787e-5,911.0657593463005,1825.114274721718,26.270942248315496,1828.131518692601,0.86881705,1.0,1.0055495240711863
PANK2,2,0.0012042412950710193,3547.9662207171273,7099.980917389348,36.288331198875916,7101.9324414342545,0.706715825,1.0,1.0043450389665445
PANK3,2,0.00012485822537868993,2467.7531814754884,4938.796720927919,37.68664974055795,4941.506362950977,0.774654275,1.0,1.0025653711431797
PANK4,2,0.00012878871440150623,1080.7526026606379,2164.6430487320117,28.71251945852448,2167.5052053212758,0.8675563,1.0,1.0017660385014895
PANX1,2,0.00016431768431526134,1291.9668239422226,2587.3049892636027,30.9593363210274,2589.9336478844452,0.832784475,1.0,1.0038796987758958
PANX2,2,0.0003220050735388795,477.22966918841024,961.5485722569613,18.63776833571681,960.4593383768205,0.89478185,1.0,1.002343172332352
PAOX,1,2.9871935188237474e-5,650.7668045074502,1305.0486138661274,21.886115410791408,1307.5336090149003,0.882602325,1.0,1.0028852135632083
PAPD4,2,0.0006612309954426849,2016.8102474174261,4037.2682933232704,36.3733299221282,4039.6204948348523,0.785415325,1.0,1.003026459853149
PAPD5,2,0.00011611376873725638,2297.498414101682,4598.1396639955,37.34344057662002,4600.996828203364,0.7854587,1.0,1.0042810315413606
PAPD7,2,4.027739444766111e-5,795.4988397640167,1594.4832511243098,24.41122657645364,1596.9976795280334,0.86664465,1.0,1.002745498748215
PAPLN,2,3.415026044054625e-5,190.44415989163778,385.348129078758,10.97896845228905,386.88831978327556,0.936332525,1.0,1.0022234433817172
PAPL,2,5.688849176248324e-5,235.53870648254934,474.100798854151,12.417135757844644,477.0774129650987,0.93126495,1.0,1.0020867134964788
PAPOLA,2,0.0035069282715145746,7664.20800568536,15336.700711215957,15.02353519700655,15334.41601137072,0.4621043,1.0,1.0071110649761321
PAPOLB,2,2.2728100316215775e-6,59.98324949702982,123.20292584157517,5.678248884765804,125.96649899405963,0.96349445,1.0,1.0047962733145241
PAPOLG,2,9.750578451534904e-5,1000.840968576214,2005.248026488851,27.416128790430815,2007.681937152428,0.8603118,1.0,1.0030230596788192
PAPPA,2,3.206823585699539e-7,25.43620827109702,53.083517207167006,3.6293852152363186,56.87241654219404,0.97374165,1.0,1.0023280906553054
PAPSS2,2,9.433490072423918e-5,1282.079015771598,2573.053111225465,30.94807578378998,2570.158031543196,0.814486775,1.0,1.0021690480432701
PAQR3,2,6.649455130419699e-5,1146.7241597195166,2298.7196911445108,29.479284134141995,2299.448319439033,0.832140675,1.0,1.0052824245874727
PAQR4,2,0.00035528329219588594,2146.9695902191725,4298.329325515032,36.93209667206432,4299.939180438345,0.754507975,1.0,1.0039571249874655
PAQR5,2,0.00046914019247836533,1738.6077794175524,3480.9965132812554,34.77602327854091,3483.2155588351047,0.79497545,1.0,1.0042532429577298
PAQR7,2,0.00036388198484684235,1442.676506200991,2889.764362586568,32.35873403899073,2891.353012401982,0.809528875,1.0,1.003451497054555
PAQR8,2,4.116884889228744e-5,781.8445887835372,1567.008360349662,24.182103821262814,1569.6891775670745,0.871976825,1.0,1.002163351733195
PARD3B,2,3.4150085695545674e-5,190.4441594276898,383.70936485382515,10.98024693647642,386.8883188553796,0.939996825,1.0,1.0021579306820005
PARD3,2,0.0008561241693051502,3228.5686583024026,6461.6385130004555,37.839025459521125,6463.137316604805,0.701728025,1.0,1.0040607710043787
PARD6A,2,0.00037605323571980283,2112.643691311707,4230.042584671175,36.78174802458615,4231.287382623414,0.750923125,1.0,1.0064403153424808
PARD6B,2,0.0008724141242129256,2520.0398292236696,5044.649306658943,38.14958522424231,5046.079658447339,0.7530908,1.0,1.002407609274737
PARD6G,2,0.0007123190306852867,1806.8677910758192,3618.7111747356016,35.16172249796959,3619.7355821516385,0.781705675,1.0,1.0021750940249132
PARG,2,3.355579269732875e-5,885.235757693483,1773.5932721426536,25.87055387637335,1776.471515386966,0.8638794,1.0,1.0031975310900862
PARK2,2,1.4204668696878731e-5,131.632298048483,273.4412298786743,8.869925341029258,269.264596096966,0.9468649,1.0,1.0032948338052157
PARL,2,0.000812340088742474,5916.25498229828,11837.728370044264,23.4556843801281,11838.50996459656,0.553259925,1.0,1.0064279395574192
PARM1,2,4.585752039579266e-5,609.2551249949973,1224.7471976175311,21.29669430915398,1224.5102499899947,0.879890375,1.0,1.0040225760010004
PARN,2,0.001356901811774221,3078.357365525608,6162.125626618297,37.840116031882616,6162.714731051216,0.691058975,1.0,1.0126543084514876
PARP10,3,2.401418397404929e-5,164.30051500950125,333.31601380527127,10.080531802459815,334.6010300190025,0.9409656,1.0,1.002235423817607
PARP11,2,0.00015988184047163048,359.96785530254584,723.2698747348554,15.863721291352126,725.9357106050917,0.91377125,1.0,1.0037878210581113
PARP12,2,0.00018457232126106672,1499.81001316465,3006.745554808265,33.02685960811575,3005.6200263293,0.799610275,1.0,1.0028432240937977
PARP14,2,0.0004574473294538526,2220.2530725969928,4454.582480950567,37.17104779029789,4446.5061451939855,0.733278,1.0,1.0022795597465963
PARP16,2,2.970384864146371e-5,936.5723246175819,1876.258924537109,26.65948707085038,1879.1446492351638,0.8606846,1.0,1.005638652842897
PARP2,2,0.0006989997971383455,2492.0032340298567,4988.584732255248,38.03348895133614,4990.006468059713,0.72769675,1.0,1.0029316453199324
PARP4,2,0.00026147538547546714,2956.118338563835,5917.428107083589,37.76327937011327,5918.23667712767,0.7099227,1.0,1.0049612647368222
PARP8,2,8.221928163296193e-5,1247.4997121484182,2498.139934591276,30.627133625809837,2500.9994242968364,0.84931985,1.0,1.0022082844597762
PARP9,2,0.0007964529736964659,1759.9858777747454,3524.829413305748,34.8369389364398,3525.971755549491,0.788778525,1.0,1.0055679752942825
PARPBP,2,0.0009323819206494273,2257.132648530188,4520.591220426774,37.45362345984753,4520.265297060376,0.74142825,1.0,1.0021041609406114
PARS2,2,0.0004899751879962093,1495.707529090703,2995.676357882114,32.80830452549296,2997.415058181406,0.82897,1.0,1.0042963457665806
PASK,2,0.0004400509042490454,540.3276733812519,1085.7288113264867,19.99393311842681,1086.6553467625038,0.88977895,1.0,1.0039139305665796
PATL1,2,0.00036740816193958886,1835.23068884392,3674.852864145723,35.513727539954864,3676.46137768784,0.796818225,1.0,1.002909763190117
PATZ1,2,0.0003559034142178162,1820.3320273178756,3643.584720399376,35.38965990648236,3646.664054635751,0.829032675,1.0,1.0027852487165618
PAWR,2,0.0021141441603125923,5567.401842409183,11139.911456616279,24.765520355306574,11140.803684818366,0.60529965,1.0,1.0221984551770178
PAX2,3,0.0005553078655058442,1689.0554123663255,3382.0216514841677,34.38486068859541,3384.110824732651,0.801316375,1.0,1.0045113870238584
PAX6,2,6.968235497918244e-6,675.6627300449763,1354.357459118154,22.485726839711567,1357.3254600899527,0.887407725,1.0,1.0059440333746683
PAX8,2,0.0006745715118727852,1740.2767532925811,3484.9679804552375,34.719413119118734,3486.5535065851623,0.7952681,1.0,1.0059202924264072
PAX9,2,7.679484142878857e-6,646.7358300449858,1296.3842888584477,21.94195439868554,1299.4716600899717,0.892477375,1.0,1.0031043903380688
PAXBP1-AS1,2,1.026146857692319e-5,114.65027639886578,231.99176467379309,8.194791760424515,235.30055279773157,0.951448575,1.0,1.0016964729985942
PAXBP1,2,0.0019052625988322817,3921.6362538905482,7849.471222412956,35.21926143498658,7849.2725077810965,0.64984495,1.0,1.0043606686369395
PAXIP1-AS1,2,0.001141961173493178,2019.8271934594777,4043.9541355692686,36.32596737076277,4045.6543869189554,0.794171475,1.0,1.0044873822558322
PAXIP1,2,0.00018186880889069757,1328.0174715666722,2659.6477783980945,31.331868669702217,2662.0349431333443,0.8236325,1.0,1.0037241731725708
PBDC1,2,0.003817873516061265,5565.687662133898,11136.437563455365,25.83656414582558,11137.375324267796,0.600857125,1.0,1.0076945508579105
PBRM1,2,0.001222692572013652,4196.855627255154,8398.990387980693,34.59899981448146,8399.711254510308,0.630040275,1.0,1.0050237361793601
PBX1,2,0.00024102311250744838,1688.4033868959245,3382.5241807004677,34.18247683536873,3382.806773791849,0.785737525,1.0,1.0024551561026875
PBX3,2,3.926096088464532e-5,568.0912097631941,1140.2518139427382,20.259899985714792,1142.1824195263882,0.885907625,1.0,1.001775996414956
PBX4,2,0.0002219910747276971,834.1969509574662,1673.1957831344707,24.749494642613072,1674.3939019149325,0.8568877,1.0,1.0027817312185965
PBXIP1,2,0.00057301990195791,1925.552976040142,3854.683462304529,35.916963663478626,3857.105952080284,0.790549525,1.0,1.0027508245015198
PCAT1,3,5.998682098071963e-6,91.16117096569062,184.88723287353812,7.188334888588136,188.32234193138123,0.9566469,1.0,1.002172071055079
PCAT6,2,6.903443929374566e-5,1055.7081613168411,2115.137939138998,28.225963979492263,2117.4163226336823,0.84215145,1.0,1.0060695193355336
PCBP1-AS1,2,0.0006776645906491507,2340.480862099358,4699.465855203634,37.51173899087352,4686.961724198716,0.72276855,1.0,1.0113756617618996
PCBP1,2,0.00624857996396757,9509.866009665056,19025.03280622316,10.282530124771835,19025.732019330113,0.41627945,1.0,1.0026578885219608
PCBP2,2,0.01018473443262555,12093.21221673668,24192.441082875393,6.784739148969321,24192.42443347336,0.29926615,1.0,1.0041311739972336
PCBP3,2,0.00022244811955574674,411.42404043393714,827.0730306369318,17.126921690574676,828.8480808678743,0.904987725,1.0,1.0018687676497289
PCBP4,2,0.0008561395160857039,3342.9193755327556,6714.662188231313,37.58252618222348,6691.838751065511,0.65413485,1.0,1.003260548521127
PCCA,2,0.0006131566603556894,1824.2293656373367,3654.363502421298,35.29602694994233,3654.4587312746735,0.7752511,1.0,1.0034843657873798
PCDH19,2,8.889367274165064e-7,39.83955134783561,82.15367456590936,4.549090305580763,85.67910269567122,0.96914765,1.0,1.0016623568705592
PCDH1,2,0.0001477081093622832,1252.6335605335416,2508.861023572277,30.539293818577576,2511.2671210670833,0.8294098,1.0,1.0038912534696658
PCDH7,2,0.004314197174784239,9525.477295671064,19055.89437292101,10.530704525756928,19056.954591342128,0.403787475,1.0,1.0040923407842228
PCDHAC1,2,5.683996694243923e-7,32.76421314380394,67.87365137111212,4.110849194076747,71.52842628760789,0.971450475,1.0,1.0028864117329077
PCDHAC2,2,5.11488316587484e-6,85.10929604041164,172.97235199916457,6.9125372312681055,176.21859208082327,0.95766695,1.0,1.002014853643155
PCDHB14,2,5.9592251222503036e-9,1.5821742699574556e-5,1.6661767959103981,8.090167074357095e-15,6.000031643485399,0.98223215,1.0,1.0025092693467466
PCDHGA10,2,6.149549968308594e-6,315.6481047906789,660.645260656796,14.593911053595468,637.2962095813577,0.915226025,1.0,1.0042764312274373
PCDHGB7,2,5.221134642561755e-9,1.3862112476001461e-5,1.4527512901020059,1.401258040798223e-14,6.000027724224952,0.982072325,1.0,1.0025522276464218
PCED1B,2,1.4204396742451153e-5,131.632297326444,267.1174721111074,8.870983562957155,269.264594652888,0.9474132,1.0,1.003517014096171
PCF11,2,0.0003822667614809879,2904.851008237578,5814.079221970379,38.2405855524408,5815.702016475156,0.748211175,1.0,1.0033472980548714
PCGF1,2,0.00033433542628340663,2979.450265384488,5961.7320041496805,37.663014934036426,5964.900530768976,0.778333675,1.0,1.0025561472827513
PCGF2,2,0.0007499027038417315,3520.367298487326,7045.625071437056,36.52754635904002,7046.734596974652,0.698513525,1.0,1.00527818361062
PCGF3,2,0.000501352102575943,3014.864015406135,6033.662143213114,37.71838908816597,6035.72803081227,0.721108225,1.0,1.0043662515504248
PCGF5,2,0.0010348657090861824,2975.086150246633,5956.811424845334,37.63292383424793,5956.172300493266,0.70910385,1.0,1.0037162157683674
PCGF6,3,0.00028552164742858227,2411.9043030145535,4828.813759236292,37.738061366728516,4829.808606029107,0.731663025,1.0,1.0055284855798283
PCID2,2,0.0013370005677597508,4613.176428121388,9231.998456941159,30.60825272367469,9232.352856242776,0.613862025,1.0,1.0054167467985597
PCIF1,2,0.00027944223744010005,1718.304254499943,3440.1087270275916,34.74395184584777,3442.608508999886,0.8096504,1.0,1.003455616887494
PCK2,2,0.00033441805750440077,2111.898099797043,4237.664302213262,36.749288484056834,4229.796199594086,0.741571525,1.0,1.0045952076390523
PCLO,2,0.00013928121582675306,1044.2974426506216,2092.5157883325505,27.952175420828315,2094.5948853012433,0.849128425,1.0,1.0041261014974456
PCM1,2,0.004281208125906379,7327.434905822419,14659.604640022744,17.495799968803418,14660.869811644838,0.4800882,1.0,1.0046301308626517
PCMT1,2,0.004357089066397558,7973.995685766025,15955.821873184295,13.847722480154498,15953.99137153205,0.4832292,1.0,1.0148203955582658
PCMTD1,2,0.0005620671139217729,3023.4871987703063,6052.197478533591,38.194623454232314,6052.974397540613,0.697478375,1.0,1.0028158342519078
PCMTD2,2,0.0009996338160507424,2176.8527307057584,4357.9707801846225,36.98709501173976,4359.705461411517,0.76665075,1.0,1.0032366214974289
PCNA,2,0.007793542302649571,7274.113115743006,14554.693981801462,24.879358443143087,14554.226231486013,0.50847375,1.0,1.0050960875248656
PCNP,2,0.002106193848121071,8563.356214984544,17155.27950712825,12.015699172020637,17132.712429969088,0.405087525,1.0,1.0080299078444446
PCNT,2,0.0010261440419697333,2075.465014753613,4159.425857331408,36.60042920044567,4156.930029507226,0.7476058,1.0,1.0021518720211748
PCNXL2,2,7.28145484416566e-5,856.142972964714,1716.2976793043524,25.30863927552495,1718.285945929428,0.85837585,1.0,1.0028544969140354
PCNXL3,2,0.00027709195361302007,1404.8127520948478,2813.766582167532,32.03792015215198,2815.6255041896957,0.81426755,1.0,1.0056448284146071
PCNXL4,2,0.0001665749955496505,1283.6751426261212,2571.440313951899,30.86551885834955,2573.3502852522424,0.82173075,1.0,1.0058828659644523
PCNX,2,0.0002656681493795946,1594.7233089415836,3192.472095149668,33.78103214574804,3195.446617883167,0.8211084,1.0,1.0070003575534519
PCOLCE,2,0.0002209425154785884,1292.660158091856,2590.6644777988754,30.904897178189966,2591.320316183712,0.815122775,1.0,1.0036542520468996
PCSK5,2,7.234528808770385e-5,675.7465406900671,1356.623696325042,22.24219264452829,1357.4930813801343,0.872414325,1.0,1.0028469578041488
PCSK6,2,0.00020044138250298297,394.4894244486242,793.0622201898216,16.71955473969924,794.9788488972484,0.9069044,1.0,1.0025083384841822
PCSK7,2,8.114895861073973e-5,2266.3278448609126,4537.235506106742,37.27683541760588,4538.655689721825,0.754337575,1.0,1.0041731249300947
PCTP,3,0.00040314387459506386,2296.4584616543984,4599.7416792879185,37.419538393861444,4598.916923308797,0.731899775,1.0,1.0023099695314899
PCYOX1L,2,0.0005602375298488203,1298.2669496525084,2605.8056117546325,30.773763100762082,2602.533899305017,0.809342225,1.0,1.0034191556927594
PCYOX1,2,0.0003759151866747807,3236.273664248259,6492.169727152032,37.177669001064025,6478.547328496518,0.669028525,1.0,1.0034367219504559
PCYT1A,2,0.00039730601061335947,2722.8694263432726,5451.065032041346,38.0755028189746,5451.738852686545,0.7259551,1.0,1.0025304135298596
PCYT2,3,0.0018466837616319342,4967.382198908302,9946.07366465274,30.47442433697366,9940.764397816603,0.57613625,1.0,1.013498919120455
PC,2,9.510968932055836e-6,576.028522156791,1155.4832903948582,20.55161192336281,1158.057044313582,0.88682145,1.0,1.0031273328489376
PDCD10,2,0.002808595961416261,6368.955422819074,12742.49375445402,20.91076433519948,12743.910845638147,0.530012375,1.0,1.0089121955746405
PDCD11,3,0.001975487291459837,5350.1207737635195,10705.713305280882,27.144126690914593,10706.241547527039,0.59109055,1.0,1.0044930336199995
PDCD2L,2,0.0015237785724729498,3535.634875714156,7075.617251644879,37.01898313058232,7077.269751428312,0.688555425,1.0,1.002207911448618
PDCD2,2,0.004969531277616289,9537.315979549208,19080.77266559524,10.183356981174589,19080.631959098417,0.40326485,1.0,1.0080471167005167
PDCD4,3,0.0009009752173428742,5077.411957949393,10161.7794567256,27.858109527610775,10160.823915898785,0.5919487,1.0,1.0076672798887878
PDCD5,2,0.011370931749753723,12325.248714048885,24655.44955107556,6.55045205815922,24656.49742809777,0.311906825,1.0,1.0038395324392568
PDCD6IP,2,0.0013264661183806277,3990.230687108775,7985.3784493017165,33.91565806811243,7986.46137421755,0.672149025,1.0,1.005646210139759
PDCD6,2,0.0067576078790075106,10357.1355007326,20722.386919577933,9.052416221528793,20720.2710014652,0.359778275,1.0,1.0074214820712173
PDCD7,2,0.0014326747866486023,5970.94336915267,11947.043660945757,22.099484901630145,11947.88673830534,0.586661075,1.0,1.0048495679724596
PDCL2,2,2.2709640944945795e-6,59.98324459606674,122.44966073974722,5.679091914075101,125.96648919213348,0.9638812,1.0,1.0025077886885816
PDCL3,2,0.001094958090696848,5358.960329403717,10722.967520001393,24.960618158046223,10723.920658807434,0.60650155,1.0,1.0098724060169517
PDCL,2,0.0002924985143848497,3023.409215112366,6050.8240724535735,37.7102851694266,6052.818430224732,0.73461345,1.0,1.0088304370646797
PDDC1,2,0.0003959505636718919,2806.8103770488806,5687.624821507536,38.185452134759636,5619.620754097761,0.685560575,1.0,1.0019785420738445
PDE10A,2,5.678892584339621e-7,32.76421178866276,67.77872577350057,4.11696204274198,71.52842357732553,0.97150155,1.0,1.0019885911618962
PDE11A,2,2.4014647561060666e-5,164.30051624032475,331.50498575882045,10.08131303953457,334.6010324806495,0.94200185,1.0,1.0027736585975693
PDE12,2,0.0006374343564585574,1730.639669629102,3465.405580757613,34.66408155640825,3467.279339258204,0.807792625,1.0,1.0038822172522168
PDE1A,2,7.987538948765795e-6,103.03945419444509,209.34411759632863,7.7079372963616315,212.07890838889017,0.95345385,1.0,1.0028056868075066
PDE1B,2,1.4468100720777035e-7,17.768407300295074,37.66891854282526,3.1328531023570125,41.53681460059015,0.976300275,1.0,1.0034202951943862
PDE2A,2,3.200068859783084e-5,185.28454799381828,382.3660537850446,10.804924714099757,376.56909598763656,0.93656055,1.0,1.0035023493377535
PDE3A,2,5.678738297162198e-7,32.76421174769952,67.95788163799787,4.111532186277704,71.52842349539904,0.97130895,1.0,1.003656682729996
PDE3B,2,1.741334824430672e-5,679.7402592622212,1362.9564365712274,22.488309876390794,1365.4805185244425,0.875994075,1.0,1.0024069126111952
PDE4A,2,0.0005934385243030343,3179.943450798436,6364.885117739844,37.89932191658604,6365.886901596872,0.700635325,1.0,1.0047953443587339
PDE4B,2,0.003343684686347165,5319.846758183356,10644.010088963669,29.352899109365143,10645.693516366711,0.63747995,1.0,1.0042009296995404
PDE4C,2,3.199405606733546e-5,185.27884811480763,377.1918175777999,10.805488893865682,376.55769622961526,0.936888425,1.0,1.0024206104972715
PDE4DIP,2,0.00017184684971085606,1261.411391171031,2526.297565690881,30.610841433839497,2528.822782342062,0.8351822,1.0,1.0025686195350347
PDE4D,2,7.987806999003756e-6,103.03945490611846,208.63332750197168,7.709145816784471,212.07890981223693,0.955049175,1.0,1.002344404706073
PDE5A,2,1.789632516982263e-5,668.9001372108215,1341.1163852729971,22.28786908270147,1343.800274421643,0.878801775,1.0,1.0079206115851536
PDE6D,2,0.0019877405776582906,3291.944613989451,6590.062083928675,37.72615459716957,6589.889227978902,0.668719825,1.0,1.0020910770463691
PDE6G,3,9.092659363562968e-6,108.87614557322678,234.78586118814553,7.9532957727696685,223.75229114645356,0.9516119,1.0,1.0027153718650352
PDE7A,2,0.0001300665864990641,1092.7712771672677,2189.2562620923377,28.610146550179593,2191.5425543345355,0.843982525,1.0,1.0020993927333974
PDE7B,2,2.589939348520576e-5,169.60077888158375,342.0330100490115,10.268457912261688,345.2015577631675,0.942282175,1.0,1.0045195611036195
PDE8A,2,0.0005424773169136556,1620.3882176216764,3245.691604776447,33.851985725058945,3246.776435243353,0.7937221,1.0,1.0051970183403818
PDE8B,2,3.5495350980688935e-6,72.74762211569283,148.21171453982222,6.326214317620395,151.49524423138567,0.96047845,1.0,1.002237538977333
PDE9A,2,0.00013758572548624716,2350.822457886887,4707.276912439392,37.51936241848723,4707.644915773774,0.7392834,1.0,1.0037273199241452
PDF,2,4.1087660395776775e-5,205.73354748938448,414.44667593148665,11.481666082286065,417.46709497876896,0.935397225,1.0,1.0036918359365585
PDGFA,2,0.0010185257337315032,1618.7499790819318,3242.107598968044,33.761976016555714,3243.4999581638635,0.805158925,1.0,1.0057028431514186
PDGFB,2,0.00011834917918431887,869.1908644615764,1742.5495067513516,25.43465408251979,1744.3817289231529,0.865082775,1.0,1.0018476846320823
PDGFC,2,0.00021801419004756445,1080.639166947083,2165.8150442953483,28.350894329571105,2167.278333894166,0.835990525,1.0,1.0038652737353881
PDGFRL,2,0.00010669087991058145,2434.0668038144454,4872.527441529845,37.67018083337541,4874.133607628891,0.744423075,1.0,1.0048891285661063
PDHB,2,0.0031886376314645077,7640.594623090495,15286.711172251184,14.209773310348298,15287.18924618099,0.475725475,1.0,1.0092996677438992
PDHX,2,0.0010270123651234615,3803.705772519101,7611.149526439864,34.826770504922536,7613.411545038202,0.6924552,1.0,1.0060047736545643
PDIA5,2,0.00014256368614857373,2911.168407322739,5827.7238789007,37.73121449764906,5828.336814645478,0.7286138,1.0,1.0037399465808607
PDIK1L,2,9.388274012259411e-6,579.825086148977,1162.5229822002993,20.63103185454728,1165.650172297954,0.90020315,1.0,1.0047456245526525
PDK1,2,2.2090718067714512e-5,572.2638838643776,1148.9670317938503,20.404710621075697,1150.5277677287552,0.884672075,1.0,1.0034795627877726
PDK2,3,0.0011388460134166406,5009.179052003137,10029.278445714437,29.50424583110432,10024.358104006275,0.575988625,1.0,1.0080660174970058
PDK3,2,0.0001932890886212554,1056.5323737758745,2117.7447039275567,28.054376802745388,2119.064747551749,0.837118275,1.0,1.0012942012687365
PDK4,2,8.544969754339989e-5,278.5815871123859,560.2124263914819,13.6838702456792,563.1631742247718,0.92728915,1.0,1.0017979889931825
PDLIM1,2,0.0032865724032394746,6836.432370774877,13690.508746947458,17.830878304308253,13678.864741549754,0.48375335,1.0,1.0119267893364319
PDLIM2,2,0.0012103723788953254,4743.93902882115,9492.444934595345,31.24821129803146,9493.8780576423,0.61550645,1.0,1.0047639260456385
PDLIM3,2,5.798179534536571e-5,1138.6542604561105,2281.652868844865,29.32928640785146,2283.308520912221,0.83377695,1.0,1.0027218165256695
PDLIM5,2,0.005225805841712955,6633.147591604548,13272.78980461205,27.51348453111179,13272.295183209097,0.527366425,1.0,1.0071092086547577
PDLIM7,2,0.001275602771185029,6384.3232253189835,12778.706500588654,19.96064673672336,12774.646450637967,0.5122667,1.0,1.0076783278102832
PDP1,3,0.005811493893966692,9304.13233020121,18613.663011287306,10.793468253104935,18614.26466040242,0.42441385,1.0,1.0046420967650613
PDP2,2,4.585749874818549e-5,609.255124937523,1221.6335831610663,21.29868114164106,1224.510249875046,0.8977328,1.0,1.0010340120830632
PDPK1,2,0.0007851659794696462,3043.57997687223,6091.60091677499,37.93139165965923,6093.15995374446,0.70818775,1.0,1.0040716698860948
PDPR,2,0.00029538446183881203,461.0503699592528,926.1494587391791,18.27729645168786,928.1007399185056,0.899379825,1.0,1.002549029656622
PDRG1,2,0.0006487897857190705,3223.6701779657087,6451.7521770755375,37.566194326732735,6453.340355931417,0.714183575,1.0,1.0030299731625476
PDS5A,2,0.0012547884631711166,4251.6662548654185,8508.14665710439,34.57134184035421,8509.332509730837,0.62377265,1.0,1.0041318064969713
PDS5B,2,0.0001607820997597908,1494.0519570129218,2991.217624237822,33.004382418054696,2994.1039140258436,0.833671425,1.0,1.0033204515676708
PDSS1,2,0.0001441973602461568,2268.6006220562913,4541.573459951991,37.284568441178195,4543.201244112583,0.757191625,1.0,1.0048137282361358
PDSS2,2,0.0002635795922174841,1599.7201362512062,3203.1016336462785,33.829155863021775,3205.4402725024124,0.810225625,1.0,1.0041465376501546
PDX1,2,6.272741414772387e-5,245.26645474654993,493.5061145295823,12.711776907934455,496.53290949309985,0.932018625,1.0,1.0025169477265603
PDXDC1,2,0.0018467526847249498,4075.9393178759215,8156.453629699898,33.69609598514378,8157.878635751843,0.6763302,1.0,1.0025949468884496
PDXK,2,0.0019238733660357345,6457.891184007199,12920.687417576384,20.344595705888974,12921.782368014397,0.554013425,1.0,1.0065972226478144
PDXP,2,2.874961695456827e-6,66.42110442399304,135.74909236350803,6.010768194677177,138.8422088479861,0.96198635,1.0,1.0029522717584958
PDZD11,2,0.0018954165249541648,6090.3890114911355,12338.444304853245,21.424828407033747,12186.778022982271,0.49284825,1.0,1.003774627620883
PDZD2,2,3.5491266433291577e-6,72.7476210312455,147.9040893419813,6.327522764892647,151.495242062491,0.961401675,1.0,1.0032086759744432
PDZD7,3,0.0005774041136047562,1830.708297806265,3670.722637840428,35.35047962051238,3667.41659561253,0.770824975,1.0,1.0025025402497287
PDZD8,3,0.0005178477307844003,2937.6071281474838,5879.1796646233715,37.78694794696564,5881.2142562949675,0.731843275,1.0,1.0026706266783358
PDZK1,2,3.198640610665616e-7,25.436206098517147,54.49583660330243,3.6283508002323717,56.87241219703429,0.97321265,1.0,1.003048921003965
PEAK1,2,6.229960031949421e-5,1106.4783416142016,2215.902351477041,28.910295542382926,2218.956683228403,0.856170775,1.0,1.0038646398411286
PEAR1,2,1.2698613717473477e-5,461.7472480919352,926.8279519265951,18.112666007454234,929.4944961838704,0.9007516,1.0,1.0021270460505451
PEF1,2,0.00041449307458328957,4212.327159500071,8429.17864109441,34.199374122380206,8430.654319000141,0.639304025,1.0,1.0036546835757607
PELI1,2,1.3258191317033585e-5,445.2756608303003,893.9329522591086,17.738508291683594,896.5513216606006,0.9035719,1.0,1.0030137456418253
PELI2,2,5.998730386918999e-6,91.16117109389751,184.82581276806738,7.188760201250912,188.32234218779502,0.956986775,1.0,1.0053445971685189
PELI3,2,0.00017178964560290858,1146.5200702973978,2297.0312007358852,29.243077000220048,2299.0401405947955,0.836498975,1.0,1.0034437417169135
PELO,2,0.0009180666368447354,3603.280780302938,7210.969086292315,36.30440139681669,7212.561560605876,0.732849675,1.0,1.0048860226647582
PELP1,2,0.000636263125403418,3368.114854037471,6741.238991390352,37.04502960799989,6742.229708074942,0.689927525,1.0,1.00232031085898
PEMT,2,0.0013954413592357803,3926.5465350809977,7997.9785593855395,34.29248870163359,7859.0930701619955,0.605403525,1.0,1.0067687022285767
PER1,2,0.00044448154949656917,1716.6810786081535,3436.498907875491,34.623841347751465,3439.362157216307,0.82907105,1.0,1.0060044262300485
PER2,2,0.00012670532487037313,1110.6185822513332,2224.7287546359007,28.846633828386793,2227.2371645026665,0.849926525,1.0,1.0025542169036554
PER3,2,8.032972034284971e-5,642.4060414123015,1288.5389514936455,21.938947050802664,1290.812082824603,0.882828075,1.0,1.0020100186139058
PES1,2,0.0010415977887187578,4851.214797019325,9707.444643234738,30.011425628025524,9708.42959403865,0.59874245,1.0,1.0102422533202755
PET112,2,0.00016559388661827742,2660.6307837077957,5327.162973245349,37.93032903330332,5327.261567415591,0.7208807,1.0,1.0021471229755465
PEX10,2,0.00098679795349835,3510.139799039621,7027.37423165229,36.46362700451315,7026.279598079242,0.6610692,1.0,1.0044073332714587
PEX11A,2,0.0004928233613904828,1634.7633604922512,3273.3484486307752,33.98791947860643,3275.5267209845024,0.81767625,1.0,1.0040225607992899
PEX11B,2,0.00039881989057584307,2720.519114042543,5444.75518430727,37.896545248383624,5447.038228085086,0.75484235,1.0,1.0033886381243418
PEX11G,2,0.00033494826611227155,1510.0986312143823,3026.2341753785463,32.99870698461851,3026.1972624287646,0.797411375,1.0,1.0016356775594575
PEX12,2,7.392004669710442e-6,657.6389074648672,1318.1629129723867,22.148237979479163,1321.2778149297344,0.894168875,1.0,1.001932074303685
PEX13,2,0.0002680851631737551,3076.887557970642,6157.2126850608465,37.55555613504189,6159.775115941284,0.758189875,1.0,1.0039789057117938
PEX14,2,0.0006718551329975035,3011.724726315801,6028.673893480093,38.12590622720853,6029.449452631602,0.72395415,1.0,1.0044698964620404
PEX16,2,0.0012230994647357218,4893.098822305677,9790.886788395766,29.079896539347466,9792.197644611353,0.624664875,1.0,1.0066264706420478
PEX19,2,0.0008865804146596244,2227.918637099251,4461.812209842804,37.18856746055023,4461.837274198502,0.759157975,1.0,1.004166496567422
PEX1,2,0.0002635666899554252,1668.028783572569,3339.6908497883537,34.37165235896658,3342.057567145138,0.808137875,1.0,1.0024465244915268
PEX26,2,0.0009162835121592184,1898.1587852057194,3801.1740131936676,35.694814986947904,3802.3175704114387,0.777712225,1.0,1.0040983691614285
PEX2,3,0.00394629799448757,5804.821844807885,11615.086282822851,23.651890745171734,11615.64368961577,0.5405956,1.0,1.006536270107539
PEX3,2,0.0002452006451190918,1641.0452825552022,3286.183792791412,34.17667937882163,3288.0905651104044,0.805036225,1.0,1.0031872253902652
PEX5L,2,1.7418415428253465e-6,53.4200673807864,111.22003401866978,5.324970712082041,112.8401347615728,0.965047925,1.0,1.004371285411883
PEX5,2,0.000736011588544335,1529.684845211024,3065.5577906661924,33.036589747230344,3065.369690422048,0.79377915,1.0,1.0022683376283497
PEX6,2,0.0006158322069630852,1761.539280620114,3527.8512396904775,34.88428891240851,3529.078561240228,0.78569355,1.0,1.001631489673486
PEX7,2,7.947340396141718e-5,2395.3192829037644,4795.35126179013,37.57816930611889,4796.638565807529,0.746183975,1.0,1.0042756081597137
PFAS,2,3.94858782419015e-5,601.8044724785608,1207.2483095808507,21.151772839520582,1209.6089449571216,0.8869203,1.0,1.008105620890418
PFDN1,2,0.0038969556097380436,6792.264601697618,13590.018449274536,18.407502951732475,13590.529203395236,0.507369025,1.0,1.0050889589872574
PFDN2,2,0.006532660541046605,12204.89445867069,24416.0469771356,6.560483133785594,24415.78891734138,0.3172693,1.0,1.0058991999429145
PFDN4,2,0.007848244813697112,11234.215719601092,22472.999964591854,7.829269434984725,22474.431439202184,0.32062045,1.0,1.0086458595591472
PFKFB1,2,2.282617956310558e-6,59.983275537069865,123.23211872497775,5.678455663926121,125.96655107413973,0.9635295,1.0,1.0020142202420588
PFKFB2,2,0.0001413276992847731,342.3553898078359,689.2743760611589,15.411085727010514,690.7107796156718,0.912853875,1.0,1.0024556287561674
PFKFB3,2,0.0001278327755380419,1229.6519736463326,2462.6356255018813,30.300773858601172,2465.3039472926653,0.838690325,1.0,1.002887802347212
PFKFB4,2,3.948528851966036e-5,601.8044709128482,1206.7427341606326,21.151840154705464,1209.6089418256963,0.8963074,1.0,1.0039979139419335
PFKP,2,0.001587284906802731,5301.460832786087,10620.72422156107,26.98785159950513,10608.921665572174,0.55301215,1.0,1.0040134008338253
PFN2,2,0.0026254725684179037,7906.959885890791,15819.00391616153,14.428927008841875,15819.919771781582,0.446017175,1.0,1.0057286067027043
PFN4,2,2.5911115739232973e-5,169.59569885024155,342.6021262512805,10.267533966000206,345.1913977004831,0.94035315,1.0,1.0028871831256179
PGAM2,2,2.3332279799988995e-8,6.194720286897078e-5,2.233479284913428,8.090167070589817e-15,6.000123894405738,0.9818807,1.0,1.0024539221765791
PGAM4,2,4.881781035203737e-6,324.7272510152059,653.3793929673723,14.846160041823905,655.4545020304118,0.91592555,1.0,1.004667091603212
PGAM5,2,8.834712729118311e-5,2438.3758648661683,4880.907451617654,37.65859260507677,4882.751729732337,0.74796185,1.0,1.0078806077679934
PGAP1,2,0.0005585546954452775,593.6291715057878,1191.3779068610247,21.07711786358391,1193.2583430115756,0.885943075,1.0,1.0028507989542275
PGAP2,2,0.002351094076710372,3733.6441469666115,7472.392964349031,35.66609097006122,7473.288293933223,0.66086155,1.0,1.0035482014297534
PGBD1,2,5.4997364546168875e-5,624.5452859884798,1253.3093792228296,21.32516486849046,1255.0905719769596,0.879605725,1.0,1.0030942674323047
PGBD2,2,3.1779902708499295e-5,676.2649194252401,1355.8863842253734,22.36410719162414,1358.5298388504802,0.884615975,1.0,1.0033955115754623
PGBD4,2,6.885335189593863e-5,254.89893161372092,512.8008763952581,12.998285647787945,515.7978632274419,0.930156625,1.0,1.003045490190067
PGC,2,3.1927394249771066e-7,25.43620453175235,53.03260237037535,3.648981840757704,56.8724090635047,0.974132575,1.0,1.0014012968255974
PGF,2,0.00045157062084446545,1639.1954338693674,3281.984534130205,34.03487644971981,3284.390867738735,0.8236209,1.0,1.0094645692279383
PGGT1B,2,0.0010928886196825633,1970.880630796058,3946.5528082857995,36.07875220590028,3947.761261592116,0.77860515,1.0,1.0037407670009102
PGLS,2,0.004775646568199186,8089.3800653512735,16207.804698896725,13.297638887226027,16184.760130702547,0.46223125,1.0,1.015358859272414
PGM2L1,2,0.0002803555463604145,1304.115693421534,2612.871514828837,30.98615165890196,2614.231386843068,0.816994,1.0,1.0021853891526253
PGM2,2,0.0004541140408759318,3139.145644682951,6283.603981287144,37.53368193449353,6284.291289365902,0.70171,1.0,1.0079850225006044
PGM3,2,0.001230977965723383,3872.8430052726517,7750.999836797901,34.94876563765606,7751.686010545303,0.668520625,1.0,1.001699822824462
PGPEP1,2,0.0013483291877651286,2971.9953668731428,5948.520221373472,37.838244868555826,5949.9907337462855,0.732333325,1.0,1.0051003959213687
PGP,2,0.008133827729466633,8605.715130713725,17218.44228805746,18.026734408828286,17217.43026142745,0.4746198,1.0,1.0050813942434318
PGRMC2,2,0.0011086578436266164,5083.384471271676,10172.234424816135,28.502907675024815,10172.768942543353,0.62727875,1.0,1.0142949170397313
PGS1,3,0.0008558527172517232,2545.1690140161736,5093.581043862308,37.7952226456934,5096.338028032347,0.767203625,1.0,1.0024404547842414
PHACTR2,2,0.0009133795915050106,3310.619626301626,6626.003614071699,37.77906895328895,6627.239252603252,0.69719515,1.0,1.0085554558320904
PHACTR4,2,0.0006185907755166775,3154.4912809024563,6313.392705326753,37.714828617316925,6314.982561804913,0.721961125,1.0,1.0034568863447444
PHAX,2,0.0004679226021458099,4786.07486466365,9576.872769781345,29.58752359043296,9578.1497293273,0.655626675,1.0,1.011814900280066
PHC1,2,3.3343490709052205e-5,888.4826755044688,1780.3488554065136,25.919649525406907,1782.9653510089377,0.86020795,1.0,1.0018464818330042
PHC2,2,0.0007622637233916099,2883.186369393453,5770.67312446643,38.239717369756974,5772.372738786906,0.719351325,1.0,1.007330297745416
PHC3,2,0.0004432075476699816,1835.8293120324595,3674.722842982836,35.43693760706732,3677.658624064919,0.8105935,1.0,1.002338122587693
PHEX,2,4.294549092663681e-6,78.97397081099022,160.48743664939192,6.626346407972544,163.94794162198045,0.95937775,1.0,1.003800004791025
PHF10,2,0.00018392314208631654,1541.956498019381,3092.935351545381,33.45447711408727,3089.912996038762,0.796162125,1.0,1.0033909060522839
PHF11,2,0.0006002306106795202,2039.237474884536,4082.4686013389814,36.499210741713576,4084.474949769072,0.788044625,1.0,1.0086974327833373
PHF12,2,0.00014810089489330344,1447.259290678693,2897.4329954875375,32.578724258873514,2900.518581357386,0.843664725,1.0,1.0085448492058966
PHF13,2,0.0005242074550345012,1354.0323286537632,2712.4801031171037,31.40582697831057,2714.0646573075264,0.824327225,1.0,1.004356498470515
PHF14,2,0.00035015150986111306,4372.5034705695125,8749.81977457776,33.195191903695175,8751.006941139025,0.65460725,1.0,1.0105492915632477
PHF19,2,0.0059857919887615525,5214.660358795497,10438.39864705238,35.792434485038704,10435.320717590994,0.594836475,1.0,1.0071027119360914
PHF20L1,3,0.0015170984684683615,4131.465032322143,8268.768624018086,35.18225693026538,8268.930064644286,0.62124275,1.0,1.0027130544209781
PHF20,2,0.002123441287748889,3772.6082330390705,7549.6740639977415,36.07374940239737,7551.216466078141,0.677431275,1.0,1.0062483284247337
PHF21A,2,0.0002139165144210361,1573.728761229403,3150.51109647399,33.65182980645714,3153.457522458806,0.825873275,1.0,1.003987197249803
PHF23,2,0.0011867187176879688,4796.439397198793,9597.514458124017,30.153598598316535,9598.878794397586,0.659851125,1.0,1.0025918132966953
PHF2,2,2.3231715021359285e-5,907.1745485797875,1818.24074469148,26.26915210598305,1820.349097159575,0.858284275,1.0,1.0048622664563878
PHF3,2,0.0021046960206604327,5461.2073930182905,10927.464365009122,26.88685777195444,10928.414786036581,0.6320183,1.0,1.0072250279673796
PHF5A,2,0.0031255048534334687,7065.527324036271,14135.923893164132,18.960355979523346,14137.054648072542,0.499036975,1.0,1.005611027570577
PHF6,2,0.0007573514146367531,4838.2768149642125,9682.167585950967,30.288272778316163,9682.553629928425,0.613796,1.0,1.0018354423625095
PHF7,2,0.00011074781019556908,1065.4601200128877,2134.656862042314,28.278013917581518,2136.9202400257755,0.841802325,1.0,1.0024596714992227
PHF8,2,3.43385984117495e-5,875.4638109492564,1754.1972487059136,25.717284226234234,1756.9276218985128,0.8607038,1.0,1.00431901740474
PHIP,2,0.001303694257431271,4818.412060688042,9641.853007339398,31.541044817960163,9642.824121376085,0.635962925,1.0,1.0043316792231631
PHKA1,2,3.751028244094135e-5,636.0499130739094,1308.3391263260917,21.590113707418435,1278.0998261478187,0.873075375,1.0,1.0017741837630019
PHKA2,2,0.00010173069657741682,909.7262827726255,1825.8991904382995,26.367678823693726,1825.452565545251,0.84917155,1.0,1.0030837552308687
PHKG1,2,1.2793480031076091e-6,46.713531430992916,112.81956360758122,4.946593804965254,99.42706286198583,0.96648005,1.0,1.0018299546372154
PHKG2,2,5.812268777797878e-5,2459.5836815017774,4922.766042478488,37.69118328714189,4925.167363003555,0.76462445,1.0,1.0049946235364178
PHLDA1,2,0.011874991184049517,13601.69872381514,27210.643820019643,5.4357163906571815,27209.39744763028,0.3710928,1.0,1.0002178254924061
PHLDA2,2,0.01865884883326068,16561.421751991173,33131.216945608925,3.2814673901970646,33128.843503982345,0.32261467122689697,1.0,1.009087509995174
PHLDA3,2,0.001083406039300682,4819.1662983499045,9643.210359798635,31.65491805539581,9644.332596699809,0.646861725,1.0,1.0063201018497667
PHLDB1,2,0.0002682033750631066,1339.8525566087615,2683.8859277499178,31.379519014385014,2685.705113217523,0.82004865,1.0,1.0037547184152027
PHLDB2,2,0.006560526954555426,7816.936004235224,15638.656504045486,21.226208905526867,15639.872008470447,0.488721825,1.0,1.003935219220678
PHLDB3,2,0.00019811019115124442,1267.32266168374,2538.304310834178,30.648382491808647,2540.64532336748,0.83675755,1.0,1.0034777419201972
PHLPP1,2,0.00010870124207966458,928.0408674452525,1860.0715789742057,26.345803821550493,1862.081734890505,0.855195675,1.0,1.0047882303329942
PHLPP2,2,1.53499613652044e-5,729.3609403312411,1461.6328270263828,23.38935618037145,1464.7218806624821,0.8853336,1.0,1.0033795624934645
PHOSPHO1,3,0.0001076574433799208,306.3507681178899,616.4194444931458,14.455033819557574,618.7015362357798,0.91937645,1.0,1.0010465775480601
PHRF1,2,0.0006463072230275753,1986.1450243906831,3975.1611367784485,36.21657276516155,3978.2900487813663,0.8156544,1.0,1.0051443574871093
PHTF1,2,0.0009516761966794651,1859.346918449276,3723.8175127987242,35.46264834599638,3724.693836898552,0.779390125,1.0,1.0026488096097645
PHTF2,2,0.0011536917580550726,1822.8444026424133,3652.5521202012537,35.218279046719374,3651.6888052848267,0.76975775,1.0,1.007182964450964
PHYHIP,2,3.63923548570284e-5,195.57156434569637,394.5822284696854,11.149563851079296,397.14312869139275,0.93589035,1.0,1.0020384302408332
PHYKPL,2,0.0025416499800278336,3993.4291266345435,8003.041874863417,34.482313238679374,7992.858253269087,0.6181786,1.0,1.0026398822926237
PI15,3,5.735093447148534e-7,32.76422670999184,68.44116169129134,4.108246401245582,71.52845341998368,0.971085,1.0,1.0017863791126473
PI16,2,5.731275810213112e-7,32.764225696409234,68.03584460636938,4.112838207111515,71.52845139281847,0.971295625,1.0,1.004004280895778
PI4K2A,2,0.0001760890527662249,1530.1453566913535,3063.573730681748,33.314484253446714,3066.290713382707,0.827705875,1.0,1.0063584214323906
PI4K2B,2,0.0006615986077666351,2100.5236402234887,4214.4168292149025,36.809620803612034,4207.047280446977,0.75748845,1.0,1.0043716211552831
PI4KA,2,0.00031060780388644446,1647.0037066295627,3330.6973771042763,34.16349506116323,3300.0074132591253,0.7746254,1.0,1.0044551656989225
PI4KB,2,0.001252681407637059,2343.5774081737395,4691.469377557185,37.59372881929344,4693.154816347479,0.77780085,1.0,1.0054054042784153
PIAS1,2,0.00041986640465513505,2820.9856591697353,5646.0697072830635,37.96878142539535,5647.971318339471,0.75769465,1.0,1.0048518658939665
PIAS2,2,0.0004439646822591709,1887.8965782982684,3779.0132776411683,35.75632312733261,3781.793156596537,0.806540475,1.0,1.003241356485949
PIAS3,2,0.0008086015848928461,2173.9477806656773,4355.53574938944,37.01216837029641,4353.895561331355,0.75430255,1.0,1.0045316585802158
PIAS4,2,0.0010473278181360483,2055.745593020043,4115.31930386476,36.49004782165779,4117.491186040086,0.79428875,1.0,1.002466320450654
PIBF1,2,0.0001477626120882105,2129.9698732346974,4264.2647800026,36.830135881783,4265.939746469395,0.76581315,1.0,1.0016569490447307
PICALM,2,0.0005323113358033155,1925.024831151055,3854.3383356297204,35.93337035428828,3856.04966230211,0.783221,1.0,1.0041884721426426
PICK1,2,0.0005071044600065334,1906.802127388377,3817.896696954722,35.84103813875552,3819.604254776754,0.781088875,1.0,1.0050307987205773
PIEZO1,2,0.0005769026585489224,2042.4989950594033,4095.2243791940996,36.53189517409751,4090.9979901188067,0.75839395,1.0,1.0017919107045956
PIF1,2,0.0017408815597656682,1840.8374140931894,3690.8863472146836,34.35956105782113,3687.674828186379,0.781601625,1.0,1.0025024628629253
PIFO,2,7.20552205301369e-5,862.7328618914217,1729.829619976292,25.412179217176693,1731.4657237828435,0.853833775,1.0,1.0016909626590955
PIGA,2,1.0064717132233258e-5,552.584097233141,1108.3307344099649,20.15750975054283,1111.168194466282,0.896397525,1.0,1.003676285273763
PIGB,2,0.000311357902593026,1323.6054064863881,2651.1055634069194,31.53657469638585,2653.2108129727762,0.837693925,1.0,1.0048497938118264
PIGC,2,0.00029668115680590683,2845.153622321446,5694.345084484376,37.94701272045786,5696.307244642892,0.752174,1.0,1.0067511486784642
PIGG,2,0.0003894662388009698,1383.8282153685984,2772.912203207635,31.76106998198347,2773.656430737197,0.808080225,1.0,1.004089892201724
PIGH,2,0.0009526199256295149,3730.6920560414783,7466.1674379329315,35.516408453928605,7467.384112082957,0.69099045,1.0,1.0073516288370654
PIGL,2,0.00021598966156119012,2428.0412164122,4861.326882983227,37.724648835509,4862.0824328244,0.734060225,1.0,1.0027692013041147
PIGM,2,0.00043399594872765954,1284.681288417221,2574.0317629164037,30.689788492758677,2575.362576834442,0.821026275,1.0,1.0026662491182736
PIGN,2,0.0003019959656402272,465.1115547880976,974.5865283380027,18.364394636773994,936.2231095761952,0.8933327,1.0,1.0048306381106569
PIGO,2,2.5442328755890446e-5,788.4177270372385,1580.7900158460789,24.348007355805965,1582.835454074477,0.862889025,1.0,1.0031132280910764
PIGP,2,0.0030615153920514823,7827.560031340874,15660.462444511304,13.45765714112505,15661.120062681748,0.4930639,1.0,1.0152910410116798
PIGQ,2,2.0097630058711873e-5,878.1635730642744,1764.0947386506377,25.815217542795626,1762.3271461285487,0.851215975,1.0,1.003162988831691
PIGS,2,0.0002681267356303549,2691.313830568594,5388.089741438839,37.90104110132338,5388.627661137188,0.720123825,1.0,1.0050832692057958
PIGU,2,0.0009682337510529757,2284.9738390845187,4575.8058383691305,37.331735175047875,4575.947678169037,0.74816765,1.0,1.0043533311058879
PIGV,2,0.000756839890697168,2181.47046180915,4366.236220069568,37.09253626751728,4368.9409236183,0.800623875,1.0,1.0041296049919746
PIGW,2,7.189015803521586e-5,1173.976430356621,2351.2414626713944,29.736663770540357,2353.952860713242,0.840539625,1.0,1.0046325638335185
PIGX,2,0.0017187699898743689,3990.973603336312,7988.937970664197,34.304803918425534,7987.947206672624,0.652823575,1.0,1.0026273876325913
PIGZ,2,5.6922252521156764e-5,1000.1876153645695,2007.21890966994,27.490038733069948,2006.375230729139,0.8395221,1.0,1.003279635585504
PIH1D1,2,0.003689188632874495,7679.54595075732,15366.727238589994,14.513481519418136,15365.09190151464,0.45398155,1.0,1.00319730525
PIH1D2,2,6.786561277830183e-5,708.2396981065522,1420.8507418925587,22.838741740164657,1422.4793962131043,0.870600625,1.0,1.0055367510430204
PIK3AP1,2,9.682082514765826e-6,572.2232733157125,1148.3058300870405,20.473652476911234,1150.446546631425,0.8855625,1.0,1.0031054204770289
PIK3C2A,2,0.0004703821650550975,3035.123664242665,6079.169513628103,37.85038147834444,6076.24732848533,0.68185585,1.0,1.0031213716051681
PIK3C2B,2,2.5029798532996492e-5,517.7571629880398,1039.3190474706314,19.272079516798264,1041.5143259760796,0.892550775,1.0,1.0024256034213896
PIK3C3,2,0.0011077478442107908,2245.2573231885062,4493.891208548602,37.3572037558774,4496.5146463770125,0.801313925,1.0,1.0018881119580298
PIK3CA,2,0.00017045009167504228,1152.3883716537548,2308.6278275998416,29.318984279508022,2310.7767433075096,0.838565875,1.0,1.0008244082194295
PIK3CB,2,0.00027517080991495355,1410.0491006729908,2823.8280401710053,32.09656022827402,2826.0982013459816,0.82158685,1.0,1.0019672963204325
PIK3CD,2,7.603947653451468e-5,638.7523154664171,1280.8229722963051,21.869544078471463,1283.5046309328343,0.890328275,1.0,1.0028083283923819
PIK3IP1,2,3.296958439549625e-5,658.0967654816247,1319.700075212322,22.023738499927425,1322.1935309632495,0.880833825,1.0,1.0042075777222794
PIK3R1,2,0.0008335568969434231,1653.6731455087483,3311.8551062223455,34.06873890520352,3313.3462910174967,0.81196655,1.0,1.0078644143224798
PIK3R2,2,9.869655551062263e-5,656.9222515381339,1325.9869931158328,22.21158096496879,1319.8445030762678,0.871932225,1.0,1.003481107600125
PIK3R3,2,2.009769878692933e-5,613.8104786526222,1230.8095822421662,21.236421433848818,1233.6209573052445,0.889098525,1.0,1.004095337812243
PIK3R4,2,0.0006616463361690925,634.3981323078317,1272.3827056942985,21.86973402858577,1274.7962646156634,0.889023175,1.0,1.0056969186112605
PIKFYVE,2,0.00028843260858772495,1211.7860300448317,2427.1123832784456,30.333331737675383,2429.5720600896634,0.849049775,1.0,1.0053967117908365
PILRB,2,0.0004021197845399511,2425.8841880772407,4856.278632910385,37.775827515647805,4857.768376154481,0.73681845,1.0,1.0032479442191609
PIM1,2,0.00013881993207049686,763.4513860253338,1531.278499218504,23.679087333203082,1532.9027720506676,0.867138475,1.0,1.0008882284469656
PIM2,2,0.00013101997999531785,2419.0607121937473,4842.358231187376,37.652713121113685,4844.121424387495,0.764024675,1.0,1.004205814349526
PIM3,2,0.005007827784248887,6959.363134299051,13924.3559846232,20.93966885052676,13924.726268598102,0.50217455,1.0,1.0026472924707954
PIN1,2,0.005000080217219982,8878.702967139134,17787.683244516655,12.19522384698919,17763.405934278268,0.42090355,1.0,1.007730713258227
PIN4,2,0.006320232872371815,8066.954860662374,16141.396737187433,13.5652270886279,16139.909721324748,0.458267775,1.0,1.008286643077228
PINK1-AS,2,7.858660442598335e-5,269.17840433051714,547.938786394175,13.41246907264408,544.3568086610343,0.922643225,1.0,1.0039913510544267
PINX1,2,0.0003442645884402573,2692.7635853558972,5389.9282908644755,38.07706471998161,5391.5271707117945,0.73341545,1.0,1.0036722179861917
PIP4K2A,2,0.0006223201675597624,2011.7802130072057,4026.770004597441,36.356870711801676,4029.5604260144114,0.798532425,1.0,1.0024171601145049
PIP4K2B,2,0.0001218812558787021,1361.963564118262,2727.432818743547,31.76545573255933,2729.927128236524,0.825684575,1.0,1.00280435993886
PIP4K2C,2,0.0003784108581044098,1849.876894039114,3707.783962554316,35.56502920265416,3705.753788078228,0.7773446,1.0,1.0030221516651423
PIP5K1A,2,0.0003486688545587114,2743.2003673788445,5491.0737337108185,38.01336647385122,5492.400734757689,0.719583925,1.0,1.0025322312058877
PIP5K1C,2,0.00016702097589963894,1280.9036372379812,2565.535455875686,30.832249101494963,2567.8072744759625,0.82751595,1.0,1.001714040471549
PIP5KL1,2,0.0005318433043699364,2670.7090449968946,5347.358821791169,37.88818986765966,5347.418089993789,0.723304875,1.0,1.0039054782458483
PIPOX,2,5.111523656749732e-6,85.10928712091491,172.92313882070178,6.913287407414762,176.21857424182983,0.957683375,1.0,1.0058355124048013
PIR,2,0.0007215805599033428,4205.322141214699,8463.380620109792,33.604177988266244,8416.644282429397,0.5969709,1.0,1.0031256296534492
PISD,2,0.0004003590799224064,2630.998266217831,5265.1563292160345,37.84580849541965,5267.996532435662,0.76227975,1.0,1.0020867426302722
PITHD1,2,0.0011734673422413135,4081.4166991602833,8169.5318445841785,36.085688917857,8168.833398320567,0.6346541,1.0,1.0033765179192753
PITPNA-AS1,2,0.0017421353865636302,5362.773951011783,10730.691685973412,26.97645592462851,10731.547902023565,0.626855225,1.0,1.0085135937563345
PITPNA,2,0.00040608661507994314,2759.408555468915,5536.217750891975,38.03830161502933,5524.81711093783,0.693954475,1.0,1.0025483773784054
PITPNB,2,0.0010661760076863809,4721.368583521181,9447.211521547453,31.553433993957064,9448.737167042362,0.619486975,1.0,1.0042473420244116
PITPNC1,3,0.0012164232803831688,3380.7992827935177,6767.021159602229,37.88336559101081,6767.598565587035,0.681211675,1.0,1.0099616920347259
PITPNM1,2,0.0007787121384577147,1901.2611232585177,3813.438227684601,35.72263521039754,3808.5222465170355,0.7593889,1.0,1.0045916978919658
PITPNM2,2,0.00013247724554009874,333.45486925209354,670.2070333233563,15.180082941915515,672.9097385041871,0.9180521,1.0,1.0014674325092767
PITPNM3,2,1.551985998895499e-5,390.33887921238505,784.9906501982198,16.439071944970532,786.6777584247701,0.906999625,1.0,1.0034059989511825
PITX1,2,0.0013768193715817249,3310.1082485755983,6624.480958860681,37.809393368471895,6626.216497151197,0.700255575,1.0,1.006647917803701
PITX2,2,0.000646672119986185,2061.199376425532,4125.458514386971,36.66915322701871,4128.398752851064,0.8234993,1.0,1.0065402278745152
PITX3,3,2.673489762680109e-5,778.187296894469,1560.0372051407774,24.173715680577754,1562.374593788938,0.86619445,1.0,1.0035874260653281
PIWIL2,2,4.295767337928321e-6,78.9739740454314,162.22377671411377,6.625336723511175,163.9479480908628,0.958600775,1.0,1.00379894076186
PIWIL4,2,5.774104314135236e-9,1.533024695402905e-5,1.4344054629549488,1.1441223993092332e-14,6.000030660493908,0.9822305,1.0,1.0029224307696332
PJA1,2,0.0005449954788781514,1432.822419926406,2869.195875549816,32.64370529934832,2871.644839852812,0.8385685,1.0,1.0020257100233778
PJA2,2,0.0014349494863951573,3657.4395316716345,7320.417369994864,36.38561003146994,7320.879063343269,0.6628563,1.0,1.005647276800427
PKD1L1,2,1.9329777787750614e-9,5.132056002647788e-6,1.195139614187742,1.5430769101314196e-20,6.000010264112006,0.98279335,1.0,1.001974040965485
PKD1,2,7.8484129926686e-5,1130.497029438858,2264.0447152874185,29.181005646938846,2266.994058877716,0.8497074,1.0,1.0023472986039499
PKD2L1,3,3.2069711522728e-7,25.436208310275944,65.95511237562731,3.618727051974089,56.87241662055189,0.9730468,1.0,1.003031995482565
PKD2,2,7.484236109723305e-5,1156.6327473938097,2318.1321093542974,29.51483427535972,2319.2654947876194,0.82965085,1.0,1.0021539436437485
PKIA,3,4.088584132414455e-6,390.7331294731167,787.7633302463282,16.52014766769832,787.4662589462334,0.905514525,1.0,1.0033724911211144
PKIB,2,0.0018088106182793772,2247.531656527823,4503.469534757808,37.38533631542824,4501.063313055646,0.738307075,1.0,1.0015649126847113
PKIG,2,0.0026925789891203457,4105.7496405882375,8217.982326138355,33.441451065226914,8217.499281176475,0.642975475,1.0,1.0013028604535086
PKMYT1,2,0.0010910342832129458,1842.2634339013614,3692.800166138964,35.030990122857226,3690.526867802723,0.778639225,1.0,1.0059014117994034
PKN2,2,0.002000522021356902,6263.731232018893,12532.01817300665,21.25261053889542,12533.462464037786,0.53955905,1.0,1.0121748986376207
PKN3,2,0.0004530435290154273,1935.9309790653494,3879.08677115764,36.0517210439025,3877.861958130699,0.775174575,1.0,1.0021711908639035
PKNOX1,2,0.0008566009044346947,1957.9256703657306,3919.9557249375894,36.02785344958294,3921.8513407314613,0.783684775,1.0,1.0032811150373675
PKP2,2,0.0007189984264484421,2002.6180666506623,4008.635252849755,36.28989849244749,4011.2361333013246,0.78626625,1.0,1.0036120552488697
PKP3,2,0.0029951466732938653,6162.388804019337,12337.863348972547,21.497395187939265,12330.777608038674,0.508321875,1.0,1.0040695073047765
PKP4,2,0.000985314765416403,1929.6652272348615,3864.955890421398,35.857905855162976,3865.330454469723,0.768136675,1.0,1.0062629961551095
PLA2G10,2,0.0004338245906447125,1198.6744464218814,2402.3441609160145,29.690390713311476,2403.3488928437628,0.823753575,1.0,1.003844992834221
PLA2G12A,2,0.002263659646131516,5858.589935176331,11722.347985005666,25.022663730000662,11723.179870352662,0.543844575,1.0,1.0029518859035036
PLA2G15,2,4.787218933440141e-5,1072.5033981457686,2148.103336819225,28.55076445654279,2151.0067962915373,0.861659725,1.0,1.0043493176091904
PLA2G16,2,0.0028801407685179184,6889.432017061,13784.113846604992,16.989606930245,13784.864034122,0.53087375,1.0,1.0060268826431065
PLA2G3,2,3.2172582389761664e-7,25.436211041497465,53.177302352716346,3.638193250696842,56.87242208299493,0.9734869,1.0,1.0032082180750317
PLA2G4A,2,1.438278964377272e-5,753.6784914226855,1510.9172913314476,23.815371015811955,1513.356982845371,0.869715875,1.0,1.0033134211804198
PLA2G4C,2,1.881138299032124e-5,148.16267713172113,299.9312696674208,9.496544115443644,302.32535426344225,0.944140625,1.0,1.003334480510476
PLA2G4D,2,5.111432443837162e-6,85.10928687874463,173.79605734148353,6.912231515337329,176.21857375748925,0.957362475,1.0,1.002337928539983
PLA2G7,2,0.000537221691851464,1487.8781644167632,2981.241789392144,32.71024193188582,2981.7563288335264,0.799715375,1.0,1.0028396621082851
PLA2R1,2,9.089454798166999e-6,108.87613706510565,221.40664902453813,7.954789257489968,223.7522741302113,0.9521122,1.0,1.002430698398832
PLAA,2,0.00034710268831832883,2999.5268537038583,6003.665806554346,37.91566187032078,6005.0537074077165,0.7204054,1.0,1.0030593206580753
PLAC1,2,2.2201053901189115e-5,158.96178223105431,321.22073484208386,9.890448962843697,323.92356446210863,0.94239145,1.0,1.0024817505546166
PLAC8,2,5.121606367538006e-6,85.10478302677346,175.01936261384733,6.912001551382685,176.20956605354692,0.957236425,1.0,1.0046423257390051
PLAC9,2,2.273569631512917e-6,59.98325151376753,141.71085847118883,5.67536610381009,125.96650302753505,0.962970175,1.0,1.002316537858109
PLAG1,2,5.998724274386736e-6,91.16117107766874,184.8213700569017,7.188919140410088,188.32234215533748,0.9574292,1.0,1.0046961386804214
PLAGL1,2,0.00015515547984769129,2445.6088123983996,4898.452524582895,37.709190831162736,4897.217624796799,0.726096625,1.0,1.0039549805070993
PLAGL2,2,0.00010665011704614206,940.8882899341627,1885.685589154647,26.538941454385295,1887.7765798683254,0.859976275,1.0,1.0033631310874174
PLAT,2,0.00011308138612839073,1186.581543548564,2377.754895532546,29.810872257821014,2379.163087097128,0.826724575,1.0,1.0063105001122266
PLAUR,2,0.0032663237231101054,4672.112460275251,9348.985450269374,34.010827506798684,9350.224920550501,0.61525105,1.0,1.0068751873265591
PLAU,2,0.0008666882690968723,2075.066151714172,4154.491022584397,36.60614305741289,4156.132303428344,0.76082785,1.0,1.0023539105138262
PLB1,2,1.7451784020207674e-6,53.420076240147566,109.25944033159892,5.32740127346786,112.84015248029513,0.9655398,1.0,1.0021889518893188
PLCB1,2,0.0007818306024769588,2157.2740688737404,4317.557698191096,36.95133050501272,4320.548137747481,0.80333465,1.0,1.003320323127214
PLCB2,2,5.5544705589853826e-5,826.0105927664697,1655.5586774268093,24.868545286810008,1658.0211855329394,0.8665637,1.0,1.0027993839137588
PLCB3,2,0.0011251890961360956,3664.8106444465243,7489.602954996581,35.37211152820371,7335.621288893049,0.6204541,1.0,1.0019492911882144
PLCB4,2,1.065646996080524e-5,533.6669276997146,1070.8904538660559,19.6767708249895,1073.3338553994292,0.890229725,1.0,1.001854663631895
PLCD1,2,0.00037741804758710713,1179.8040692233121,2372.682181375842,29.987373839172932,2365.6081384466243,0.8220755,1.0,1.0013668360359997
PLCD4,2,2.40152491450484e-5,164.30051783753026,331.4947941852589,10.081539266121789,334.60103567506053,0.9422405,1.0,1.0033927835973118
PLCE1,2,2.642130043427589e-5,489.7628130183528,983.4358158338812,18.666814262721328,985.5256260367056,0.895408925,1.0,1.0017438517277333
PLCG1,2,0.000448215580363195,544.1699107208631,1092.8615705769193,20.074502997823544,1094.3398214417261,0.89010045,1.0,1.0036745149510504
PLCG2,2,2.2528744636021072e-5,838.7811753231578,1682.8414700815106,25.18419530264268,1683.5623506463155,0.856694475,1.0,1.0024080224156815
PLCH1,2,2.7624751457168857e-6,485.9412785737055,974.8282140365294,18.733146030784486,977.882557147411,0.9017601,1.0,1.0030250614413982
PLCH2,2,1.0275834390052149e-5,114.65031454009964,232.0881731561153,8.194308201123302,235.3006290801993,0.951289675,1.0,1.0031332375621675
PLCL2,2,4.617873031810369e-6,338.21803459932994,679.4123138973792,15.202895694535426,682.4360691986599,0.917277475,1.0,1.0038865499434773
PLCXD2,2,5.150559901178862e-6,306.48943568702214,616.0410081236176,14.36315674646163,618.9788713740443,0.922105875,1.0,1.0045867847941112
PLD1,2,4.053110057012464e-6,377.80827565200804,758.906907320393,16.20546056600862,761.6165513040161,0.910182825,1.0,1.0017317286640715
PLD2,2,0.00039159166135632945,1804.9283125838208,3638.0179852802175,35.2572039950216,3615.8566251676416,0.7632973,1.0,1.0019402709856988
PLD6,2,0.00014065767480754456,1283.10299304846,2569.2580257856844,30.888414812714466,2572.20598609692,0.844793325,1.0,1.003757893667529
PLEC,3,0.0030613438346295445,5144.595590501861,10294.532579327282,29.815768172166916,10295.191181003722,0.580223475,1.0,1.005584408986512
PLEK2,2,0.0020758386984576333,5469.917021476047,10946.916651433161,26.13122748452479,10945.834042952094,0.580203775,1.0,1.0065336028780525
PLEKHA1,3,0.0009994044724508432,4423.732656371633,8852.71935486669,32.65297765923871,8853.465312743267,0.613433675,1.0,1.0059864480899063
PLEKHA2,2,0.00035802339104018906,924.9860497000975,1853.3164709313778,26.660950659990142,1855.972099400195,0.874809275,1.0,1.0020283798444976
PLEKHA3,2,0.0016456253858921775,5149.503393968832,10303.733656942304,27.593053760621338,10305.006787937664,0.63112265,1.0,1.0028340525343677
PLEKHA4,2,0.0009406814165001892,2249.575775790534,4503.005046057421,37.340643233498255,4505.151551581068,0.785898325,1.0,1.0074399768190307
PLEKHA5,2,0.0017949715850006389,4036.4781311901083,8076.5459551443455,33.65125172173713,8078.956262380217,0.710306275,1.0,1.0056732388982026
PLEKHA6,2,0.00014585552175356808,346.78169806922193,696.7027933995761,15.526477132756957,699.5633961384439,0.918625325,1.0,1.0055667061204956
PLEKHA7,2,1.2822521757422618e-5,126.02526527842039,255.92508340991378,8.651412072498529,258.0505305568408,0.9484918,1.0,1.0035405000417217
PLEKHA8,2,0.0003046590891137773,1502.027379484383,3007.512044426454,32.948560129656386,3010.054758968766,0.822932275,1.0,1.0027507933922972
PLEKHB2,2,0.0011344086675018619,4775.0020151624,9707.515740965957,29.674481919603693,9556.0040303248,0.55841835,1.0,1.0018080566915615
PLEKHD1,2,3.5496086290309473e-6,72.74762231091754,148.51340240885193,6.325355995530495,151.49524462183507,0.96050925,1.0,1.0029537112089193
PLEKHF1,2,0.0002717802492002852,1326.2373272358132,2656.364723553572,31.235792394270867,2658.4746544716263,0.84598225,1.0,1.004266835356408
PLEKHF2,3,0.0007916170257829606,2147.419715861177,4297.719294352204,36.913025037664845,4300.839431722354,0.812008175,1.0,1.0035980071228408
PLEKHG1,2,3.1848283934458247e-6,449.4471507118726,901.7290348622769,17.913279148610773,904.8943014237452,0.909446825,1.0,1.0053745290167109
PLEKHG2,2,3.230013405713147e-5,669.0203084277396,1341.7095205188198,22.22652602933793,1344.0406168554791,0.877265575,1.0,1.0060487638755513
PLEKHG3,2,2.6047144807997943e-5,774.7619362913977,1552.5108616570226,24.118120465613337,1555.5238725827953,0.8824037,1.0,1.0023640850736608
PLEKHG4B,2,1.262663307642918e-9,3.3523710817919473e-6,1.140998368523813,8.090167070593496e-15,6.000006704742163,0.982739725,1.0,1.0028472011828191
PLEKHG4,2,0.00019162546539589428,1187.4886742665806,2380.349727874186,29.72076035731562,2380.977348533161,0.823453575,1.0,1.0018427791572824
PLEKHG6,2,0.00031452187000589074,1159.7813156791235,2322.8472760646296,29.738401768644028,2325.562631358247,0.86139675,1.0,1.0038425657989494
PLEKHH1,2,0.00012195323945613645,922.4977475398617,1853.4701985795155,26.56176137319799,1850.9954950797235,0.848236375,1.0,1.002080768327024
PLEKHH2,2,0.00019546955877527037,1390.3184143307549,2802.5413643861525,31.956994486798187,2786.6368286615098,0.798421175,1.0,1.0057747856972958
PLEKHH3,2,0.0005885195856786138,3175.480621947909,6354.430623053632,37.31346893374217,6356.961243895818,0.739353875,1.0,1.004996517303203
PLEKHJ1,2,0.004106721743074807,6951.37448159146,13908.43745408859,17.532351678348324,13908.74896318292,0.507423825,1.0,1.0069375912288563
PLEKHM2,2,0.00012850005376377556,1335.054188288471,2673.6808738148693,31.472936001583587,2676.108376576942,0.82508595,1.0,1.0041316282628359
PLEKHM3,2,6.95793771611566e-6,97.1360583242938,196.84909681475216,7.453277471840054,200.2721166485876,0.955318575,1.0,1.0092081721725938
PLEKHN1,2,0.0003363917383943543,1583.548528842707,3172.0060111098733,33.638168629946804,3173.097057685414,0.7991918,1.0,1.002061673783644
PLEKHO1,2,0.0005350011347428444,1758.143442874374,3519.7383468456237,34.8842565818438,3522.286885748748,0.81313685,1.0,1.0046977824704848
PLEKHO2,2,0.0006136952868514064,615.9816154309834,1235.1416302545854,21.515074756706262,1237.9632308619668,0.902983225,1.0,1.0018119229723619
PLGRKT,2,0.0007805401519920166,4654.420436146658,9318.912449790125,30.49123547066822,9314.840872293316,0.592476625,1.0,1.0051747551459569
PLIN2,2,0.0005083721422928666,3251.6697554825187,6507.687490802125,37.2639245350339,6509.339510965037,0.708157425,1.0,1.006112448081796
PLIN3,2,0.00392710717311201,9837.876412754356,19692.841773901393,9.918372552536797,19681.752825508713,0.3582041,1.0,1.0077728751919737
PLIN4,2,1.7405799198714817e-6,53.42006403117746,116.7649528018316,5.324507111992171,112.84012806235492,0.96492175,1.0,1.001427013799953
PLK1,2,0.006295711119264435,4055.141266945959,8121.009410743704,43.53603511010739,8116.282533891918,0.67540725,1.0,1.0330678073105248
PLK2,2,0.002299483437355703,3477.429047468329,6960.953160717758,39.260371699264944,6960.858094936658,0.675901775,1.0,1.0029342159234218
PLK3,2,0.0011500007489407263,3411.598238045526,6827.66903622357,37.74035096457699,6829.196476091052,0.71997885,1.0,1.0020932465772798
PLK4,2,0.0001680346905294329,1038.1158262103825,2080.5242747565367,27.833929430021154,2082.231652420765,0.84375065,1.0,1.003682010044147
PLK5,2,3.242953020655876e-7,25.436217863462,54.97960817107029,3.628410999626774,56.872435726924,0.973242625,1.0,1.0032516761859793
PLLP,2,0.00024133464891909498,1579.3236258712561,3161.904325043859,33.67387421331108,3164.6472517425123,0.817301525,1.0,1.003236577925708
PLRG1,2,0.0015489647331101114,4981.027436655661,9967.243724282102,28.36529327508378,9968.054873311323,0.5956663,1.0,1.0031820663494206
PLS1,2,0.00024192823602486185,2574.222344068885,5159.432252904789,38.06796303481335,5154.44468813777,0.71111515,1.0,1.004998187252748
PLSCR1,2,0.0005712048982208387,3197.83429568857,6400.635573088466,37.68108170618957,6401.66859137714,0.6972531,1.0,1.0049780409983122
PLTP,2,6.391640964054066e-5,1093.3172870520111,2194.888005736645,28.83013428772453,2192.6345741040222,0.832542725,1.0,1.0029191121628056
PLXDC1,2,4.107663648983264e-6,377.8084204917948,760.7644799034479,16.20331786294644,761.6168409835896,0.907799625,1.0,1.0017579709334496
PLXNA1,2,5.674661728805583e-5,1000.2328413904371,2003.8748139188747,27.49390629653184,2006.4656827808742,0.848345375,1.0,1.001969451129486
PLXNA2,2,1.026521865080899e-5,114.6470742778579,232.0117486874069,8.194613400606672,235.2941485557158,0.951478625,1.0,1.0044401444129023
PLXNA3,2,1.2895189482016153e-5,794.6513065438087,1617.8083639639942,24.511696175274867,1595.3026130876174,0.8550877,1.0,1.0029841963526098
PLXNB1,2,1.1146115326477017e-5,525.8426130200917,1059.306162712718,19.507970231911912,1057.6852260401834,0.888209225,1.0,1.0052715593392294
PLXNB2,2,0.000361627844663215,2774.047654032093,5555.533271255369,37.95995350537719,5554.095308064186,0.706925225,1.0,1.002351147529512
PLXNC1,2,1.7389009636400856e-6,53.42005957354866,109.2985917271663,5.327650267412664,112.84011914709733,0.96554675,1.0,1.0017578068996127
PLXND1,2,3.827714816630368e-5,749.554662017781,1504.9488345102368,23.813879570827453,1505.109324035562,0.86507735,1.0,1.0048480190877749
PM20D2,2,0.0005593048386629156,2665.3964409024497,5342.261487985423,38.108546921719885,5336.7928818048995,0.701947175,1.0,1.0023231151574472
PMAIP1,2,0.0035319898650351626,6928.6340396135265,13862.891137354929,23.092169056768576,13863.268079227053,0.50475065,1.0,1.001792920412166
PMEL,2,2.711273224234111e-5,602.6172958265812,1443.2794153899818,20.98877907593375,1211.2345916531624,0.87554025,1.0,1.001719823927692
PMEPA1,2,1.282336515368826e-5,126.02167619644479,254.7513779116643,8.652600296797928,258.0433523928896,0.9496137,1.0,1.0027283698453935
PMFBP1,2,5.998674548931023e-6,91.16117094564765,185.53723364227392,7.188016328897606,188.3223418912953,0.9559796,1.0,1.002957840300465
PML,2,0.0002491408826605699,2170.3128236964094,4345.148716548526,36.96312311757127,4346.625647392819,0.773353625,1.0,1.0033065151694045
PMM1,2,0.0009834554578899487,3461.6839017428247,6929.309335020319,37.258961462761285,6929.367803485649,0.67185015,1.0,1.0044490012582468
PMM2,2,0.0002342165371957634,2867.8351535215165,5739.973362060807,37.94666324948692,5741.670307043033,0.73328485,1.0,1.002553570772773
PMP22,2,0.0007552193514263944,4572.251184019971,9149.070797851276,31.407523552457203,9150.502368039943,0.630364625,1.0,1.0032181578297261
PMPCA,2,0.002521640002027929,5383.6692613048945,10772.691823444802,24.93519784891166,10773.338522609789,0.5767938,1.0,1.0077614908997303
PMPCB,2,0.0035700007127003907,7254.653750597033,14514.3944129961,14.72759998146887,14515.307501194065,0.517788475,1.0,1.0085647232924917
PMS1,2,0.0011448754404194707,3335.1275275467815,6675.603008454143,37.17355656858387,6676.255055093563,0.702723125,1.0,1.003526175522123
PMS2,2,9.515826973136861e-5,2667.151210202118,5337.31226082845,37.84425475506369,5340.302420404236,0.776048475,1.0,1.0042700218287588
PMVK,2,0.004170383621790316,6807.741853757218,13625.758937712626,17.258017919612453,13621.483707514437,0.4916636,1.0,1.0113370625207287
PNCK,2,3.203818476588056e-7,25.43620747324055,58.567485661163786,3.617726345082929,56.8724149464811,0.973128875,1.0,1.0025562521065272
PNISR,2,0.009519164847522226,10320.06472886233,20767.157516018662,9.22017503503224,20646.12945772466,0.346071275,1.0,1.008488419811055
PNKD,2,0.00382211270632615,8259.324523787842,16524.117065991835,13.288599762352797,16524.649047575684,0.429732125,1.0,1.0164585555147214
PNLDC1,2,5.681246283670802e-7,32.764212413569936,67.86380235284808,4.114408550396849,71.52842482713987,0.97131485,1.0,1.0048561917445185
PNMA1,2,0.0004213053228928208,2333.7754474337803,4671.973178326364,37.46422327634921,4673.550894867561,0.755782875,1.0,1.0077102577932242
PNMA2,2,9.096977307820674e-6,108.87615703736878,220.67009697707383,7.955220265756937,223.75231407473757,0.952327,1.0,1.0029711192320063
PNMA3,2,2.874370461764483e-6,66.42110285426759,135.3570560694049,6.011662873143816,138.84220570853518,0.962201775,1.0,1.002116143956112
PNN,2,0.005387472540832129,8790.954370673098,17587.86807565925,12.64485119510635,17587.908741346197,0.4192065392044237,1.0,1.0049851086229953
PNO1,2,0.001301937632926813,4278.351950405824,8561.410656099248,34.55893284862219,8562.703900811648,0.625709575,1.0,1.0079760305369825
PNPLA4,2,0.001910482445696665,5617.799580091599,11273.851572062058,23.78117153744634,11241.599160183197,0.52678595,1.0,1.0083804093167237
PNPLA5,2,5.409719989121403e-5,230.6302895731667,464.2929556068496,12.266779984478656,467.2605791463334,0.93186565,1.0,1.0080712399094225
PNPLA7,2,3.6404052436450566e-5,195.56553203260407,401.53274608654965,11.148133932235703,397.13106406520814,0.9348094,1.0,1.002713283227849
PNPLA8,2,0.0007023346967598491,3158.311916685645,6321.997200236078,37.8468379663095,6322.62383337129,0.708326375,1.0,1.0046080674550806
PNPO,3,0.0006224507888649542,3438.959326282512,6886.918435996211,36.666976505159475,6883.918652565024,0.672465425,1.0,1.005781978853064
PNPT1,2,0.0008265261701568358,2320.333127966763,4646.278304218309,37.4004797859458,4646.666255933526,0.746237075,1.0,1.0058917642984415
PNP,2,0.0005080363882767878,3234.506545207141,6473.52830661795,37.37037340237012,6475.013090414282,0.704665075,1.0,1.0026151168527877
PNRC1,2,0.00398039241904614,9294.496323237812,18595.113840787937,10.31750866244884,18594.992646475624,0.4552485,1.0,1.0017574809956398
PNRC2,2,7.238767816081378e-5,1230.677849572513,2464.2836153248827,30.42699395178631,2467.355699145026,0.86098155,1.0,1.003086463130199
POC1A,2,0.001985505398448065,2363.0318994810655,4733.792810709786,38.00704928217994,4732.063798962131,0.7439372,1.0,1.0019375984771883
POC1B,2,0.00023792821937829346,1236.5279492372965,2478.1642437829914,30.259128614479863,2479.055898474593,0.8204168,1.0,1.0026630070562812
POC5,2,0.00029946294415181897,1987.6953649501834,3980.4826660815224,36.18458466606721,3981.3907299003668,0.771281975,1.0,1.0057490502996154
PODNL1,2,7.526448344252525e-5,264.4404656589934,532.2000731908677,13.277012670661907,534.8809313179868,0.925709775,1.0,1.002671446990372
PODXL2,2,1.1504033960222355e-5,120.3655566183043,243.43375933566938,8.426764755744045,246.7311132366086,0.950499225,1.0,1.0024685397353894
PODXL,2,0.00013546045078096104,1065.6408338176043,2135.906592668961,28.24162382562489,2137.2816676352086,0.835937325,1.0,1.0039206084406034
POF1B,2,1.2783902282586792e-6,46.71352888810069,96.50221910094892,4.950611561775895,99.42705777620138,0.967098425,1.0,1.0022926058331652
POFUT1,2,0.00010336436952796646,1227.1200719399087,2457.98001282294,30.43022073731467,2460.2401438798174,0.836372825,1.0,1.0058378644583155
POFUT2,2,0.00010320033559860425,1110.3708387204263,2224.064605898061,28.877756267305188,2226.7416774408525,0.8459436,1.0,1.003135806500503
POGK,2,0.0007278805530605554,2081.6539619338655,4166.189769545518,36.652505740832595,4169.307923867731,0.813488025,1.0,1.0035585714700075
POGLUT1,2,0.00035549490170249846,1466.244051234592,2937.918469341104,32.58252780410956,2938.488102469184,0.8029248,1.0,1.001956526860853
POGZ,2,0.0007115130733179045,3175.1648211998126,6354.61883042537,37.697712314142635,6356.329642399625,0.719843375,1.0,1.0058671948384987
POLA1,2,3.151410495069947e-5,920.6695371227179,1862.4387777781185,26.41251795148377,1847.3390742454358,0.842685225,1.0,1.0012163002875711
POLA2,2,6.038191712076019e-5,778.3321422958265,1560.5738145443079,24.07023348541864,1562.664284591653,0.86567235,1.0,1.0070397641415878
POLB,2,8.749842963505076e-5,2302.518192221719,4608.871189183704,37.3552269498665,4611.036384443438,0.762891675,1.0,1.0028270685794456
POLD1,2,0.0005130718883137476,1607.5531562636647,3226.0164308003937,33.74425041916542,3221.1063125273295,0.782478225,1.0,1.003631635628651
POLD3,2,0.0010828746695738492,1435.2907613453008,2875.6117031793706,32.07371378381369,2876.5815226906016,0.810549125,1.0,1.0072143684384303
POLD4,2,0.00383315800333297,8049.718199001843,16104.546274912918,15.08584778244147,16105.436398003685,0.4548779,1.0,1.005261437594617
POLDIP2,2,0.0041243215156501,5988.316674223173,11990.536363739753,21.797660958657424,11982.633348446347,0.56239895,1.0,1.0064271061609555
POLDIP3,2,0.0005492319313005236,3348.5372872794087,6701.864161910492,37.0265262575054,6703.074574558817,0.70814245,1.0,1.005326767940175
POLE2,2,0.00023200703301112636,1146.660148658362,2298.0013317018584,29.1858547951481,2299.320297316724,0.8302289,1.0,1.0043231189186914
POLE3,2,0.004005490327535289,5777.906736509313,11561.91593177396,29.05998021448627,11561.813473018627,0.552564025,1.0,1.004426409084368
POLG2,3,0.0008543791731537093,2231.1685667547836,4467.512035891915,37.21015535133458,4468.337133509567,0.767142625,1.0,1.0076168983936733
POLG,2,0.00022856794470244235,1596.8256861984564,3197.306785051911,33.90927711440694,3199.651372396913,0.8201542,1.0,1.0031082262981317
POLH,2,7.0775383105541695e-6,679.2462508020513,1361.615916725249,22.55267364970191,1364.4925016041027,0.884165675,1.0,1.0020811284894544
POLI,2,0.0007618417610656457,2092.301141813363,4187.692854099327,36.687828439824486,4190.602283626726,0.796046025,1.0,1.003196607871598
POLK,2,0.0007338977446570232,2032.918320080728,4068.869475148625,36.42797741681515,4071.836640161456,0.801860975,1.0,1.0030808877450887
POLL,3,0.0006373901295189792,3307.620310556206,6618.658427024549,36.95227951075636,6621.240621112412,0.72743385,1.0,1.0026298494694474
POLM,2,0.00022649221923009985,1635.5282760185364,3274.1042138505904,34.155556129036654,3277.056552037073,0.83199015,1.0,1.0087808529896567
POLN,2,1.2222994168037349e-5,478.03202082061773,959.4976058951991,18.475128962867185,962.0640416412355,0.89767005,1.0,1.0044959041912889
POLQ,2,1.4509321288977512e-5,411.7353426189934,827.898108106903,16.951337190041635,829.4706852379868,0.90374835,1.0,1.003553997083521
POLR1A,2,9.050208828138259e-5,1186.0302986736936,2375.190016159246,29.8451315856271,2378.060597347387,0.84105925,1.0,1.0041784382986394
POLR1B,2,0.00028358609751576695,1473.244964889051,2949.8768564905467,32.69643422284643,2952.489929778102,0.8284988,1.0,1.0080550627626699
POLR1C,2,0.0005961390314396096,4669.603812165863,9343.492543696113,30.44028528579654,9345.207624331726,0.660103175,1.0,1.0059145494893729
POLR1D,2,0.013344697589323324,12419.121770594844,24844.18678882597,6.4463929317139,24844.243541189688,0.302026625,1.0,1.0022616477455712
POLR1E,2,0.0019396006295494545,3519.3598286208257,7043.402429406317,37.20621102210856,7044.7196572416515,0.671711575,1.0,1.0018393985909153
POLR2A,2,0.0013617491113323554,5997.4095972728655,12000.926525613431,24.6560434712072,12000.819194545731,0.56292475,1.0,1.0090580102190085
POLR2B,2,0.0009389940370405827,5185.271661334345,10377.389791809848,26.911560493108965,10376.54332266869,0.5910447,1.0,1.001669443866982
POLR2C,2,0.0046687633090296285,7175.501888268712,14390.166678625852,15.887982445865468,14357.003776537424,0.456674,1.0,1.0034084810439994
POLR2D,2,0.0003760464390627581,2844.768814485806,5694.211137835888,38.20592850109858,5695.537628971612,0.721224175,1.0,1.0012222441804457
POLR2F,2,0.007380592051646547,10884.22394309624,21893.934092447325,8.41566961495863,21774.44788619248,0.3360635,1.0,1.0043300996682472
POLR2H,2,0.0035196080408814254,10401.220034998403,20807.64138827459,8.945927867444487,20808.440069996806,0.366317275,1.0,1.009254595962963
POLR2I,2,0.007088876523903084,10829.280700408186,21666.06035515522,8.165304346003401,21664.561400816372,0.377776225,1.0,1.0023750931650413
POLR2K,3,0.00928821406152081,9417.339619329381,18842.393320175135,10.902987254502575,18840.679238658762,0.404649,1.0,1.0033504651809653
POLR2M,2,0.0001347063517359265,2559.2249045931453,5122.514380824488,37.84399857738116,5124.449809186291,0.758253875,1.0,1.0035793942212128
POLR3A,2,8.909708188166996e-5,2153.111096814731,4310.7386572135865,36.919353840356536,4312.222193629462,0.76378045,1.0,1.001713746163794
POLR3B,2,4.2171021438059e-5,971.7640877362691,1946.515172710864,27.130845339157812,1949.5281754725381,0.8632186,1.0,1.0032247880258307
POLR3C,2,0.0005122363453150293,1425.0308234687807,2853.577776124408,32.56537783480866,2856.0616469375614,0.838427025,1.0,1.0048755079548561
POLR3D,2,0.00029229073118098296,4161.287121807434,8326.854866576816,34.244161952504264,8328.574243614868,0.672616925,1.0,1.0031766682526657
POLR3E,2,0.0003211353853218086,2381.005531572822,4765.7882534246355,37.54047378991865,4768.011063145644,0.7658681,1.0,1.0055378268736732
POLR3F,2,0.0003996740419817709,1763.619807937811,3530.594579487368,35.13072104080782,3533.239615875622,0.8227561,1.0,1.0022831015123526
POLR3G,2,0.0019204884568225402,3866.5265077572503,7776.941081910452,35.836877454654925,7739.053015514501,0.621091575,1.0,1.0041423340306757
POLR3H,2,0.0012377249640220956,5320.896394676232,10647.046503295383,26.294923688240857,10647.792789352465,0.6199629,1.0,1.0147077456873193
POLR3K,2,0.0025518526995723825,5662.4493795370745,11329.805634212335,27.69470699677744,11330.898759074149,0.55207065,1.0,1.0039801800698485
POLRMT,2,0.0004057939305473246,3035.4999699746254,6076.32639239796,37.91060695966464,6076.999939949251,0.707811675,1.0,1.002889475960934
POM121C,2,0.00011144545932843599,2348.796824636801,4701.861080281871,37.522299701881565,4703.593649273602,0.763942625,1.0,1.0041234747395194
POM121,2,0.00022455452747972387,2764.618004993226,5532.672245259626,37.88016271133732,5535.236009986452,0.756016325,1.0,1.003706900841158
POMGNT1,2,0.00046687260929184,4460.534416399009,9002.267745421317,31.530976369242683,8927.068832798019,0.57828075,1.0,1.0032053915678083
POMGNT2,2,0.00027910495566764833,2682.129503456841,5368.076063971701,37.89296913269656,5370.259006913682,0.746156325,1.0,1.0088693556095056
POMK,2,8.196096175778015e-5,273.8950134825134,550.8151557264684,13.549914537613304,553.7900269650268,0.927896725,1.0,1.004025223901819
POMP,2,0.015229212232859293,14764.154093441119,29533.322881324115,4.085633886208663,29534.308186882237,0.25895178342493,1.0,1.0137601894500754
POMT1,2,5.45156035850272e-5,1021.771887403013,2049.686577891334,27.798176972797638,2049.543774806026,0.83827245,1.0,1.0023912327223976
POMT2,2,8.605154582103044e-5,937.6379592182045,1882.5354238149291,26.524154598592038,1881.275918436409,0.84324385,1.0,1.0010187983670784
POMZP3,2,0.00011662489005586805,1282.7004777994255,2568.760395332817,30.920035216350907,2571.400955598851,0.8329097,1.0,1.002905263643535
PON3,2,0.00017916844916006605,1000.8596420508627,2008.836793467628,27.299828826885854,2007.7192841017254,0.83793685,1.0,1.0026875996641174
POP1,3,0.0012758460373447167,3774.923828301131,7554.978712496914,35.64524268734037,7555.847656602262,0.67817555,1.0,1.0050142458695757
POP4,2,0.0006075864902566634,4914.187649681463,9834.128841888267,28.93066086743452,9834.375299362926,0.613885675,1.0,1.0028098370685092
POP5,2,0.0024427283997596563,6380.921063482193,12769.388699797824,22.498555171149533,12767.842126964386,0.5331063,1.0,1.0138559305388535
POP7,2,0.005146019213071292,8155.266437963829,16315.590944943295,15.250081800835446,16316.532875927658,0.46594215,1.0,1.0039146170256412
POPDC2,2,3.224740120086601e-7,25.436213027936898,53.219340332797685,3.638130459973324,56.872426055873795,0.9734291,1.0,1.0028900752832641
POPDC3,2,0.00040109784906256494,2670.9833359365043,5346.304249872218,37.91914294430803,5347.966671873009,0.7357331,1.0,1.0059317521448032
POR,2,0.0005343139634060134,4187.417527577861,8380.889852726248,34.37277619675706,8380.835055155721,0.6230896,1.0,1.004395588045629
POT1,2,0.0001910137980775323,1295.1147353772246,2594.683032000991,30.96528444914093,2596.2294707544493,0.818591675,1.0,1.0045198898197119
POU2F1,2,0.0007721499279349897,1788.5947866727442,3581.489099510348,35.04402915160766,3583.1895733454885,0.7990939,1.0,1.002849498343358
POU2F2,2,3.2815009619190924e-6,441.194486212638,885.3904829583954,17.72285100679941,888.388972425276,0.904182825,1.0,1.0025608726359199
POU2F3,2,8.199196148658235e-5,273.8859732791227,551.0404798643008,13.549577784994343,553.7719465582454,0.9245431,1.0,1.0020989253686376
POU5F1B,3,1.0263401150114257e-5,114.6502815298476,231.91994452177315,8.194689030003367,235.3005630596952,0.951753475,1.0,1.004240965848181
POU6F1,2,4.108660247811714e-5,205.7335446806131,414.5472406045083,11.481712003958647,417.4670893612262,0.935026675,1.0,1.002659256699174
PPAP2A,2,0.0006451579104956727,2048.3533115035793,4099.959160046576,36.62601714588363,4102.706623007159,0.8117376,1.0,1.003603722000756
PPAP2B,2,2.3275912990639802e-5,579.2614921917369,1161.660649535103,20.702050151643302,1164.5229843834738,0.896470325,1.0,1.0036425900473824
PPAP2C,2,0.006230569023605057,9995.225926964975,20022.10511521484,9.616999882504654,19996.45185392995,0.35302425,1.0,1.0070936358114255
PPAPDC1B,2,0.0016175485873896936,5266.957199068643,10542.227431086401,26.964765176442477,10539.914398137285,0.5909541,1.0,1.006721540065056
PPAPDC2,2,0.0006377724874547012,882.5734267071703,1768.3511036849607,26.073229370367994,1771.1468534143405,0.888547975,1.0,1.0040749500868908
PPAPDC3,2,1.5663134291993584e-5,137.18932355446321,277.11931621375845,9.085496257093672,280.37864710892643,0.94743345,1.0,1.0030411804255575
PPARA,2,0.0003777360272057705,1568.954202282311,3141.6021406577493,33.49549541575023,3143.908404564622,0.81212655,1.0,1.0025010936819887
PPARD,2,7.723165110887352e-5,991.2803913094178,1986.047724485543,27.319244202011177,1988.5607826188357,0.851236625,1.0,1.001393257527448
PPARGC1B,2,2.88161676510243e-6,521.5673974144808,1046.0925155728812,19.506338405569107,1049.1347948289615,0.903718475,1.0,1.0082713727088748
PPARG,2,0.0013437393373797058,1897.5459933913821,3801.0047295802706,35.67737792772321,3801.0919867827643,0.7709228,1.0,1.003363983559187
PPAT,2,0.0015705277859084828,3812.5497779417406,7631.065772382763,36.0163711138889,7631.099555883481,0.66728595,1.0,1.0085463336158593
PPCDC,2,0.00021294794550512022,2438.219374003466,4881.0307455727725,37.72775397759591,4882.438748006932,0.75852675,1.0,1.0033494856675818
PPCS,2,0.004472237344174999,8183.891634072158,16372.49459812103,12.596261645305136,16373.783268144316,0.47949975,1.0,1.0079157718081626
PPFIA1,2,0.0013692730883354,4101.497940256137,8207.380976036715,34.699116352226106,8208.995880512273,0.651098775,1.0,1.0049940445778638
PPFIA3,2,0.00039847943754933913,2535.6541696949466,5076.181117972556,37.908135504579505,5077.308339389893,0.743399525,1.0,1.001613276111957
PPFIA4,2,7.993056414023372e-6,103.03946884331533,211.13058333441242,7.70740144859883,212.07893768663067,0.95312125,1.0,1.0010951303403484
PPFIBP1,2,0.002773923449328833,5179.563381007985,10363.786060511758,27.53099111726282,10365.12676201597,0.588499075,1.0,1.005571572341862
PPFIBP2,2,0.00018469258335977281,381.6490335283536,766.4950678956579,16.40584477212749,769.2980670567072,0.9149716,1.0,1.0025428994274577
PPHLN1,2,0.0013071791015004375,5381.13734337804,10768.439128807617,25.268761379778674,10768.27468675608,0.59412875,1.0,1.002261508136744
PPIC,2,0.0022285098398481776,5958.4368049231425,12028.226521966957,22.788450894269836,11922.873609846285,0.504023425,1.0,1.0084335304692364
PPID,2,0.0026431834693466574,5002.422974531817,10011.294666863461,30.134864264067243,10010.845949063634,0.575391075,1.0,1.0035992497360882
PPIE,2,0.0027926223974539047,6848.914373469732,13704.754069108778,17.364915866421583,13703.828746939464,0.51213525,1.0,1.0170105960832239
PPIF,2,0.00233708043424329,4653.538911319165,9312.533870914513,34.3450013430082,9313.07782263833,0.61452565,1.0,1.0071638331098638
PPIG,2,0.004705391572932408,8722.788533278233,17451.162009201536,12.305188373526626,17451.577066556467,0.415504425,1.0,1.0027094082641546
PPIL1,2,0.0015379889123919223,3949.52276374806,7907.22412194079,36.61692099494602,7905.04552749612,0.63016,1.0,1.0085786727545636
PPIL2,2,0.001227371266655211,2088.8044761469396,4181.816759139784,36.887600350429096,4183.608952293879,0.79504465,1.0,1.002518889253884
PPIL3,2,0.0012615489706132414,5298.719941844058,10603.709292323896,26.74112327444987,10603.439883688116,0.597749725,1.0,1.0064275453418068
PPIL4,2,0.0021690197512073722,5724.339673964815,11455.072323499051,23.518264340416458,11454.67934792963,0.61127585,1.0,1.0039798695348947
PPIL6,2,8.241188428822861e-5,950.3816300001043,1904.302445505584,26.721108435848045,1906.7632600002087,0.859813025,1.0,1.0034369142680404
PPIP5K1,2,0.00010789904295153151,777.9313375808207,1562.3556155167773,23.966164036343383,1561.8626751616414,0.860324825,1.0,1.0076077363088485
PPIP5K2,2,0.00034459388012436794,2867.2756241759935,5747.436984153167,38.15602940490604,5740.551248351987,0.689621575,1.0,1.002890050596623
PPL,2,0.0010099363580112087,1799.0445185373665,3605.3565968890334,35.07017233677324,3604.089037074733,0.770391525,1.0,1.004348736142064
PPM1A,2,0.00036734849954708076,2986.6779957246313,5977.61769686177,37.82167052913232,5979.355991449263,0.725833875,1.0,1.0058889991942557
PPM1B,2,0.00029676951103865557,2724.9501338408027,5454.911707900146,38.09046870786879,5455.900267681605,0.72844095,1.0,1.0033321454452058
PPM1D,3,0.00020935496276396957,2481.6412106204616,4967.561586969238,37.80327846501181,4969.282421240923,0.756607975,1.0,1.0033000045611176
PPM1F,2,0.0001255745363371755,985.302826159547,1976.8916225146565,27.14785351067878,1976.605652319094,0.839897325,1.0,1.0026785029362681
PPM1G,2,0.0077933160152471315,9353.083955959028,18710.978875157853,11.028561821101611,18712.167911918055,0.40613185,1.0,1.0021955262140605
PPM1H,2,2.7952434832721993e-5,465.3383433272589,934.7400981058895,18.12621655563817,936.6766866545178,0.898524925,1.0,1.0028170070205302
PPM1J,2,0.00029680239544863356,1699.953914856437,3408.862670558823,34.67723094519968,3405.907829712874,0.7866161,1.0,1.0045049216099806
PPM1K,2,0.0007532178177935416,1633.3082215458842,3271.2879340603986,33.91277111048995,3272.6164430917684,0.8014463,1.0,1.0015488007998559
PPM1L,2,2.5100956837978882e-5,791.8159765898948,1586.8577995187907,24.407805589387305,1589.6319531797897,0.86987945,1.0,1.0038501670684925
PPM1M,2,0.00025088761875610683,1295.674638517131,2596.403098817223,30.91602372613386,2597.349277034262,0.81509895,1.0,1.0019335249562709
PPME1,2,0.0009347194275483347,4407.311117232467,8820.430516293789,32.591345237134156,8820.622234464934,0.61212825,1.0,1.00619384487108
PPOX,2,0.0005831530874712692,2642.347386827678,5290.930102591805,37.98320551327774,5290.694773655356,0.721435025,1.0,1.0035221765897768
PPP1CB,2,0.0024675398193204027,5769.524153718329,11545.231301934617,25.775339725350328,11545.048307436658,0.539269925,1.0,1.0035366750364043
PPP1CC,2,0.004856614655660413,9751.06404205408,19507.19909289591,9.928549637389146,19508.12808410816,0.369987325,1.0,1.0060934691992511
PPP1R12A,2,0.002474585665718511,5749.319730886807,11501.949815225635,21.574831156013484,11504.639461773613,0.632908625,1.0,1.004646068573074
PPP1R12B,2,2.0039054282301824e-5,891.1229010369843,1786.0708214964657,26.01970586588674,1788.2458020739687,0.858882075,1.0,1.004132191880925
PPP1R12C,2,0.0009348789248916703,1933.8679044599633,3874.4198605651404,35.88084632976304,3873.7358089199265,0.76499505,1.0,1.001017404718625
PPP1R13B,2,2.2323183245003586e-5,842.0930115719372,1687.6768692725543,25.239151620525416,1690.1860231438743,0.861948525,1.0,1.0070914496955587
PPP1R13L,2,0.0007096814994260695,2563.7287239872585,5131.76272186471,37.82869709531285,5133.457447974517,0.744208525,1.0,1.0042980844674145
PPP1R14C,2,0.0006158867335175843,2270.2038399403496,4548.1733593455265,37.38572860862299,4546.407679880699,0.7400636,1.0,1.0037253813204328
PPP1R14D,2,3.218665289623164e-7,25.436211415069412,54.67106507301284,3.6266534462661175,56.872422830138824,0.973378875,1.0,1.0029279513606744
PPP1R15A,2,0.000757296168681871,5771.561242082492,11548.074691713735,24.547074690305127,11549.122484164984,0.62258315,1.0,1.0136937590452755
PPP1R15B,2,0.001114413846247009,2043.1418832428226,4090.258442959532,36.42807110724583,4092.283766485645,0.8028145,1.0,1.0025247538816442
PPP1R16A,3,0.002359680367844112,3962.8021822694445,7935.579862363807,35.45864004560918,7931.604364538889,0.631544175,1.0,1.0050355796392543
PPP1R1A,2,0.00046978700979325284,1369.0063804786587,2742.4266388174274,32.02628009119591,2744.0127609573174,0.826956,1.0,1.001970538073082
PPP1R1B,2,4.612029524090623e-5,215.75746988284502,434.49961211325643,11.803107293626077,437.51493976569003,0.934648525,1.0,1.0044972872563902
PPP1R1C,2,0.002533666885885343,4217.998270661556,8441.013243038547,33.87500534711601,8441.996541323111,0.632769075,1.0,1.0037049694143914
PPP1R21,2,0.0006213981740266605,2026.2954435895035,4057.4436529387635,36.530434853069515,4058.590887179007,0.7841706,1.0,1.0072260670871684
PPP1R26-AS1,2,2.668963578515283e-6,493.93019164498793,990.8571216018953,18.909212473163777,993.8603832899759,0.90014265,1.0,1.0022831749757959
PPP1R26,2,0.00015200815905246198,692.820069359775,1389.1002086229823,22.878251827478348,1391.64013871955,0.88413445,1.0,1.0013715976855693
PPP1R27,3,3.197974957923163e-5,185.2844924007239,373.22888461829734,10.807157921396753,376.5689848014478,0.943354875,1.0,1.002692511607476
PPP1R2,2,0.002025117519314295,5558.807962803284,11123.077366242731,24.351685729565503,11123.615925606568,0.599874775,1.0,1.006972146512334
PPP1R32,2,2.1007113528127844e-5,575.4757932134005,1175.6530727745414,20.619888590669014,1156.951586426801,0.880482375,1.0,1.0048810827753099
PPP1R35,2,0.003851965195999001,6624.7892842850215,13254.48447342791,20.424573844141932,13255.578568570043,0.535735525,1.0,1.0083715452484867
PPP1R36,2,9.09024942957205e-6,108.87613917485203,220.48587997856077,7.955370046223314,223.75227834970406,0.95256525,1.0,1.0049199263856243
PPP1R37,2,0.0007488980645735795,2090.7180223277646,4184.689299337721,36.816810628398215,4187.436044655529,0.81012735,1.0,1.007396140182208
PPP1R3B,2,1.649223712605124e-5,701.1723153184053,1405.2369646400703,22.88336503078326,1408.3446306368105,0.89363825,1.0,1.006768833118689
PPP1R3D,2,3.2997390579614125e-6,525.4766031867487,1053.8396788223108,19.589472888689315,1056.9532063734973,0.909837475,1.0,1.0051212699541572
PPP1R3E,2,2.8214038406565286e-5,955.4970164710293,1914.0324607055313,26.943689586689572,1916.9940329420585,0.867453825,1.0,1.0069701569127605
PPP1R3F,2,3.8703518788025856e-5,200.6677076253567,404.33822982548185,11.317076178238805,407.3354152507134,0.936256,1.0,1.0030684478284642
PPP1R7,2,0.0021301752138272218,5542.909753404913,11093.339849152959,24.91083763750582,11091.819506809827,0.560348,1.0,1.005849673794611
PPP1R8,2,0.0011831391906937556,4751.608823781486,9507.884270290093,29.628644508790945,9509.217647562971,0.6417217,1.0,1.005623921507548
PPP1R9A,2,0.0008657348030805214,2125.5195036729688,4254.132954553583,36.808064981075496,4257.0390073459375,0.79626905,1.0,1.0026871766939829
PPP1R9B,3,0.0008915668745650893,2031.948829894195,4068.1172774349984,36.39044837960747,4069.89765978839,0.770882475,1.0,1.0046546641826308
PPP2CA,2,0.0032165774801849608,6512.90000669489,13030.466550605563,18.75924892384505,13031.80001338978,0.532045575,1.0,1.0087357629743434
PPP2CB,2,0.0015508138886804405,3944.9541260947826,7894.957337545349,34.6337840754096,7895.908252189565,0.67070855,1.0,1.0026906465723004
PPP2R1B,2,0.00024862462020343263,1396.4871436982933,2796.6229569499187,31.979786723273378,2798.9742873965865,0.820854375,1.0,1.0022623691652204
PPP2R2A,2,0.0021489198543197595,6243.935483223318,12492.928165914216,20.909689525167263,12493.870966446637,0.554127025,1.0,1.0043385542008476
PPP2R2C,2,0.00013870086485833256,1181.213662987918,2367.343510914986,29.707976276734108,2368.427325975836,0.82541885,1.0,1.0017357459683982
PPP2R2D,1,0.0008269675214330807,2023.578515592507,4050.791544673563,36.35651187521784,4053.157031185014,0.8124694,1.0,1.003367927417897
PPP2R3A,2,9.53698523289999e-5,1016.3356615373409,2036.1480499489944,27.636880582544386,2038.6713230746818,0.85154005,1.0,1.002665227154878
PPP2R3C,2,0.0006594294895078285,3281.200829625298,6568.305365899333,37.61903798544951,6568.401659250596,0.6851514,1.0,1.0039699651219676
PPP2R4,2,0.005532856885752276,5254.859007140294,10517.549380477973,27.037369883383093,10515.718014280588,0.555113425,1.0,1.0029617872543406
PPP2R5A,2,0.0014967915217961036,4001.1537462980473,8006.701695588022,33.91789484477717,8008.307492596095,0.679507175,1.0,1.0031005573714187
PPP2R5B,2,9.398849385906704e-5,1025.5777447081105,2054.7585792559553,27.76672146368175,2057.155489416221,0.84787235,1.0,1.0024573124156813
PPP2R5C,2,0.0012763037284827976,4549.341851784814,9103.50455790529,32.47335391660095,9104.683703569628,0.6091508,1.0,1.0035513059206809
PPP2R5D,2,0.0005763433571251582,2292.721782063536,4591.014436352657,37.37767947337817,4591.443564127072,0.73799945,1.0,1.0054914786002798
PPP2R5E,2,0.0013425831566183945,4417.718477781343,8840.04650157477,33.85629261482221,8841.436955562685,0.626825975,1.0,1.0085060631297673
PPP3CA,2,0.002808056613858204,8876.330632599651,17758.26367644424,11.802992624156612,17758.661265199302,0.4332882,1.0,1.0052047134874726
PPP3CB,2,0.0007463793803937896,2721.681811049752,5449.054866770573,38.195305094686624,5449.363622099504,0.705865025,1.0,1.0021733044862489
PPP3CC,2,0.0005073004981155459,1610.2788724247882,3224.645118032063,33.79066784519796,3226.5577448495765,0.80922205,1.0,1.001421510236134
PPP3R1,2,0.00013354058807203096,2351.833825779994,4707.615483293596,37.484712125383226,4709.667651559988,0.7719953,1.0,1.0020627453900568
PPP4C,2,0.004570590634082834,9584.707181886391,19176.30742960844,10.019734612596297,19175.414363772783,0.419613875,1.0,1.009164207793435
PPP4R2,2,0.003367374007079451,6857.168518665229,13718.79937176916,16.914407987467413,13720.337037330459,0.5487481,1.0,1.0180870813523493
PPP4R4,2,0.00010765959201158359,306.350773822507,616.345048815897,14.454879792471212,618.701547645014,0.919110675,1.0,1.0033355775593933
PPP5C,2,0.001178653600931474,3896.432274109703,7818.958411756276,34.56669872842977,7798.864548219406,0.62385305,1.0,1.0069361928744975
PPP5D1,2,6.424658720122839e-5,931.0169432734606,1865.445570364593,26.47402692503288,1868.0338865469212,0.855843075,1.0,1.0037731301432826
PPP6C,2,0.000686506779366062,3389.7982259450437,6784.514917188522,37.08020781615075,6785.596451890087,0.6959739,1.0,1.0082809836683528
PPP6R1,2,0.00043213097220486167,536.4553403256185,1076.684213209983,19.913893554064188,1078.910680651237,0.89420575,1.0,1.0020544770961997
PPP6R3,2,0.00010578915638245286,1331.5748033169223,2666.5358307118745,31.470614516829368,2669.1496066338445,0.8313278,1.0,1.003855484235456
PPRC1,3,0.00012886394748019413,2332.477544907198,4669.263820309513,37.47762872175671,4670.955089814396,0.7699036,1.0,1.0032924331977509
PPTC7,2,0.00035817589467429024,1370.387504593332,2745.3160377898594,31.643464887527422,2746.775009186664,0.8160799,1.0,1.0020064491997427
PPWD1,2,0.0007813749559666148,1937.4280609233283,3878.54955690162,35.93344696027207,3880.8561218466566,0.79516265,1.0,1.0022622344730152
PQBP1,2,0.0012829364986319599,6173.446097285209,12351.36549853539,21.328910502855813,12352.892194570419,0.543413375,1.0,1.004684174516722
PQLC1,2,0.001489489983338779,3848.3692951369007,7703.631173810252,35.45580229136284,7702.7385902738015,0.646989975,1.0,1.0074355617601363
PQLC2,2,0.00020584773388913766,1125.9121482723347,2255.8990742430883,28.951116081400357,2257.8242965446693,0.840773825,1.0,1.0047476740997463
PRADC1,2,0.00021403743016748986,2480.642920054481,4969.515069265856,37.828936324174016,4967.285840108962,0.721906825,1.0,1.0043933451124811
PRAME,2,0.00045483713572650115,3236.139908497801,6476.9400170667595,37.38293046431872,6478.279816995602,0.704433525,1.0,1.0032642385480903
PRB3,2,2.2202774934452984e-5,158.96178680039762,320.68854746382135,9.891015877213146,323.92357360079524,0.943758525,1.0,1.0041729953930891
PRC1-AS1,2,1.2782637841333308e-6,46.71352855239154,96.15950740482867,4.952325901952139,99.42705710478307,0.967044275,1.0,1.0031256445980024
PRC1,2,0.008574757127449074,5124.3387788476,10258.60913741706,43.83344539204207,10254.6775576952,0.6450513,1.0,1.0074240914134784
PRCC,2,0.0009212935470589954,4846.378298913758,9696.85434169562,28.469188655987267,9698.756597827516,0.663441675,1.0,1.0037558849481873
PRDM10,2,8.894581029946805e-5,283.2662092989813,569.7247592803369,13.815717298790664,572.5324185979626,0.92420405,1.0,1.004273524099816
PRDM11,2,0.00018469186497313523,381.64903162103707,766.5001644342691,16.406286806256027,769.2980632420741,0.9175395,1.0,1.0018276262372292
PRDM12,2,8.196097814338048e-5,273.8950135260171,550.793773140223,13.550026681695382,553.7900270520342,0.929192375,1.0,1.0069051372839515
PRDM15,2,1.617892529702348e-5,372.9617759883483,749.6425889420328,16.010171181539675,751.9235519766966,0.910133975,1.0,1.005043239755644
PRDM16,2,2.145381089602985e-5,583.7054658475181,1170.7432214326993,20.638277972388103,1173.4109316950362,0.88854605,1.0,1.0020309230065694
PRDM1,2,1.878917920512216e-5,148.16261818067144,298.9917581297113,9.497945797698957,302.3252363613429,0.94881175,1.0,1.0034855818737554
PRDM2,2,0.0005090697173796362,1736.641448063478,3476.6198420398987,34.74221057577665,3479.282896126956,0.829455775,1.0,1.0036222187047739
PRDM4,2,0.0005826360029548355,2540.714054807512,5085.890247223329,37.98904721574469,5087.428109615024,0.743529875,1.0,1.0046718395508685
PRDM5,2,4.246932183149643e-6,364.7518371464906,732.7198747196894,15.879012139771836,735.5036742929811,0.9115344,1.0,1.0073533845680358
PRDM6,2,1.0265105691181107e-5,114.64707397800656,231.9732767997389,8.194621341517303,235.29414795601312,0.951629875,1.0,1.0021322972614892
PRDM8,2,1.8790132370671066e-5,148.16262071132596,299.2007126696458,9.496899960888156,302.3252414226519,0.944938575,1.0,1.0062811460825114
PREB,2,0.0021343685166024065,4028.198703968554,8061.492889291932,34.62704778688056,8062.397407937108,0.66590645,1.0,1.005357626047808
PRELID1,2,0.013784293087817425,13289.166752171188,26629.984143200494,5.613376432875002,26584.333504342376,0.308403,1.0,1.0132974581546488
PRELID2,2,0.0002542672508984457,2498.1509832569686,5001.533621388761,38.018058329484504,5002.301966513937,0.7331293,1.0,1.0037843152873351
PREPL,2,0.00018661344223162908,2520.015822373518,5045.986756495727,37.855227161608575,5046.031644747036,0.72864105,1.0,1.0044408270206382
PREP,2,0.00041769779796752644,2666.6172948082835,5338.9939037193135,37.87556263801081,5339.234589616567,0.743361975,1.0,1.0074157725748962
PREX1,2,2.7185694436356465e-6,489.9410470179019,983.2373635440041,18.82042749102706,985.8820940358038,0.896932175,1.0,1.0044152700262698
PRF1,2,0.0005200707319141288,964.0607441636338,1934.868395700348,26.524044256922878,1934.1214883272676,0.842771875,1.0,1.0015529202105098
PRICKLE1,2,0.00016958909860385286,368.68360151050666,740.422997584253,16.083705662351903,743.3672030210133,0.923339525,1.0,1.00398764239352
PRICKLE3,2,0.00012992786237285022,2360.2689368545093,4724.954365252921,37.541840063097354,4726.537873709019,0.7679599,1.0,1.0040805718719785
PRICKLE4,2,3.545538751244113e-5,746.0982982146695,1515.1741546838357,23.75008644448839,1498.196596429339,0.860931275,1.0,1.0014581904819364
PRIM1,2,0.002713208332663156,4503.294136887344,9014.601184605086,36.264161485067085,9012.588273774689,0.6234239,1.0,1.0084591958955638
PRIM2,2,0.0007700913058007919,1549.9814792958045,3106.0713558075913,33.202962529643706,3105.962958591609,0.7914791,1.0,1.005305716443688
PRIMA1,2,1.28192315516919e-5,126.02525654292418,254.67592559716238,8.652393223612409,258.05051308584837,0.9498886,1.0,1.0038376450868327
PRIMPOL,2,6.02885852277095e-5,778.3970573645942,1560.857040302571,24.070710827807787,1562.7941147291883,0.864490275,1.0,1.0019117608913612
PRKAA1,2,0.0009098549557670633,2088.035545798326,4179.740891102548,36.638768180545,4182.071091596652,0.778390225,1.0,1.0065311933020438
PRKAA2,2,0.000172036574970818,640.0807099023356,1285.2176209565118,21.419019760452336,1286.1614198046711,0.87644535,1.0,1.0032931687732842
PRKAB1,2,4.8790825930162017e-5,1070.1990170839745,2143.407553218269,28.47143177360704,2146.398034167949,0.860245475,1.0,1.0031141521549638
PRKAB2,2,0.0006384915099371707,1789.758254940748,3584.4107822744318,35.065959211364984,3585.516509881496,0.7814143,1.0,1.0060697198041297
PRKACB,2,0.0010027473614443055,5876.844228194025,11761.328754044502,25.470494818856753,11759.68845638805,0.574419625,1.0,1.0091560895285805
PRKAG1,2,0.0013215164603761487,5374.795588268014,10759.501991885767,25.08542807016531,10755.591176536029,0.55977165,1.0,1.0043532578915892
PRKAG2,2,0.00039694389967682726,2882.0789101299883,5768.7184130137675,38.05629538617205,5770.157820259977,0.71743005,1.0,1.0062407282149066
PRKAR1A,3,0.0017960399503795907,6647.6648890394845,13332.752200155654,17.533471463419875,13301.329778078969,0.47504555,1.0,1.0048070229300001
PRKAR1B,2,0.00034778143290886416,1630.7607963433043,3265.3785669562385,34.02163993941795,3267.5215926866085,0.8010437,1.0,1.0033905165374981
PRKAR2A-AS1,2,1.4205729732628e-5,131.6323008655329,266.0063859095609,8.871583794690366,269.2646017310658,0.948102425,1.0,1.0021812950456037
PRKAR2A,2,0.0016186729132161852,3822.156759057091,7650.733113346873,35.95632519252776,7650.313518114182,0.6696808,1.0,1.0082726269233648
PRKAR2B,2,0.00011974180774697116,2299.1214620016153,4618.0604164854785,37.37571086407604,4604.242924003231,0.72526625,1.0,1.0026909762363085
PRKCA,3,3.9330901893860096e-5,1005.8646926414253,2017.3584094539317,27.62195968298425,2017.7293852828507,0.84184775,1.0,1.0045051933210898
PRKCD,2,0.0004979073334004649,1627.2217191986836,3258.567550431084,33.92397931891295,3260.443438397367,0.80345535,1.0,1.0066723998712936
PRKCE,2,0.0002889098996866471,456.9783678707292,917.1390972038423,18.18553549124995,919.9567357414584,0.911311175,1.0,1.0028704572111011
PRKCH,2,0.00016087010384626066,1498.5119115188822,3000.4319089457326,33.0788733782636,3003.0238230377645,0.828311525,1.0,1.0040603193291922
PRKCI,2,0.0006019677487633664,1818.2277130527061,3644.24854186575,35.514806490887864,3642.4554261054122,0.783291325,1.0,1.0021560708874486
PRKCQ-AS1,2,0.0004712760187185226,1794.4231099393423,3592.0078777269523,35.150554040824304,3594.8462198786847,0.811368125,1.0,1.003658624612419
PRKCQ,2,1.788740109808435e-5,341.9529353781146,687.7852610704803,15.228402529419574,689.9058707562292,0.9144708,1.0,1.0024155951409104
PRKCZ,2,0.00025808166713017533,2972.2289719043592,5948.525828118384,37.735625110991656,5950.4579438087185,0.72430905,1.0,1.0028160624752571
PRKD2,2,0.00017155475330185604,2692.206821294284,5387.9448752901835,37.892386831147924,5390.413642588568,0.761595825,1.0,1.003805336072725
PRKD3,2,0.00021182409005107055,1104.995739523727,2215.120160859847,28.671303901640588,2215.991479047454,0.832159475,1.0,1.0091970415374776
PRKDC,2,0.006272889851753252,9914.818241132356,19841.73210199558,9.803326422321357,19835.636482264712,0.404312275,1.0,1.0062886756023859
PRKG1,2,2.7856491835889733e-5,174.8639988229127,352.69727435767726,10.450979032897644,355.7279976458254,0.940351475,1.0,1.0030452864196466
PRKG2,2,1.2818762431138084e-5,126.0252552974091,254.71186888518562,8.652057252441516,258.0505105948182,0.949566325,1.0,1.003351020498339
PRKRA,2,0.002529753810670734,5954.465533037105,11913.88718764736,23.641982295684226,11914.93106607421,0.5496974,1.0,1.0277045195196
PRKRIP1,2,0.0004986639141012749,3052.788060633301,6110.013708120289,37.98871999086277,6111.576121266602,0.723096375,1.0,1.002131228608469
PRKRIR,2,0.000784696832983562,3370.8487939779493,6745.863714790139,36.8866535155535,6747.697587955899,0.705728625,1.0,1.0027451325466052
PRKX,2,0.0003758732569372542,2418.972905170826,4841.7815234375485,37.65794450401066,4843.945810341652,0.77257835,1.0,1.0134138418710164
PRMT2,2,0.001438572993878361,6091.916168459184,12192.82461651749,22.22208185418812,12189.832336918367,0.5215374,1.0,1.0035009812585534
PRMT3,2,0.0009032733658062048,1460.4289425739646,2928.0309127866294,32.95131039541736,2926.857885147929,0.810867625,1.0,1.0069172840783276
PRMT5,2,0.000918969314370839,5190.264697853237,10387.633576313934,26.837488007828334,10386.529395706473,0.584035075,1.0,1.0051520118261814
PRMT6,2,6.974209358108972e-5,1099.2311835282846,2201.783774099756,28.909333213091262,2204.4623670565693,0.85578665,1.0,1.0041761869273091
PRMT7,2,0.0001428353582063961,1373.880766914329,2758.4403349504114,31.96282927382011,2753.761533828658,0.807052075,1.0,1.0020896836988107
PROB1,2,1.7207852927767286e-9,4.568684952322214e-6,1.4004764117705313,8.090167070825272e-15,6.000009137369904,0.982137175,1.0,1.0027483690286998
PROCA1,2,1.026665526108238e-5,114.65029016951223,233.05586790496397,8.193921235677053,235.30058033902446,0.950899875,1.0,1.002638868849185
PRODH,2,0.00015988066744920189,359.96785218817126,723.6645305487024,15.863216617961793,725.9357043763425,0.91211295,1.0,1.005123533675282
PROM1,2,2.1960124976183207e-5,848.7002111784826,1704.4520813298222,25.34388908061069,1703.4004223569652,0.8539926,1.0,1.0027142187739846
PROSC,2,0.0011392843080136944,3610.0062652388224,7229.3059281515625,36.49767523651605,7226.012530477645,0.6534691,1.0,1.0038796404350705
PROSER1,2,0.00011762354450816436,1380.5679056440617,2764.397343221593,31.963893804194946,2767.1358112881235,0.8320914,1.0,1.00422984389033
PROSER2,2,0.000588465413425696,1854.0860968537309,3711.3070454438352,35.49525080038615,3714.1721937074617,0.819022125,1.0,1.0065328175188069
PRPF18,2,0.0003515630945922377,2868.420937477514,5740.790900068559,37.86578826545137,5742.841874955028,0.74395435,1.0,1.0014283411979825
PRPF19,2,0.0011423951906287468,4919.971395584058,9848.705618918624,29.832924293903808,9845.942791168116,0.5821022,1.0,1.004154928489004
PRPF31,2,0.004645454790003336,6788.307561450904,13633.494394154524,17.69131281460783,13582.615122901809,0.4660008,1.0,1.0017209288656748
PRPF38A,2,0.0014555901574739413,5227.953297814224,10460.32794499209,26.26101831321312,10461.906595628448,0.61993615,1.0,1.0054364437214285
PRPF38B,2,0.003017583446831427,6262.5799357662645,12529.893893415474,22.095278401892312,12531.159871532529,0.5609147,1.0,1.002720980909121
PRPF39,2,0.0005808557708972695,2051.2492881729654,4105.813043075572,36.57844105329012,4108.498576345931,0.803676775,1.0,1.0029975173346493
PRPF3,2,0.0008754516205110153,2117.17035133353,4237.5708957753795,36.77254841918943,4240.34070266706,0.788727825,1.0,1.004046183070339
PRPF40A,2,0.005261257088537789,9975.630143210805,19956.026568462526,9.582857549852339,19957.26028642161,0.371208275,1.0,1.0081456219538485
PRPF40B,2,0.00033277715967186343,1724.5537524333754,3454.26000900126,34.74603998307891,3455.107504866751,0.789714475,1.0,1.003368748494763
PRPF4B,2,0.0021937681437271196,6255.375175637149,12515.470815773704,21.982002949004492,12516.750351274299,0.55784495,1.0,1.0042209568073825
PRPF4,2,0.0011002112894871803,3509.2020778999104,7023.767764626053,37.186542268574144,7024.404155799821,0.681862775,1.0,1.0091979736087577
PRPF6,2,0.003997401234610351,6912.0808173085425,13830.330768021671,17.197268067465256,13830.161634617085,0.49285185,1.0,1.0042030162540596
PRPF8,2,0.0009275971736055896,4832.839877561402,9696.564856193865,29.647621054389397,9671.679755122805,0.56765745,1.0,1.0014829360236024
PRPH,2,0.0012283412871360619,2536.819597902181,5079.506733544872,38.05654008579721,5079.639195804362,0.741134675,1.0,1.0047893884441281
PRPS1,2,0.0013889895546611141,3854.1942525625827,7725.67447229599,35.32099396779879,7714.3885051251655,0.6260991,1.0,1.0054278290712877
PRPS2,2,0.00040705493825060125,2967.8352146477355,5945.942917803201,38.021356003096415,5941.670429295471,0.68714095,1.0,1.0029424285864665
PRPSAP1,3,0.0009133879182654232,5576.200178451092,11158.35851376642,27.313774662773657,11158.400356902184,0.555056275,1.0,1.0064298775014906
PRPSAP2,2,0.0011911796912415817,3753.6188838242306,7514.81965266322,35.754079442934334,7513.237767648461,0.658788,1.0,1.0046094141081319
PRR11,3,0.00459479187230284,3649.1892469463323,8904.496833668321,40.210391330526704,7304.378493892665,0.66781965,1.0,1.0031533610592127
PRR12,2,7.066564437760295e-5,872.6686734809848,1748.9096947781625,25.573438332096696,1751.3373469619696,0.868930925,1.0,1.0014386933548456
PRR13,2,0.00746132224118763,11410.81094427896,22829.35059253642,7.688664148009518,22827.62188855792,0.322747325,1.0,1.0094746237159389
PRR14L,2,0.0020041005620426004,3844.996550536264,7694.991750845198,35.26074541193984,7695.993101072528,0.720617175,1.0,1.003902569584801
PRR14,2,0.00027770211130893424,2808.1180022598955,5619.556828832792,37.82570904916988,5622.236004519791,0.749296425,1.0,1.0077551514291472
PRR15L,3,7.532092857935321e-5,264.4231356252358,531.8957164098817,13.27709647105499,534.8462712504715,0.9269392,1.0,1.004016058437137
PRR15,2,8.646954873742117e-5,1208.8127323309711,2420.506071308687,30.12292222749244,2423.6254646619423,0.861038175,1.0,1.0022028270707366
PRR16,2,1.2819032709853417e-5,126.0252560149991,254.71032716407743,8.652333067157596,258.05051202999823,0.9496909,1.0,1.0027815387747756
PRR19,2,9.70270002218245e-6,568.4087365788732,1139.8348153303307,20.39841352660511,1142.8174731577465,0.891248575,1.0,1.004561011681434
PRR22,2,8.857105350459285e-6,609.8658799744666,1229.0532748796588,21.224042920208806,1225.7317599489331,0.8780311,1.0,1.0027668134223893
PRR24,2,0.0009722271285196464,2400.6267952965363,4806.041995555538,37.79948771645243,4807.253590593073,0.73317825,1.0,1.006862612736888
PRR5L,2,3.197111396706278e-7,25.436205692510843,53.02757461094193,3.642371411982766,56.872411385021685,0.973840175,1.0,1.0039343584726386
PRR5,2,0.0004852390026790567,3327.0067749327864,6657.51401002104,36.92182216642085,6660.013549865573,0.727025325,1.0,1.0050665643879044
PRR7-AS1,2,0.00010894402307572942,767.4948638615891,1539.1889979127857,23.79340020666002,1540.9897277231782,0.87034135,1.0,1.0038519897962788
PRR7,2,0.0014944310465969458,6224.371179433895,12453.735100566679,22.06076783288963,12454.74235886779,0.549876725,1.0,1.008449077084142
PRRC1,2,0.00013723633331300174,2526.226102675123,5056.895544345893,37.83307083209962,5058.452205350246,0.74634685,1.0,1.0057069070442444
PRRC2B,2,0.0006060095036878313,3224.100640879464,6452.633628420229,37.413363176169824,6454.201281758928,0.710590775,1.0,1.0036484426720857
PRRC2C,2,0.00514920962584784,9304.119213555963,18613.010945249578,10.77899949959785,18614.238427111926,0.4073772,1.0,1.0120485649308952
PRRG1,2,0.00014772810467478088,1252.6336136210962,2508.5321647004903,30.535967576659573,2511.2672272421923,0.84028625,1.0,1.0022489375960792
PRRG2,2,0.00044081510319618353,1894.4160571023642,3792.7546829641296,35.798414359718905,3794.8321142047284,0.793816575,1.0,1.003272709891746
PRRG4,2,0.0009398755378973275,2370.4004737144955,4745.270114573485,37.53826155145207,4746.800947428991,0.7615334,1.0,1.006293155504946
PRRT2,2,0.000200441384861016,394.4894244548848,793.7069293677187,16.719244398174272,794.9788489097696,0.90693555,1.0,1.004920518398343
PRRT3-AS1,2,0.00033652471673332855,2386.8746705805597,4780.239200103069,37.67426002332119,4779.749341161119,0.7333306,1.0,1.00398779285784
PRRT3,2,0.000400016529042867,1789.0215001880408,3580.9484109192176,35.15202757485915,3584.0430003760816,0.82196775,1.0,1.0054598942358703
PRRT4,2,6.886560250685467e-5,254.8989641390929,514.5124118860197,12.99707285023546,515.7979282781857,0.925521825,1.0,1.0010781307938836
PRRX2,2,0.0012880601755025064,4141.927699808292,8288.300302693786,34.93107640663192,8289.855399616585,0.63849195,1.0,1.002829192182658
PRSS12,2,5.675861600233954e-5,1147.4173062116681,2302.8672949315237,29.441603118882096,2300.8346124233362,0.827283225,1.0,1.002763379340048
PRSS16,2,0.00026127431498730277,2710.0524999451304,5424.946947616957,38.141100728351944,5426.104999890261,0.73391145,1.0,1.0073955655219042
PRSS21,2,1.4483252713540382e-7,17.76840770258048,38.80142613271268,3.1100277184504654,41.53681540516096,0.97588655,1.0,1.0020310484954775
PRSS22,2,0.0012351334404319097,1792.0730887550683,3589.329680331187,35.02518540124268,3590.1461775101366,0.7857047,1.0,1.0043980928060734
PRSS23,2,0.0004939426507489588,1413.8414977611164,2833.118094746502,32.01803954475339,2833.682995522233,0.803664825,1.0,1.0037578713029736
PRSS27,2,8.196143922072058e-5,273.89501475017744,551.3526993945436,13.549363695032646,553.7900295003549,0.924034775,1.0,1.0023015605784342
PRSS35,2,2.589886681767067e-5,169.60077748328146,342.28020137914905,10.267862894685425,345.2015549665629,0.9408428,1.0,1.006038475122589
PRSS36,2,1.0261365919792888e-5,114.6502761263111,231.91863269705834,8.194871304832125,235.3005522526222,0.9518984,1.0,1.0041523595802133
PRSS3,2,0.0027661335540224777,6839.860173422562,13717.36837269206,17.761115767627402,13685.720346845124,0.477724175,1.0,1.0110945837904877
PRSS56,2,2.2210027548643318e-5,158.9570752896655,320.7021464805867,9.891105449042591,323.914150579331,0.943395325,1.0,1.0078474720292439
PRSS57,2,0.00019511982314887122,390.2228696984461,783.8091215485232,16.61614694011317,786.4457393968922,0.911142325,1.0,1.0058307055119964
PRSS8,2,0.0008001761940766764,3421.432056937593,6847.392371409475,37.1013959099447,6848.864113875186,0.71388005,1.0,1.0031631176823341
PRTN3,2,0.0004501734518991196,1879.0323690794164,3761.1502627681534,35.69798059120499,3764.064738158833,0.8092912,1.0,1.0028262244672488
PRUNE,2,0.00015663335772978285,1322.1133473370382,2647.345266094231,31.296390141578268,2650.2266946740765,0.83876775,1.0,1.0044653106293484
PRX,2,1.8788730346551456e-5,148.16261698895192,299.04048744744205,9.497491305548532,302.32523397790385,0.945813125,1.0,1.0017922156478307
PSAPL1,2,2.8756275243409557e-6,66.42110619176873,135.57928363433678,6.0108829728936,138.84221238353746,0.96202515,1.0,1.0011241066410295
PSAT1,2,0.004645592089500323,4408.364383240685,8896.099903020142,35.469006180450506,8822.72876648137,0.602748425,1.0,1.0026597178228367
PSCA,3,0.00017958623153288455,377.3413749882009,757.8475277610572,16.29917410821758,760.6827499764019,0.915552175,1.0,1.0025601077007629
PSD2,2,2.2718538407689264e-6,59.9832469583431,122.55827591691683,5.678812082430383,125.9664939166862,0.963822175,1.0,1.004940528904454
PSD3,2,0.00011846273596280785,1396.3348868500793,2796.1707063194044,32.12938609274085,2798.6697737001587,0.8291833,1.0,1.004788343177952
PSD4,2,9.047319252761404e-5,1050.0283377903897,2103.59537499762,28.10567416258994,2106.0566755807795,0.846470725,1.0,1.0022965364799101
PSD,3,5.000704347121662e-5,930.7425757097418,1924.1197642945858,26.50456639361738,1867.4851514194836,0.8399531,1.0,1.0026231987874603
PSEN1,2,0.0008186755166043167,2040.578265722931,4084.5892149010374,36.44790919485315,4087.156531445862,0.788681075,1.0,1.0016113687547337
PSEN2,2,0.0005045191142242931,1619.8361880136729,3246.1248346982893,33.85679746074585,3245.6723760273458,0.7851362,1.0,1.0040140886003077
PSENEN,2,0.004417058682539512,7118.856194986085,14243.37161491579,16.096692116656698,14243.71238997217,0.5061878,1.0,1.0038836142095298
PSKH1,2,7.914464608278516e-5,975.6451602587534,1954.878910606076,27.093009288781673,1957.2903205175069,0.850809375,1.0,1.0027454883255968
PSMA2,2,5.697565406745103e-7,32.76421674629711,72.05245349665616,4.105317452336479,71.52843349259422,0.970907375,1.0,1.003058473685777
PSMA3,2,0.006928135822974749,10328.636025347512,20664.63018425584,8.962520374312918,20663.272050695025,0.3753608,1.0,1.0051190697746142
PSMA4,2,0.010647533908241833,11646.611191943457,23372.241552119867,7.360738890053703,23299.222383886914,0.31174385,1.0,1.0086609549948986
PSMA5,2,0.004184556074089509,9549.98226530803,19105.918749888853,10.13094736920807,19105.96453061606,0.407018225,1.0,1.011691539228604
PSMA6,2,0.0004146557058333579,2575.0523343477066,5158.133239503027,37.910774054729934,5156.104668695413,0.7150435,1.0,1.0028759881032463
PSMB10,2,0.0016928625029599689,3802.664598245378,7627.946662728696,35.787388992207894,7611.329196490756,0.6257261,1.0,1.0028474200226183
PSMB1,2,0.011224180194748487,14687.264262182865,29381.080515054444,4.141441621236516,29380.52852436573,0.24519520464924158,1.0,1.0061986397257636
PSMB2,2,0.005496162159064967,11820.015878639233,23645.667669593906,7.008773081526314,23646.031757278466,0.3188369,1.0,1.0106330849918828
PSMB5,2,0.007755855693915553,13442.692702093529,26892.88641084038,5.210943221817623,26891.385404187058,0.27438195,1.0,1.0058810365480557
PSMB6,2,0.011398414817322658,13629.123744702632,27266.166823531865,5.1171848070331265,27264.247489405265,0.288279425,1.0,1.0052646321565744
PSMB7,2,0.007420741341485568,12352.79040541618,24764.165958806127,6.412142158616929,24711.58081083236,0.28977375,1.0,1.0085353572138347
PSMC1,2,0.004921420079344062,8490.788017268193,16986.61563260015,12.105847293495458,16987.576034536385,0.430583575,1.0,1.0021082358081805
PSMC2,2,0.004451316939263654,6682.356331557901,13369.53919177765,18.54095038828327,13370.712663115803,0.5041026,1.0,1.0042655825194646
PSMC3IP,2,0.0012777336604743973,1375.7423990321624,2757.58045642746,31.41393358911179,2757.484798064325,0.81081885,1.0,1.004037630276858
PSMC3,2,0.005777658349386926,8553.705071313938,17114.508654002257,12.668508895905632,17113.410142627876,0.424076,1.0,1.0069724292203035
PSMC4,2,0.0018540335889427135,7633.102325756288,15274.661946177277,14.500062582439876,15272.204651512577,0.5015384,1.0,1.0067144399791372
PSMC5,3,0.005817966798495858,9757.140622911318,19523.21406016766,9.62576343925153,19520.281245822636,0.431334425,1.0,1.005966607087335
PSMC6,2,0.0011841569425229044,6151.642804582992,12307.813352815843,20.002769189149184,12309.285609165983,0.577244325,1.0,1.0051511744051773
PSMD10,2,0.0005239593605201665,4185.738538001664,8378.8362305599,34.64574686538095,8377.477076003328,0.619676775,1.0,1.0024902354534009
PSMD11,2,0.0030616929149622574,6651.23621863583,13307.100162937804,18.499488979835043,13308.47243727166,0.52555925,1.0,1.005858606104589
PSMD12,3,0.0021043858374491654,8048.664758272493,16102.05491459786,13.654389986273806,16103.329516544985,0.44888405,1.0,1.0094609944349378
PSMD13,2,0.003759423125766593,6802.718708187442,13615.460444013052,18.39851047654228,13611.437416374883,0.4980276,1.0,1.0152811793183234
PSMD14,2,0.00366625428043411,7828.194562098273,15662.69272259154,14.124758121911926,15662.389124196547,0.4824515,1.0,1.0054248279823954
PSMD1,2,0.0027252669796588537,5847.302585182955,11726.122116168179,25.84460670997782,11700.60517036591,0.52879535,1.0,1.0046705219861263
PSMD3,2,0.0034023408198106415,6443.4909739156865,12892.801588125942,19.54550754709152,12892.981947831373,0.50446585,1.0,1.0051200876252464
PSMD4,2,0.004918476841483193,10164.801543369054,20335.46758641126,9.35138566004811,20335.60308673811,0.363038275,1.0,1.003366939366032
PSMD5-AS1,2,0.00022850187257534478,2541.4913913694595,5087.553702589225,37.913645243608165,5088.982782738919,0.7619013,1.0,1.004899529790569
PSMD5,2,0.00032797926973948026,2578.6648353844826,5161.7128474163555,38.120687229920065,5163.329670768965,0.73428465,1.0,1.0045192858072651
PSMD6-AS2,2,1.7192871084916178e-5,142.69871215323593,300.94029447823243,9.291567436709117,291.39742430647186,0.944667925,1.0,1.0010681361494476
PSMD6,2,0.0014063125999184774,6339.713953323325,12683.935677375577,19.74288615901484,12685.42790664665,0.5446528,1.0,1.0071517284286013
PSMD7,2,0.004245135923894544,8515.879558863277,17036.90135038461,12.449583658756803,17037.759117726553,0.44600225,1.0,1.0025914275452341
PSMD8,2,0.005594668790512145,11533.163757723081,23077.387831397267,7.445214411023595,23072.327515446163,0.315870275,1.0,1.008562327293339
PSMD9,2,0.0004496690372614419,4371.027631021013,8749.19184091439,32.277626727368656,8748.055262042026,0.616262725,1.0,1.008813427387366
PSME3,2,0.0005544429932102036,4068.9815557653797,8143.131712492474,35.32346706874134,8143.963111530759,0.63714945,1.0,1.0045257677546366
PSME4,2,0.0007720071345075535,1996.0487201929218,3996.1139278137007,36.232091689734176,3998.0974403858436,0.77974175,1.0,1.0015712654815756
PSMF1,2,0.0009444477797639645,6509.086622486306,13023.954433198838,17.930588592710837,13024.173244972611,0.535853025,1.0,1.0065193380750583
PSMG1,2,0.003844339253115002,6697.546119107008,13400.743201250092,19.81716516647982,13401.092238214016,0.540613675,1.0,1.0047117433248227
PSMG2,2,0.0022227189249627607,7742.821094600864,15490.913213310849,13.938353289297483,15491.642189201728,0.511058375,1.0,1.0098275628556836
PSMG3-AS1,2,2.044676890429056e-5,606.3533078001475,1216.0965279044983,21.088267713141747,1218.706615600295,0.883872,1.0,1.0018017356452495
PSMG3,2,0.0015554927838145206,5908.682773086042,11822.110733037392,24.740053099509787,11823.365546172085,0.560914375,1.0,1.0041798298578501
PSMG4,2,0.0020140354369306353,6094.85412277837,12194.466529076128,23.774527935860974,12195.70824555674,0.5504069,1.0,1.007128776815716
PSPC1,2,0.0018881546798900834,4037.194958425501,8092.518616626297,34.4807104396753,8080.389916851002,0.617495625,1.0,1.006374220706878
PSPH,2,0.001417058096369814,3987.718910283542,7985.624681180829,33.892425306659725,7981.437820567084,0.6521658,1.0,1.0060222222529103
PSPN,2,1.4485467929703975e-5,411.73527928832453,827.017768972355,16.952740236046978,829.4705585766491,0.9054472,1.0,1.0017589990506055
PSRC1,2,0.0033226533136413885,2710.6263140711376,5426.9743674646725,39.57494491551667,5427.252628142275,0.732138375,1.0,1.0013597750801617
PSTK,3,0.0002907511949625963,3149.660085757779,6304.10651183595,37.364540700100484,6305.320171515558,0.7063813,1.0,1.008744060260634
PSTPIP1,2,6.380860294772681e-9,1.694118408262147e-5,1.4299598306879902,1.14412239937583e-14,6.000033882368165,0.98215885,1.0,1.0020828359707712
PSTPIP2,2,0.00035868130260407343,2965.106930031747,5936.018632775445,37.91686045966872,5936.213860063494,0.70182755,1.0,1.004835173640827
PTAFR,2,4.232139911778336e-6,364.75179787301005,732.399329520657,15.882324712618614,735.5035957460201,0.916364325,1.0,1.0021886001398077
PTAR1,2,0.0002867245500983879,1465.3264200813564,2934.2425018832864,32.617665347988726,2936.652840162713,0.819820875,1.0,1.0049048797348548
PTBP1,2,0.00294676737818882,6548.109794074688,13105.6727822412,19.683920407491073,13102.219588149375,0.505917575,1.0,1.0114712149324705
PTBP2,2,2.05859788854417e-5,606.3536774026476,1216.3633824571714,21.08709256821628,1218.7073548052952,0.88303875,1.0,1.0019654468308234
PTBP3,2,0.0014926395852864383,3586.2132799581645,7178.898974141414,37.41047466328734,7178.426559916329,0.6815077,1.0,1.006025193906171
PTCD1,2,0.00017409608981752562,1447.98821899427,2898.8716254239575,32.55489576344796,2901.97643798854,0.843530275,1.0,1.003625366011506
PTCD2,2,7.445373303306612e-5,1155.344628350523,2314.109922281533,29.58971156558818,2316.689256701046,0.847657425,1.0,1.0022318872540597
PTCD3,2,0.0009931769881112204,4324.3620294117345,8653.39766542378,33.90374514049424,8654.724058823469,0.62713895,1.0,1.004209322164749
PTCH1,2,6.846800894409034e-5,701.0691991641544,1406.1743824107582,22.711291336377712,1408.1383983283088,0.8761741,1.0,1.002568298645233
PTCH2,2,1.8428836155240506e-5,332.94319311298136,670.1057994076075,14.992609912491554,671.8863862259627,0.914854525,1.0,1.0053476491314184
PTCHD2,2,3.197979533269386e-5,185.28449252219934,373.4786017991956,10.806955268945998,376.5689850443987,0.939041325,1.0,1.0030914641921707
PTCHD4,2,4.606856254060459e-5,215.77781574181762,434.64449044431836,11.802857330411266,437.55563148363524,0.9334283,1.0,1.0022015113352716
PTDSS1,3,0.0003634269005923284,2777.4263197221194,5565.775753204849,37.949813845439394,5560.852639444239,0.7001012,1.0,1.001416874519196
PTDSS2,2,0.0004823788640310286,2891.6576188774034,5788.669568861992,38.067056157390354,5789.315237754807,0.70490865,1.0,1.0045953453089749
PTEN,2,0.0010204280896356467,4553.713146942235,9111.730563491259,31.863167517648407,9113.42629388447,0.64114315,1.0,1.004667048512905
PTER,2,0.00053463509142036,2932.2246798046826,5867.822364446061,37.67907382668347,5870.449359609365,0.76292235,1.0,1.006684417441594
PTGER1,2,8.196101832845529e-5,273.8950136327085,558.3259509499075,13.547559432058977,553.790027265417,0.92193425,1.0,1.0052466595309946
PTGER2,2,4.606820724752134e-5,215.77781479851447,434.47669396495235,11.802825077826721,437.55562959702894,0.934232425,1.0,1.0035933250494116
PTGER4,2,1.1018145715887119e-5,517.9770526886508,1038.986801590905,19.348217983823055,1041.9541053773016,0.901905025,1.0,1.0032606394225543
PTGES3,2,0.021740642784456823,11790.536248773275,23587.920245450456,7.253133185488005,23587.07249754655,0.32632005,1.0,1.005143327365078
PTGES,2,0.0011497054917745122,3457.3711638948744,6919.8912780501005,37.02384203279626,6920.742327789749,0.676716775,1.0,1.0061230047862044
PTGFRN,2,0.0003161579798407043,1476.2232516647762,2957.406881936206,32.70268326053947,2958.4465033295523,0.803100325,1.0,1.003736450992724
PTGR1,2,0.0020137769704775903,5174.313184730698,10422.215733600427,26.993184243488642,10354.626369461395,0.53939485,1.0,1.0050606312116717
PTGR2,2,0.0009482165488721023,1973.9290192183587,3957.4229988890143,36.08402908277492,3953.8580384367174,0.7567416,1.0,1.003141528132676
PTGS1,2,4.421159578750489e-6,373.47190549763064,758.9939988869806,16.091804643918362,752.9438109952613,0.907413425,1.0,1.0034050776266457
PTGS2,2,6.00093796790844e-6,91.15872251074119,184.81710550086373,7.188557336187374,188.31744502148237,0.9569566,1.0,1.0071690316962398
PTH1R,2,1.567212285745641e-5,137.1893474191045,278.3582356163343,9.08465908800294,280.378694838209,0.94608955,1.0,1.0034788415612543
PTH2,2,0.0006822811389004066,4504.757143167989,9018.666820105262,32.94016052491845,9015.514286335978,0.620584725,1.0,1.0073457483625075
PTK2B,2,1.0411903430451697e-5,541.4530267343916,1086.183696398651,19.841206757308985,1088.9060534687833,0.89104925,1.0,1.0056957156400146
PTK2,3,0.0006295220238131095,3449.5050565495976,6904.25508894606,36.49784386201392,6905.010113099195,0.685730675,1.0,1.0036017287744023
PTOV1-AS1,2,8.897806080123246e-5,283.25678873134046,569.8144620432989,13.815682240541507,572.5135774626809,0.9230449,1.0,1.0040045199304108
PTP4A1,2,0.0013634649720080574,5778.793101737807,11563.062846699004,26.252159281801536,11563.586203475614,0.566715325,1.0,1.005324241929685
PTP4A2,2,0.005800124938126097,10333.344260414135,20671.48240956989,9.19136416678772,20672.68852082827,0.37628295,1.0,1.0119427471581324
PTP4A3,3,0.000706408891347365,1886.8138006481743,3777.722648970539,35.65965776318149,3779.6276012963485,0.782672475,1.0,1.0021960428846142
PTPDC1,2,8.819557087617544e-5,1065.1189895064524,2133.5568329003863,28.3131030108947,2136.237979012905,0.849393875,1.0,1.002664978318386
PTPLA,2,0.0019383621254700023,4175.304168891652,8357.446925994127,33.28945315347971,8356.608337783304,0.6419191,1.0,1.0046016513463123
PTPLB,2,0.00028758855399222126,2499.7420361651966,5025.788624148184,37.94477579294205,5005.484072330393,0.71139585,1.0,1.0031026246208443
PTPMT1,2,0.001528973420573178,6451.865303516056,12911.802196245013,20.519292655549823,12909.730607032112,0.5481012,1.0,1.0118012866056019
PTPN11,2,0.002369466106040426,6288.7546759031065,12594.308580971128,22.028891814445497,12583.509351806213,0.508515275,1.0,1.0142802984002999
PTPN12,2,0.0004031722396371015,4554.437404006215,9115.047370630304,31.59509307416276,9114.87480801243,0.615547025,1.0,1.0029611410496573
PTPN13,2,5.675859935261171e-5,1147.4173061674633,2298.502270549225,29.442930506606533,2300.8346123349265,0.840240425,1.0,1.0037351251201705
PTPN14,2,0.00036337147854197886,1175.625126213332,2355.9604606553376,29.45114155200669,2357.250252426664,0.82852825,1.0,1.0051937758077638
PTPN1,2,0.0005059759480576691,4753.6152955497955,9512.31843353575,30.09978599136468,9513.230591099591,0.64054445,1.0,1.0059738442576862
PTPN21,2,0.00045610932444180947,548.0453957361041,1099.5415437407712,20.155181312217138,1102.0907914722081,0.89880725,1.0,1.0015647260537681
PTPN23,2,0.0001888347570940076,1487.08841210089,2978.3070075563924,32.90928649661587,2980.17682420178,0.8092291,1.0,1.0048273553369702
PTPN2,2,0.0015723229091712477,5105.829706250673,10216.103899895807,28.464683176537008,10217.659412501345,0.60311405,1.0,1.005344964393872
PTPN3,2,0.00014486349385063556,1367.9299706671788,2738.952881278597,31.79495208077815,2741.8599413343577,0.834439875,1.0,1.0023276842598525
PTPN4,2,0.0007521160792639679,1918.9297070966982,3841.396406425222,35.83186292830096,3843.8594141933963,0.80729495,1.0,1.0044940826201485
PTPN6,2,0.00030534715999885913,3188.065826179304,6379.559766816131,37.176945284638556,6382.131652358608,0.73999495,1.0,1.0054056461892156
PTPN7,2,2.2202113760454756e-5,158.96178504498067,320.8778231839031,9.89075870706663,323.92357008996134,0.9429504,1.0,1.0026373161366193
PTPN9,2,0.0002587553790457007,1676.0808331315473,3355.5423356301612,34.48726137343981,3358.1616662630945,0.81918765,1.0,1.0045591193611345
PTPRA,2,0.0012486030943013096,5182.368666806228,10378.111981607908,27.067715728274134,10370.737333612456,0.56029345,1.0,1.0029406167246395
PTPRB,2,1.284683296855153e-6,46.71354559619781,96.04918757136672,4.9507246989540175,99.42709119239562,0.96717235,1.0,1.0028388423069459
PTPRCAP,2,5.9773573762219395e-5,240.41478056381317,485.41125188163664,12.564024250184968,486.82956112762633,0.92827715,1.0,1.0040766281435578
PTPRE,3,0.0023942925204225676,4168.825138041214,8342.908167333351,33.64611783570748,8343.650276082428,0.672998425,1.0,1.0039672623580163
PTPRG,2,0.00025403269891332333,1621.3372107625505,3247.077462025887,34.009174915887584,3248.674421525101,0.802373625,1.0,1.0053656572076808
PTPRH,2,1.6218444482839494e-5,708.2603191619417,1419.5038996391556,23.011347964675117,1422.5206383238833,0.8823438,1.0,1.008949062160355
PTPRJ,2,4.389227002230017e-5,747.2722778180749,1498.2438094326585,23.584742559994524,1500.5445556361499,0.868869975,1.0,1.0017326688038273
PTPRK,2,0.00021357990608916082,1411.7395026180304,2827.7769729086494,32.16025045372068,2829.479005236061,0.8122332,1.0,1.0049567200759157
PTPRM,2,4.5530908121972255e-6,533.2670636250394,1070.2103683690661,19.752859272455282,1072.5341272500789,0.890477,1.0,1.002503500277259
PTPRN2,2,3.334052553950864e-6,437.0743008384959,877.0620548001646,17.627409868502063,880.1486016769918,0.905802625,1.0,1.0023474259782845
PTPRR,2,5.999333606985293e-6,91.1611726954468,184.9732032716499,7.188140764901753,188.3223453908936,0.95639515,1.0,1.0021195341971265
PTPRS,2,0.000498980921671097,2651.0395267017243,5311.714250289719,38.056272657360616,5308.079053403449,0.705363725,1.0,1.0020790299661744
PTPRU,2,0.00018979920461541726,1193.20552164724,2392.542936910107,29.78955536890629,2392.41104329448,0.821373125,1.0,1.0020487582793405
PTRF,2,0.0019343067741652343,4076.615086142137,8164.948929620838,34.22710886941822,8159.230172284274,0.62517195,1.0,1.0030050400782202
PTRH1,2,0.0017896636850509285,4804.6432376925895,9616.319495193657,31.40530122346795,9615.286475385179,0.59577845,1.0,1.0047635276323659
PTRH2,3,0.001621056091177813,5018.201015202468,10040.772835429749,29.903984912315085,10042.402030404935,0.616316125,1.0,1.0034624927403715
PTS,2,0.0034108290469564055,7846.59517461759,15699.734439681775,13.998623577594282,15699.19034923518,0.470372525,1.0,1.0081392819388943
PTTG1,2,0.13108250841432406,11237.482865252889,22488.87658776506,26.699809146061167,22480.965730505777,0.5560886678271618,1.0,1.0020648365701412
PTTG2,2,2.483169867488789e-5,517.7566370329165,1042.3444021617297,19.269095937400657,1041.513274065833,0.889296175,1.0,1.002537877581017
PTX3,2,1.2773101842026864e-6,46.71352602058372,95.69366529222341,4.954138916330397,99.42705204116744,0.96819955,1.0,1.0028149740006467
PUF60,3,0.0054112403053290506,8590.923833643206,17187.07436291738,11.948611134888976,17187.847667286413,0.413515825,1.0,1.0067206057026632
PUM1,2,0.001395613254433185,3870.254204360112,7745.21740833508,35.18407487570741,7746.508408720224,0.708906775,1.0,1.0043941390148594
PUM2,2,0.0016313985001691113,2340.5222980384538,4686.5762492663225,37.598436443899864,4687.0445960769075,0.7558279,1.0,1.0041659082094379
PURA,2,0.001318244755908739,3293.0464032150694,6590.484638181287,37.480680778267704,6592.092806430139,0.71178685,1.0,1.0036448586008304
PURB,2,0.0009598319421751161,1796.5136221506705,3597.79880021726,35.07303099546509,3599.027244301341,0.79145905,1.0,1.0024978111904597
PUS10,2,1.5070653942652187e-5,736.3412246574487,1475.666128265167,23.512441291480187,1478.6824493148974,0.87900365,1.0,1.0019483947119645
PUS1,2,0.0013469605436299144,3764.4490660423457,7534.386152525365,35.9687521712623,7534.8981320846915,0.690117675,1.0,1.003265242181243
PUS3,2,0.0007731046045746469,2082.183616207249,4167.209492325846,36.64074982608822,4170.367232414498,0.815182525,1.0,1.001929487637641
PUS7L,2,0.0007711458463089163,3532.2417304198607,7067.562816147003,36.085798866491174,7070.483460839721,0.7308466,1.0,1.0057356108137687
PUS7,2,0.0006075054436740428,2858.0250364948106,5720.813358062336,38.14755035547039,5722.050072989621,0.707785275,1.0,1.0038642126576018
PUSL1,2,0.0008445288439608672,3084.2905676849477,6173.504187888441,38.238997638080065,6174.5811353698955,0.694597625,1.0,1.0049088827889732
PVRL1,2,8.810458155981945e-5,908.6135456284873,1821.107399779136,26.08914188599392,1823.2270912569745,0.853979925,1.0,1.0038065543349228
PVRL2,2,0.0017916408753552535,5436.161427053694,10877.997383705255,26.216728395433705,10878.322854107388,0.601538675,1.0,1.0036972302691862
PVRL3-AS1,2,6.580382745247695e-5,250.07812209205312,503.17759817173874,12.855725126370041,506.15624418410624,0.9294996,1.0,1.002477263603142
PVRL3,2,0.002359143588283236,5745.8002934119495,11497.03128217007,29.2316832782966,11497.600586823899,0.574106775,1.0,1.0040643262356759
PVRL4,2,5.693166334439018e-5,235.52363836650693,473.9740521576784,12.417459883346186,477.04727673301386,0.9341302,1.0,1.0010317487751235
PVR,2,0.000776883292465011,2035.7603010603464,4074.7621940063073,36.43552137719247,4077.5206021206927,0.794684375,1.0,1.00289426496485
PWP1,2,0.003840170221450916,7378.816503414594,14762.532784073694,15.1595685928226,14763.633006829188,0.4778475,1.0,1.0060982484619183
PWP2,2,0.0003069719999482384,2561.364641821693,5127.797477387553,37.966492824075985,5128.729283643386,0.740063125,1.0,1.005700403813202
PWWP2A,2,0.0005050155264924297,2480.96165954877,4966.449776210438,37.81340121281336,4967.92331909754,0.76927025,1.0,1.0051772230984732
PWWP2B,1,5.427884956514418e-5,972.1974060211469,1947.4709471693661,27.087574625112552,1950.3948120422938,0.876242875,1.0,1.003628176028565
PXDC1,2,0.00033466751419682723,1586.0267083785325,3175.247794482734,33.66210310681818,3178.053416757065,0.82848105,1.0,1.009195667072285
PXDN,2,8.629645358207883e-5,1095.1392265674583,2202.748681349949,28.708339514340583,2196.2784531349166,0.826405075,1.0,1.0022445681967032
PXK,2,0.0001273153004751405,1195.4922220564965,2394.7480052163796,30.090767484984045,2396.984444112993,0.841006875,1.0,1.0011917163883064
PXMP4,2,0.00023445565163608643,1521.2928059681617,3046.0021848179294,33.176063434845545,3048.5856119363234,0.8147262,1.0,1.0021982405281344
PXN-AS1,2,0.0004185038203864006,3365.1704786403675,6733.794796993331,36.743285416192094,6736.340957280735,0.722477475,1.0,1.003349613329694
PXN,2,0.0015325481264459918,3551.921100315327,7111.225547118242,36.634249856980816,7109.842200630654,0.652284375,1.0,1.0023450037099397
PXT1,2,3.212862965502037e-7,25.436209874552357,54.37540668776122,3.627360107298795,56.872419749104715,0.973234,1.0,1.0042212373968327
PYCR2,2,0.0012312549133328497,4881.635063248291,9798.384367601284,29.833296390921085,9769.270126496582,0.56277515,1.0,1.001770966469116
PYCRL,3,0.0003453076643035819,2524.860927943666,5055.398238235251,38.12528872525386,5055.721855887332,0.7239327,1.0,1.0031622350011569
PYGM,2,4.295089963231347e-6,78.97397224700158,161.0423689571885,6.62554763051408,163.94794449400317,0.95889035,1.0,1.0023514449429551
PYGO1,2,7.988008112245361e-6,103.03945544007412,208.6570076496641,7.708539018862682,212.07891088014824,0.954265175,1.0,1.0019793002780057
PYGO2,2,0.00026781757347309486,1589.6313610961981,3182.175317552936,33.73592795620584,3185.2627221923963,0.833145275,1.0,1.0055562322512759
PYROXD1,2,0.0006233351645488428,2062.5817049780203,4128.2373878819035,36.59629407260835,4131.163409956041,0.805673625,1.0,1.0099347152960816
PYROXD2,3,0.00022138744569477205,1569.2659310175338,3142.049684768357,33.69975111098562,3144.5318620350677,0.823084075,1.0,1.0040944865708237
PYY,2,1.8792520315824276e-5,148.16262705132036,299.29090896500264,9.497065896034437,302.3252541026407,0.944746,1.0,1.0040118689203394
QKI,2,8.724082730860716e-5,915.129212851421,1834.2431065890705,26.187532621313128,1836.258425702842,0.853480925,1.0,1.0026444627958142
QPCTL,2,0.00015515016671679535,355.58774074241813,720.1200002524798,15.750409716070656,717.1754814848363,0.909888525,1.0,1.0035336141467457
QPRT,2,0.00010765746508237978,306.3507681755099,619.7526327289609,14.453831046780941,618.7015363510199,0.91724585,1.0,1.0038459748617266
QRICH1,2,0.0001504051265259969,2603.9665691546247,5211.872698177749,37.885135404445435,5213.933138309249,0.757435775,1.0,1.00509337186901
QRICH2,3,9.25442078004507e-5,287.92159728948644,583.6894909043888,13.944999167633206,581.8431945789729,0.92011,1.0,1.0057869546644296
QRSL1,2,0.0005816184979425129,2759.2152629630864,5522.775946738772,37.94787898064524,5524.430525926173,0.73361775,1.0,1.0026211642864882
QSER1,2,0.0006375457124457921,2991.4662203042963,5988.122799882213,38.46474802473517,5988.9324406085925,0.7107226,1.0,1.0055394927614454
QSOX2,2,0.0004279707176203674,1216.1136560808632,2439.757456862979,29.894715588546585,2438.2273121617263,0.8175086,1.0,1.0076792662265621
QTRTD1,2,0.00019385910032932943,2831.0277453403014,5665.777922160454,37.87537058457488,5668.055490680603,0.75216865,1.0,1.0052422581986447
R3HCC1L,2,0.0002301739502482883,1259.08647302444,2522.1846292358,30.52648723751947,2524.17294604888,0.83302615,1.0,1.0037904671179139
R3HCC1,2,0.0009104345210088568,4883.669938474068,9771.965105999974,28.806145269540554,9773.339876948135,0.629543975,1.0,1.0032627691679965
R3HDM1,2,0.0010012982497022785,3521.391509850088,7049.488400601928,36.8883330303434,7048.783019700176,0.6738968,1.0,1.0023103054088502
R3HDM2,2,0.0006824878172773931,4591.077271151083,9189.519189766856,31.763550949636617,9188.154542302165,0.60090445,1.0,1.00578123089441
R3HDM4,2,0.001155290686026939,3944.099021895079,7892.732847787053,34.19415537429901,7894.198043790158,0.677385175,1.0,1.00234174036404
RAB10,2,0.00412658634424794,7272.4451283576445,14551.023180243985,15.30518884956306,14550.890256715289,0.536251525,1.0,1.0032091210895897
RAB11A,2,0.0055493297044294275,9159.662275702474,18327.895075849345,11.008588707010682,18325.32455140495,0.406171025,1.0,1.0083489022401804
RAB11B-AS1,2,0.0005417348133838928,1862.116357358276,3727.4788492617104,35.558957272350625,3730.232714716552,0.804241025,1.0,1.0052732269778868
RAB11FIP1,2,0.0014479008265693182,3908.1131029152257,7821.346240860025,34.75442153239676,7822.226205830451,0.687574975,1.0,1.0055754350788604
RAB11FIP2,3,0.00021087299055606406,2749.060392579646,5502.364259925827,37.98059326220942,5504.120785159292,0.743109025,1.0,1.0026697929061725
RAB11FIP3,2,3.198089344182573e-5,185.28449543767908,373.9433505551453,10.806404237257004,376.56899087535817,0.937803875,1.0,1.0025623098629002
RAB11FIP4,2,8.668477544045833e-5,1113.952974476998,2231.1529309867215,29.103029082486533,2233.905948953996,0.85705165,1.0,1.002011877274524
RAB11FIP5,2,4.879947681974488e-5,1070.1990400520863,2143.4424626855102,28.470709700457455,2146.3980801041725,0.85702345,1.0,1.0049992756029633
RAB12,2,4.098118235557381e-5,788.6846234287838,1581.6230528572587,24.295622911234958,1583.3692468575675,0.8634303,1.0,1.0046628368624682
RAB14,2,0.0017746975071730028,4895.274260138561,9795.200950202528,29.10572547329924,9796.548520277121,0.6215425,1.0,1.0037671451887449
RAB15,2,4.54405252191329e-6,351.55754569076436,707.9983959385137,15.541776019985832,709.1150913815287,0.91157625,1.0,1.0020792216852135
RAB17,2,0.0014906353278494088,3616.9201458283014,7238.504316642549,36.172980263285126,7239.840291656603,0.6789429,1.0,1.0060994289364902
RAB18,2,0.0036485648849470917,6050.318016561752,12108.285981971223,21.617312783718436,12106.636033123505,0.594285225,1.0,1.0190163196959077
RAB19,2,8.880740925306827e-7,39.83954905753999,81.97423553081133,4.552481620693637,85.67909811507998,0.969408875,1.0,1.0039367374397987
RAB1A,2,0.001495205944900009,8304.181545365976,16612.948649509904,12.306656208529315,16614.363090731953,0.44758755,1.0,1.0034923009522745
RAB20,2,6.796713499226985e-5,2370.6327296251434,4744.353575057817,37.50938001112062,4747.265459250287,0.79718835,1.0,1.0037988536256468
RAB21,2,0.0008142433070034229,3385.460022947205,6775.701635885216,37.31844607931902,6776.92004589441,0.69809805,1.0,1.0034569480619746
RAB22A,2,0.0019470459825819725,4036.5992131354456,8078.197002732864,34.45998970280547,8079.198426270891,0.676034225,1.0,1.0040552421678857
RAB23,2,3.9918016482943035e-5,798.8968467307194,1601.0184018121572,24.469529136162535,1603.7936934614388,0.87390685,1.0,1.0019648041339488
RAB24,2,5.0410915213170274e-6,315.6451618335021,637.7239045040504,14.602300262554822,637.2903236670041,0.9162685,1.0,1.003190794825277
RAB25,2,0.005498138304482668,8861.430369468892,17730.043554958145,11.46336573032726,17728.860738937783,0.4293262,1.0,1.0048063958113316
RAB26,2,0.0016221310185233994,3635.5941630594552,7392.959086381178,36.90173158176386,7277.1883261189105,0.63222265,1.0,1.0020384363826658
RAB27A,2,0.00041189509688131326,1576.7602563688747,3158.6952040170245,33.5400365092075,3159.5205127377494,0.7944003,1.0,1.0026549644794793
RAB27B,2,0.00033574822378717415,485.25570221626816,973.8931178698073,18.816740924777164,976.5114044325363,0.9023202,1.0,1.0017217759997121
RAB28,2,0.00027211942517345837,2834.528075885155,5672.921157033728,37.83730663946944,5675.05615177031,0.73811115,1.0,1.0041415695465743
RAB2A,2,0.00508641556418371,9428.814762781454,18862.30424830329,10.4489621186639,18863.62952556291,0.39442115,1.0,1.0058024575973368
RAB2B,2,0.00033535010859484963,1512.5776276535805,3030.19647916825,33.02104666904823,3031.155255307161,0.800058225,1.0,1.0025827705319117
RAB30-AS1,2,0.000903697798724733,3219.107828683729,6442.515084968202,37.57157498132175,6444.215657367458,0.716074125,1.0,1.002399090720095
RAB30,2,1.5154392560848778e-5,394.64590413259685,792.7713064416172,16.54546495111391,795.2918082651937,0.9104329,1.0,1.0018615451925934
RAB31,2,9.379062159198071e-5,2201.311126231308,4407.095195066837,37.0578612962816,4408.622252462616,0.758124125,1.0,1.0038329712035268
RAB33B,2,0.00014834305278478221,997.8239355822566,1999.7695215973274,27.30091907593275,2001.6478711645132,0.857081525,1.0,1.0021451767498926
RAB34,2,1.7398220523268594e-6,53.42006201903913,109.22362715875127,5.327462871471635,112.84012403807826,0.96555535,1.0,1.0050062376594573
RAB35,2,0.0002108559674721415,2598.705207126072,5202.08973929385,37.99556996394068,5203.410414252144,0.7433312,1.0,1.004135272970981
RAB36,2,0.0004975238552877021,567.186167212575,1137.7427369409347,20.546826848377844,1140.37233442515,0.898774275,1.0,1.0040635992202334
RAB38,2,0.00234124422289839,4173.715247954535,8353.265113571066,33.877133773937736,8353.43049590907,0.6772496,1.0,1.0045497320358796
RAB3A,2,0.001528106309963115,3307.5547337758762,6619.336312866874,37.88104604348002,6621.1094675517525,0.721641975,1.0,1.00447101060619
RAB3B,2,0.00013070517282574645,2605.399770316994,5215.809328550146,37.86785166606242,5216.799540633988,0.7332284,1.0,1.0041235929819916
RAB3D,2,0.00010698214539549324,1128.5861080066168,2260.4040401782545,29.293679524080478,2263.1722160132335,0.859078975,1.0,1.0040489520261433
RAB3GAP1,2,0.00011554655776036048,2263.7783807211126,4531.091771491388,37.24736274411405,4533.556761442225,0.773037775,1.0,1.0017262826820497
RAB3GAP2,2,0.0007795363419550735,1939.182843407477,3881.932284664274,35.93710881467408,3884.365686814954,0.800709125,1.0,1.0063948745314069
RAB3IL1,2,8.230470277286753e-5,1247.4379362252812,2498.1593904892516,30.627489919934835,2500.8758724505624,0.845005075,1.0,1.0009335642620272
RAB3IP,2,0.0002398410168194621,2424.924283597859,4853.468576371205,37.62508989678359,4855.848567195718,0.7592605,1.0,1.008777905035411
RAB40B,3,0.0028753983065845914,5527.464743197093,11135.104088324773,25.96170703725483,11060.929486394187,0.52992535,1.0,1.004575134340693
RAB40C,2,0.00014964491155138745,1442.0866398864555,2887.236906949133,32.5280019455171,2890.173279772911,0.83411475,1.0,1.0038961031127975
RAB4A,2,0.003777844422179841,8744.528334008217,17496.75408042529,11.55080109064075,17495.056668016434,0.4470565,1.0,1.0105657144843256
RAB5A,2,0.0011161163722754313,3762.8851418744794,7528.988123421953,35.047848739029426,7531.770283748959,0.71715175,1.0,1.0083708397565878
RAB5B,2,0.0015023087443768962,3770.5867762626435,7548.9714720162765,36.19306944321152,7547.173552525287,0.651498375,1.0,1.006250894519621
RAB5C,2,0.004757846108690497,8054.157272618616,16129.78816888534,13.175683773298186,16114.314545237232,0.4365188,1.0,1.0087110098100696
RAB6A,2,0.001766821703789757,5300.304091740456,10605.42029853775,26.670892872024087,10606.608183480912,0.586973875,1.0,1.001469005155105
RAB6B,2,0.00039116054633511115,1744.526584327093,3492.503634048137,34.85239379114844,3495.053168654186,0.803897375,1.0,1.0048651596677682
RAB6C,2,2.8855554881519813e-6,66.42113255051264,136.51298556553004,6.0101869747703125,138.84226510102528,0.961867125,1.0,1.0016289461494996
RAB7A,2,0.005190587901721883,8706.96682946499,17426.63931317303,11.78882602332014,17419.93365892998,0.405841275,1.0,1.001812957183257
RAB8A,2,0.002248154611859723,6182.023867524809,12368.618099256002,22.29389802070193,12370.047735049618,0.543623175,1.0,1.008609257633316
RAB8B,2,0.0005712373796483126,1811.6419190325832,3626.7036350169524,35.46713802433919,3629.2838380651665,0.8186296,1.0,1.0071911763751573
RAB9A,2,0.0013465031613293969,4075.0756889639383,8153.017524139254,33.0629130445384,8156.151377927877,0.72223855,1.0,1.0029984491206605
RAB9B,2,1.7529073031303174e-6,53.42009676038001,109.26337615761199,5.327617595009583,112.84019352076002,0.965609475,1.0,1.0048980289177598
RABEP1,2,0.0024796691469317206,5178.817445535683,10363.064482964633,29.79710452398521,10363.634891071366,0.6170954,1.0,1.0035815077260066
RABEP2,2,0.00036855434893172373,1730.3537350751317,3464.855636859088,34.91049471557619,3466.7074701502634,0.810031175,1.0,1.003167795160563
RABEPK,2,0.002743984825240489,5265.762675311946,10536.513484435332,27.41382911479762,10537.525350623891,0.5768864,1.0,1.0040691138437878
RABGAP1L,2,0.0001654717905069466,1387.1286724753488,2777.6907481880003,31.96596649468461,2780.2573449506976,0.821833575,1.0,1.0032759731558882
RABGAP1,2,0.0003329846622975734,1659.6305237970641,3322.533972612415,34.25446123939798,3325.2610475941283,0.81398795,1.0,1.0050622852313178
RABGGTA,2,0.0003892980135245103,3193.4868456833156,6391.478020455114,37.3450707149783,6392.973691366631,0.706878675,1.0,1.0095198949409847
RABGGTB,2,0.004500564881757713,8139.567106131087,16284.378618053983,12.771942846993849,16285.134212262174,0.514241925,1.0,1.0037788189472834
RABIF,2,0.00195434126588086,4393.752662802998,8790.347321068597,31.157026352213663,8793.505325605996,0.70669455,1.0,1.0058687100579795
RABL2A,2,0.00012429937015722063,1007.5584159182995,2088.5312279252444,27.74623296779988,2021.116831836599,0.8315126,1.0,1.0027925136736828
RABL2B,2,8.486289404666906e-5,2223.6091069015115,4466.552878117301,37.12499641235419,4453.218213803023,0.730984725,1.0,1.0029360781431316
RABL3,2,0.0005245748796237019,1936.2531540859832,3877.5743620014327,36.11406367276564,3878.5063081719663,0.786703025,1.0,1.0015608284153776
RAC1,2,0.011084885454514044,12713.601939433254,25434.02364240328,5.996375742465051,25433.20387886651,0.2802955,1.0,1.0048306815139425
RAC2,2,0.0015584069863278844,5241.033027300744,10488.577327201005,27.580958109042243,10488.066054601488,0.596322775,1.0,1.0086688754577195
RAC3,3,0.00435845138535613,8848.753322974811,17816.53282816499,12.211040508396652,17703.506645949623,0.405040025,1.0,1.0085493715880327
RACGAP1,2,0.0037931792037480005,2883.6922284999255,5775.881241697148,40.11067836970942,5773.384456999851,0.723235,1.0,1.0025005390059132
RAD17,2,0.0007477058960248035,3235.549872578009,6475.768657537308,37.33379406984354,6477.099745156018,0.698322575,1.0,1.0025494623597366
RAD18,2,0.0005864012024179481,1617.8239849977576,3240.663696873736,33.818435319376654,3241.6479699955153,0.79216025,1.0,1.002293997190704
RAD1,2,0.002212668062158874,3595.6602375919724,7196.103602425666,37.47799446419097,7197.320475183945,0.681348575,1.0,1.0063717780552768
RAD21-AS1,3,6.961763207257421e-6,97.1360684809728,200.15230273016826,7.451900442050849,200.2721369619456,0.954441925,1.0,1.0038362229565498
RAD21,3,0.008022381095008337,7568.789189095963,15164.710465667224,17.596941149788993,15143.578378191925,0.46173435,1.0,1.0055756834614022
RAD23A,2,0.008348552294045268,10628.861314108659,21272.864115249173,8.736908115757544,21263.722628217318,0.366026275,1.0,1.0079718716154844
RAD23B,2,0.003094901847552826,7723.892123223045,15453.502630433542,14.259556918449343,15453.78424644609,0.48101355,1.0,1.0045666423032193
RAD50,2,0.004368452061019294,6889.2646721226265,13784.214393461027,18.62963753566525,13784.529344245253,0.5248699,1.0,1.0069246020625489
RAD51AP1,2,0.0021079062513464767,2298.3839069712417,4607.112376425078,37.79394384867631,4602.767813942483,0.752427725,1.0,1.0023102888956867
RAD51AP2,2,2.0459241963559698e-5,153.58303891399675,309.99349000917795,9.696109467111397,313.1660778279935,0.94424895,1.0,1.0024791072627486
RAD51B,2,1.2895181951436009e-5,794.6513065238149,1592.753460247338,24.518846416556773,1595.3026130476298,0.867811675,1.0,1.0022215437795174
RAD51C,3,0.007209703848217079,6874.161993490926,13753.225664757929,27.423979532489817,13754.323986981852,0.5254203,1.0,1.0037902108025143
RAD51D,2,0.000124973498769147,982.1546537756321,1968.5743462185071,27.106517853825448,1970.3093075512643,0.84684925,1.0,1.0030340570877496
RAD51,2,0.0011593576348964967,1199.555147186472,2405.567412867908,29.436304302160572,2405.110294372944,0.8244191,1.0,1.0050244306939655
RAD52,2,0.00013731141534054124,827.4753689881592,1658.107326078397,25.129152804673947,1660.9507379763184,0.884736325,1.0,1.0033271747642836
RAD54B,3,7.363851655939785e-5,679.3913426291933,1363.277625624268,22.310211550430843,1364.7826852583867,0.872545625,1.0,1.0040695756648772
RAD54L2,2,7.433836766206254e-5,1012.974732712088,2029.200229378165,27.631036898224913,2031.949465424176,0.854724475,1.0,1.0045056281836577
RAD54L,2,0.00018763083808383008,709.2511614661687,1423.5167387621752,22.669771965117587,1424.5023229323374,0.86900565,1.0,1.0023597192118503
RAD9A,2,0.0002014429958650146,2562.9851187909912,5130.778049418681,38.01557009871508,5131.9702375819825,0.7342191,1.0,1.0035115130817114
RAD9B,2,8.890774623536959e-7,39.83955172148687,85.4842224046369,4.543750600314125,85.67910344297374,0.9686778,1.0,1.0029898325103057
RADIL,2,5.11102541965222e-6,85.10928579809541,172.6612597923633,6.913616506924433,176.21857159619083,0.958816775,1.0,1.0024859053456119
RAE1,2,0.0007718329475892168,4449.9037950145475,8904.648808679789,32.872586114526726,8905.807590029095,0.63427225,1.0,1.006605583045645
RAET1E,2,0.0001943476825435533,1172.9823474336488,2351.374042722604,29.540877683655875,2351.9646948672976,0.824041,1.0,1.0038512097922614
RAET1G,2,0.00021130080732663167,402.9827094080329,809.6204838262805,16.925150019393346,811.9654188160658,0.9074381,1.0,1.003676917679343
RAET1L,2,3.6390392102655475e-5,195.5715591345835,393.9487227388834,11.150495958161972,397.143118269167,0.940420575,1.0,1.002425774336056
RAF1,2,0.0005906249673633692,3132.779360224089,6270.495284621111,37.94327261448032,6271.558720448178,0.6990878,1.0,1.0033923033519714
RAG1,2,6.0000561755234286e-6,91.16117461386625,184.94866026591865,7.188359946913744,188.3223492277325,0.956370125,1.0,1.0031144757289097
RAI14,2,0.000739987361025519,3326.2512845992087,6657.738474772643,37.27285527615325,6658.502569198417,0.687871225,1.0,1.0022852499309445
RAI1,2,7.050055156915033e-5,1182.5702962998723,2368.0177900800627,29.84128620604233,2371.1405925997447,0.86232135,1.0,1.0079558385339165
RALA,2,0.0022061298681705257,6247.256731326883,12499.11887849816,19.83787497150566,12500.513462653766,0.565086125,1.0,1.0049107001978828
RALBP1,2,0.007213451406873326,10681.650211016175,21368.49667692384,8.460953838313284,21369.30042203235,0.361526275,1.0,1.0049810187376322
RALB,2,0.0012910458048942402,3728.436275357287,7462.1219761377315,35.75859483119103,7462.872550714574,0.6639859,1.0,1.0021539126019325
RALGAPA1,2,0.0009990656729674293,2053.2746282036437,4110.641175420664,36.48497501120297,4112.549256407287,0.7766043,1.0,1.0026021124881443
RALGAPA2,2,0.0003565586115869044,1375.7341728511851,2756.562844045994,31.69449686340261,2757.4683457023702,0.8107311,1.0,1.011981929309943
RALGAPB,2,0.0002305435846745499,1358.4055720691442,2720.5473209951388,31.60402049727561,2722.8111441382885,0.824658125,1.0,1.0016049448962596
RALGDS,2,0.0014621762733818982,2576.389973291868,5157.64709512858,38.00695233548557,5158.779946583736,0.7307926,1.0,1.0053311533390212
RALGPS1,2,3.654731325365678e-5,845.8571945605715,1695.0495580421996,25.242811527748525,1697.714389121143,0.863160125,1.0,1.0029710899954845
RALGPS2,2,0.0003738694250398439,1774.4777870046082,3557.4309464547728,35.06799936013838,3554.9555740092164,0.778829275,1.0,1.006059826253997
RAMP1,2,0.0055979731433795105,9348.64055388841,18709.030178776964,10.879206757689216,18703.28110777682,0.421799425,1.0,1.0068024485117852
RANBP10,2,7.497333492763448e-5,1153.8482586516664,2310.8033959524646,29.481580330543387,2313.6965173033327,0.846509825,1.0,1.0019223283558198
RANBP17,2,0.0005387637942854661,1753.3634827571186,3511.428921141794,34.846992569092485,3512.7269655142372,0.78596285,1.0,1.0029019871258442
RANBP2,2,0.001435138470557261,3380.9616280171194,6766.320438264505,37.37371450501809,6767.923256034239,0.69105225,1.0,1.0067890720074182
RANBP3,2,0.00026209728010309917,2879.9918673895045,5764.542185642385,37.98810053238412,5765.983734779009,0.73346675,1.0,1.0039795450686122
RANBP6,2,0.00013898701907136146,1175.4348700426692,2354.2368156279285,29.640064798236104,2356.8697400853384,0.850106925,1.0,1.0036156234827918
RANBP9,2,0.0005441541788894537,1805.2076077440365,3614.32653043257,35.20079351636526,3616.415215488073,0.790918825,1.0,1.0032990879371064
RANGAP1,2,0.0007758458591037042,2399.3841044558485,4809.712700353304,37.918184636940644,4804.768208911697,0.726811525,1.0,1.002941718694014
RANGRF,2,0.002186144501469081,5104.837714108375,10216.754652432473,29.880473076208215,10215.67542821675,0.585694575,1.0,1.0096581162541274
RAP1A,2,0.0008456013133069486,4956.833434439215,9918.275883881483,28.01352789283506,9919.66686887843,0.61574185,1.0,1.0098704894824613
RAP1B,2,0.0012526650021986645,5673.456165044357,11351.8588465072,25.56523967872354,11352.912330088713,0.5515063,1.0,1.0041364378586726
RAP1GAP2,2,0.0005340473558907089,1632.63212468217,3269.4839389295835,33.95607829834952,3271.26424936434,0.804927775,1.0,1.0100448979581478
RAP1GAP,2,3.133467589794085e-5,986.630499361459,1977.2802023719178,27.399838823828578,1979.260998722918,0.8498717,1.0,1.0036995059798821
RAP1GDS1,2,0.00029867678684651025,2461.6874586492254,4929.26752933035,37.79566535063084,4929.374917298451,0.725985875,1.0,1.011821263736169
RAP2A,2,0.0001678851823741316,1278.0667782864066,2559.486885700133,30.800550250018933,2562.133556572813,0.8370511,1.0,1.003266046557538
RAP2B,2,0.0014691614162552998,5421.549507331253,10848.16408220056,29.087329888162287,10849.099014662506,0.588884875,1.0,1.0059496805736852
RAP2C-AS1,2,0.0001190280506228919,714.4162318205243,1433.2796274745958,22.855175283146046,1434.8324636410487,0.8702341,1.0,1.0025724206764968
RAP2C,2,0.0002394225423127171,1422.9389729530083,2849.6177434972237,32.24812367076204,2851.8779459060165,0.816516925,1.0,1.0053636062417335
RAPGEF1,2,0.00019390660896769619,1174.8340171356717,2355.083204005774,29.88086306891058,2355.6680342713435,0.834243625,1.0,1.0042229082029643
RAPGEF2,2,9.288981241536653e-5,1171.6147669716672,2346.206225436916,29.663884741936204,2349.2295339433344,0.8503099,1.0,1.0055257671799567
RAPGEF3,2,2.8759244818761345e-6,66.42110698019098,135.38124526733242,6.0109051956786335,138.84221396038197,0.9621669,1.0,1.0041830138272985
RAPGEF5,2,0.0005383371492800526,1625.3266136283448,3254.7592848185386,33.89961685446828,3256.6532272566897,0.8190874,1.0,1.0025373956748336
RAPGEF6,2,8.924776060387633e-5,649.6918041849257,1302.5228225610945,22.07719015593931,1305.3836083698513,0.895683325,1.0,1.0023473036341048
RAPGEFL1,2,0.00045610958090179076,548.0453964170053,1099.8683398804471,20.154761667301663,1102.0907928340107,0.8926491,1.0,1.0013850392955115
RAPH1,2,2.7136810302693645e-6,489.9410340391644,982.8231994885016,18.822432565834237,985.8820680783288,0.9041243,1.0,1.005068614096901
RARA,2,4.9808193563104464e-5,1075.4372309148239,2153.891269727678,28.589917218149004,2156.8744618296478,0.868792675,1.0,1.0083712563689133
RARG,2,0.00046840933380452805,2951.691202099737,5908.086760104744,38.28588591153594,5909.382404199474,0.72175495,1.0,1.0018239951813543
RARS2,2,0.0010931571374454203,3771.530798593168,7553.409230330996,35.29428536661446,7549.061597186336,0.6498477,1.0,1.005270781721964
RARS,2,0.0034658708333437666,7066.945070195828,14138.902188712855,15.88923944026425,14139.890140391655,0.5294449,1.0,1.0126686891680206
RASA1,2,0.00022881985588667203,1454.2090125894142,2911.618807558882,32.560796257274404,2914.4180251788284,0.8251784,1.0,1.0043206269806475
RASA2,2,0.0006178275740214245,1696.913332093946,3397.9860100782166,34.42685282331311,3399.826664187892,0.8094181,1.0,1.0028451617083785
RASA3,2,2.2438288795705277e-5,838.7809351629019,1680.8002091850738,25.186402850062628,1683.5618703258037,0.864807025,1.0,1.0031255737472216
RASA4,2,1.3978386153545955e-5,804.7631310707619,1613.015237267482,24.688022199259557,1615.5262621415238,0.868201125,1.0,1.0044475068661385
RASAL1,2,0.0002160160007128088,728.0327761999762,1459.5720719124392,23.51070433171669,1462.0655523999524,0.880380125,1.0,1.0012868137849082
RASAL2-AS1,2,1.0261395792083912e-5,114.65027620562203,231.8963879217516,8.195007765490775,235.30055241124407,0.952335575,1.0,1.0055238274877585
RASAL2,2,7.283380942916275e-5,1025.2723084124598,2053.7076174952367,27.80498394863524,2056.5446168249196,0.8553648,1.0,1.003628832081623
RASD1,2,2.272956535189879e-6,59.98324988599679,122.35789285751056,5.680351733477825,125.96649977199358,0.96395,1.0,1.003660258365783
RASD2,2,5.409658751202111e-5,230.63028794760615,464.2076241367409,12.26718210499913,467.2605758952123,0.9338281,1.0,1.0026827460006025
RASEF,2,1.741549881541624e-6,53.42006660642569,109.20710289062114,5.328841018542312,112.84013321285138,0.965598125,1.0,1.002768232567092
RASGEF1A,2,0.0016371708870430372,2436.5682377049498,4876.27236255402,37.646006948882594,4879.1364754098995,0.781832775,1.0,1.0050554492353156
RASGEF1C,2,0.00021130305757229478,402.9827153824352,809.3052244165186,16.925327073779332,811.9654307648703,0.908992825,1.0,1.0046516121704743
RASGRF1,2,4.316729178583603e-6,360.3693183962818,723.9389870573591,15.769104833626834,726.7386367925636,0.912228175,1.0,1.0049635732976256
RASGRF2,2,1.4969656630998775e-9,3.974443835530174e-6,1.3024624738549193,8.090167070589817e-15,6.000007948887671,0.98235245,1.0,1.0029041556708052
RASGRP1,2,4.8666292771043646e-5,220.7578812883817,444.48175422930404,11.959922228023546,447.5157625767634,0.93362955,1.0,1.0039088746723401
RASGRP2,2,0.00021195274042974983,2942.022733310084,5887.739733642455,37.73265308662409,5890.045466620168,0.73346585,1.0,1.0043908909617079
RASGRP3,2,1.2819419063932263e-5,126.02525704076918,254.77714598676133,8.652014994537188,258.0505140815384,0.949323125,1.0,1.0016027026145333
RASIP1,2,3.87027395468318e-5,200.66770555647133,404.6392773194399,11.316760480947138,407.33541111294267,0.935411525,1.0,1.0030702036471504
RASL10A,2,4.312064637779807e-5,757.7112265699964,1518.8662362066254,23.767825418653903,1521.4224531399927,0.873850475,1.0,1.0032944247747855
RASL11A,2,0.00045515745517637666,1872.2543669257461,3747.4994493961203,35.656410936870806,3750.5087338514923,0.8131358,1.0,1.0032785277732292
RASL11B,2,3.548863788888212e-6,72.74762033336697,147.8881248025826,6.327553666383315,151.49524066673393,0.962207225,1.0,1.0012977085529644
RASSF1,2,0.00011581994120669981,2288.381976124127,4581.247459108074,37.37046686139615,4582.763952248254,0.7527458,1.0,1.0023175824158979
RASSF2,2,8.644992423992614e-6,609.8895313468068,1222.9565083997772,21.228211183571272,1225.7790626936137,0.88571055,1.0,1.0027424541012133
RASSF3,2,0.0006875147160603417,2969.4437101810613,5943.3341477290805,38.105464385640616,5944.887420362123,0.711612175,1.0,1.0034465138872082
RASSF4,2,2.055821081658075e-5,606.3536036784246,1216.3651923716138,21.08710083972663,1218.7072073568493,0.8822411,1.0,1.0036201645290728
RASSF5,2,3.677001485328114e-6,407.7687518244968,818.4528839011952,16.936710253942525,821.5375036489936,0.909423375,1.0,1.003987316308979
RASSF6,2,6.78996833090621e-5,524.2895300844503,1054.8974065534774,19.28609497350085,1054.5790601689007,0.888975825,1.0,1.003637981282941
RASSF7,2,0.0015697201341903298,3866.515303956208,7737.801258173746,35.596669600158876,7739.030607912416,0.703662425,1.0,1.002087561537619
RASSF8-AS1,2,9.186114587100563e-5,882.5015808275787,1769.1591396322083,25.681480184603966,1771.0031616551573,0.8547897,1.0,1.0034076949511492
RASSF8,2,0.00028516842675966925,1287.426249007807,2579.0531454521615,30.804537328541432,2580.852498015614,0.82635865,1.0,1.0034713531879067
RAVER1,2,0.0001646999606745481,364.3330827201643,732.9823798208993,15.973295897350031,734.6661654403287,0.910569225,1.0,1.0021526379316095
RAVER2,2,0.0004432654071409662,1587.180884731396,3180.16491883821,33.61394562110584,3180.361769462792,0.7915474,1.0,1.0028335353408757
RB1CC1,2,0.0026045693966063135,5506.468225974805,11017.740336878096,25.910784370838716,11018.93645194961,0.595822875,1.0,1.0103711608196508
RB1,2,8.216618660045029e-5,2277.4116557878833,4562.7850571086565,37.28255484830113,4560.823311575767,0.73719925,1.0,1.0031228728878823
RBAK,2,0.00010115268231989512,1122.191120756968,2247.534091997374,29.032868640728505,2250.382241513936,0.8585672,1.0,1.003210389570247
RBBP4,2,0.004775902679419447,6637.069283570425,13284.353268269278,18.896073640319376,13280.13856714085,0.487725475,1.0,1.0087777911191511
RBBP5,2,0.00019687381830902178,1572.1739710084516,3147.5715270518785,33.693189345399176,3150.3479420169033,0.8302544,1.0,1.0032430137279202
RBBP6,2,0.0014782811083041895,6110.444499315504,12225.81604350198,23.49827170126199,12226.888998631008,0.58017595,1.0,1.007066023484433
RBBP8NL,2,1.3806597153788807e-5,428.60813593277146,860.5672392120013,17.354607918600635,863.2162718655429,0.90926165,1.0,1.0062261178269467
RBBP8,2,0.0017593861581319523,3360.429020192309,6729.559813310856,38.331101343709214,6726.858040384618,0.67125005,1.0,1.0045373473112873
RBBP9,2,0.00012079748953820254,817.4764628694426,1639.0513094239468,24.96578516045166,1640.9529257388851,0.866212575,1.0,1.0019130361719324
RBCK1,2,0.0033447295204413513,7102.281173976813,14209.406711268115,18.441284987013372,14210.562347953626,0.48707615,1.0,1.0066746881605713
RBFA,2,0.002036156047396795,5654.834299038315,11316.541131496966,24.051246774967517,11315.66859807663,0.57702955,1.0,1.0048111649410476
RBFOX2,2,0.002470118508989194,5584.344231829907,11176.105179707196,25.88846923177547,11174.688463659813,0.59211035,1.0,1.0079377950590402
RBKS,2,0.0007306711776548019,1537.4385262188896,3080.9095558037125,33.10623072781304,3080.877052437779,0.79362305,1.0,1.002411008460501
RBL1,2,4.6149818971115616e-5,719.1437421257963,1442.053740260195,23.08879065758737,1444.2874842515926,0.8725987,1.0,1.0021966917765448
RBL2,2,0.000807681327694451,1959.7582198387588,3925.4570993000216,36.04411579057447,3925.5164396775176,0.7655687,1.0,1.002662651738055
RBM10,2,0.0014955199020545533,3919.6378980762884,7844.29962823963,34.87650020584087,7845.275796152577,0.67064155,1.0,1.0051806647078558
RBM12B,3,0.0007573388130303598,1598.6992135334183,3201.8692274520618,33.64013759970342,3203.3984270668366,0.801794375,1.0,1.0071328767355592
RBM12,2,0.0009013541775636861,2175.1801284875464,4353.828325607808,36.99256105105738,4356.360256975093,0.781855525,1.0,1.0038364058746183
RBM15B,2,0.0023780441095595625,3990.063512826849,7984.814617468953,34.7954949134306,7986.127025653698,0.66745625,1.0,1.002034684817223
RBM15,2,4.454542478339927e-5,1066.523196597303,2136.0224636679472,28.469815520059598,2139.046393194606,0.873428725,1.0,1.0027575445426278
RBM17,2,0.0034763926527621837,8171.221738120329,16347.670325811436,14.130607425747879,16348.443476240658,0.447902275,1.0,1.0040912985494204
RBM18,2,0.0005884745482695921,4785.017361930151,9575.582904807474,30.30966945284252,9576.034723860303,0.621984875,1.0,1.004503406537409
RBM19,2,9.645245972292572e-5,1270.989217756104,2546.029204183569,30.8218214431008,2547.978435512208,0.826307275,1.0,1.0034338845169195
RBM20,3,3.2108614202503505e-5,690.6695281585111,1384.785987185665,22.627917555858737,1387.3390563170221,0.8762254,1.0,1.0032705641844784
RBM22,2,0.001914272880788718,4071.3834126143943,8147.620218755048,33.91907892471314,8148.766825228789,0.673467675,1.0,1.0037453850740081
RBM23,2,0.0009263105596526131,4967.37843424541,9939.433884152084,28.84644046489975,9940.75686849082,0.627275375,1.0,1.012592297315625
RBM24,2,0.00018488128312150055,1414.0085676895924,2832.397534368068,32.21202960930433,2834.0171353791848,0.81315745,1.0,1.0026375517523967
RBM25,2,0.004451569778842718,8376.92378950516,16758.78377211249,12.901499924575536,16759.84757901032,0.434875625,1.0,1.0029526140325804
RBM26-AS1,2,9.812141396619233e-5,835.9238740728631,1675.9974641987305,24.939473023456845,1677.8477481457262,0.8602727,1.0,1.0071074721194702
RBM26,2,0.0012138741173735401,5621.830013206547,11248.33221322742,26.494369141359293,11249.660026413094,0.568573825,1.0,1.0035071211635773
RBM27,2,0.0012272263711877675,6139.456809961826,12283.57163924148,22.231200378632632,12284.913619923653,0.5750507,1.0,1.0090610615351803
RBM28,2,0.000557415630146575,4689.383019599014,9383.91122913564,31.23999521857091,9384.766039198028,0.6480773,1.0,1.0050470233226638
RBM33,2,0.0005667085776385364,3420.14560771898,6844.40689929797,36.723370236501474,6846.29121543796,0.72287225,1.0,1.0027231889451547
RBM34,2,0.00020679974109613915,1329.6977790966878,2662.750200541628,31.562673503127073,2665.3955581933756,0.8439231,1.0,1.004408108550309
RBM38,2,0.00042636170393313996,2958.6303413700384,5920.6716750840515,37.73256423031481,5923.260682740077,0.7532022,1.0,1.0021987687510945
RBM39,2,0.006689237463015142,9914.580540543557,19834.1888898524,9.79911357558408,19835.161081087113,0.37311075,1.0,1.0056745452373594
RBM41,2,0.0009316360540114646,2283.326670808198,4572.333547504327,37.40530216466183,4572.653341616396,0.765581925,1.0,1.003051269705851
RBM42,2,0.0022637788898555258,5577.120880780195,11160.815795637447,24.96130198145417,11160.24176156039,0.5903796,1.0,1.01132130846656
RBM43,2,0.00018271786103106236,1504.9583347684877,3012.875499454438,33.077603548122454,3015.9166695369754,0.83468175,1.0,1.0041996606726815
RBM44,2,1.7457963602360717e-6,53.420077880826625,110.32018290825444,5.325656904917861,112.84015576165325,0.9651901,1.0,1.0048771771968807
RBM45,2,0.0001527368770031071,1431.780669436271,2867.9784361197294,32.42516313803549,2869.561338872542,0.8135636,1.0,1.0036051051862818
RBM47,2,0.0006650234461841584,2906.5784110350014,5818.050097548123,38.485608866709505,5819.156822070003,0.709564125,1.0,1.0044400531953566
RBM48,2,0.00043731305906245967,1901.261992287553,3805.475122465119,35.89611297605479,3808.523984575106,0.836112125,1.0,1.0040994833809616
RBM4B,2,0.000976638214463629,3607.375534958571,7219.501647364751,36.34283351441928,7220.751069917142,0.695039475,1.0,1.0065582312974077
RBM4,2,0.0017540137538079356,3885.886694805422,7776.146658282228,34.792143036660285,7777.773389610844,0.6829213,1.0,1.0024822545930356
RBM5,2,0.0004755710795279222,2798.081637179395,5601.008875480227,38.16428261067585,5602.16327435879,0.74135285,1.0,1.0067659342884714
RBM6,2,0.0018851091530952882,4012.887437414558,8031.626639255652,34.66546592356775,8031.774874829116,0.677491175,1.0,1.0086171030883015
RBM7,2,0.0012133441483464017,4987.087027559963,9978.89755460515,27.807547601981753,9980.174055119925,0.675909275,1.0,1.004562876996627
RBM8A,2,0.013260721749074608,11582.313885930957,23169.653356220184,7.469548206692969,23170.627771861913,0.328988775,1.0,1.0025415521484151
RBMS1,2,0.0002935139114883699,2726.55289222063,5457.757511840361,38.211678569948766,5459.10578444126,0.730370925,1.0,1.0021845264595255
RBMS2,2,0.00011683937951894359,1166.4011514695885,2338.1353182235007,29.55900529645801,2338.802302939177,0.82631515,1.0,1.0023310174870355
RBMS3,2,3.19296080031592e-7,25.4362045905275,53.05614406818432,3.645196177108642,56.872409181055,0.973791425,1.0,1.0030254290312044
RBMX2,2,0.0010566595784432605,4667.469664566889,9339.385354715654,31.443877955239476,9340.939329133778,0.615835925,1.0,1.0048064408189767
RBMXL1,2,0.00038106723110541737,2927.9338212308858,5860.096645870448,37.83502939765889,5861.8676424617715,0.74106485,1.0,1.0064168399064763
RBMX,2,0.006862013164486653,9535.959541297152,19076.836573146604,10.368829564113767,19077.919082594304,0.4028053,1.0,1.0074787554097928
RBP5,2,1.2818867536896635e-5,126.0252555764649,257.1928654294523,8.651040578231342,258.0505111529298,0.9483616,1.0,1.0019062071358131
RBPJ,2,0.002542829025585554,5526.985866488421,11058.685458487478,25.858534436024353,11059.971732976843,0.608016175,1.0,1.0092433334831217
RBPMS-AS1,2,0.0001551334355160672,355.5876963210802,714.3480917976619,15.752510234235084,717.1753926421604,0.91849695,1.0,1.0028331052674393
RBPMS2,2,0.00010845993092243675,1209.4209723105228,2422.3655931959543,30.091677139068697,2424.8419446210455,0.833919425,1.0,1.006365850048271
RBPMS,2,0.0005063871138529198,1741.158672030538,3485.8030021205277,34.774351592040226,3488.317344061076,0.808106525,1.0,1.0025345658660498
RBX1,2,0.011346549503495135,11905.93743744248,23826.24353811549,7.057770518396556,23817.87487488496,0.310400675,1.0,1.006397693980841
RC3H1,2,0.0005515460242208875,1848.5000964725944,3700.1896763355826,35.4682444488061,3703.0001929451887,0.8083251,1.0,1.0063979688905655
RC3H2,2,0.0009905573763488494,2061.143207566934,4126.070124745462,36.50800443010095,4128.286415133868,0.785006675,1.0,1.0020468437990913
RCAN1,2,0.0001424214503441706,1163.7283281797256,2332.24472059899,29.49031683645441,2333.4566563594512,0.827824425,1.0,1.002282589271756
RCAN2,2,4.354159465268085e-5,210.76996710874124,424.7059604205058,11.643348021680772,427.5399342174825,0.933958675,1.0,1.0024209464660985
RCAN3,2,0.0003728881840997743,2922.3734223410215,5849.211780472544,37.991611290285654,5850.746844682043,0.724719225,1.0,1.01075528642053
RCBTB2,2,0.00023388374282864213,419.81473393208523,843.9386915292325,17.325965300773905,845.6294678641705,0.90391325,1.0,1.002044203022408
RCC1,2,0.002124594807197151,5433.938437756844,10874.6869867907,28.53103707447589,10873.876875513688,0.552272275,1.0,1.0022815796934779
RCC2,2,0.002595277376401707,3840.973597297156,7688.270621070205,36.70917337689674,7687.947194594312,0.66514675,1.0,1.0019744515138764
RCCD1,2,0.0018070669265113247,2879.8732863498903,5765.8585744569755,39.17239999801522,5765.746572699781,0.714083925,1.0,1.006907426498169
RCE1,2,0.0008633226784567391,3415.0782345300777,6834.460012213194,36.92788341287413,6836.156469060155,0.717798325,1.0,1.0038431343167806
RCHY1,2,0.000622980536972084,3571.4576508859786,7146.0155120327145,35.91357661326267,7148.915301771957,0.72529275,1.0,1.0058904054024704
RCL1,2,0.000282203655647159,2488.500435850826,4981.2699683026185,37.8487546772438,4983.000871701652,0.748902,1.0,1.0031022506024612
RCN1,2,0.0016444406308743192,7154.722621541456,14365.883595256513,16.49436960457383,14315.445243082911,0.4557896,1.0,1.0027197260285907
RCOR1,2,0.00019341902683840017,2521.7575268367013,5047.729902560754,37.86259235593343,5049.515053673403,0.756480525,1.0,1.0030631881788699
RCOR2,2,2.7773634043064237e-5,968.0198193460109,1939.0280622306232,27.127348575752972,1942.0396386920218,0.869928225,1.0,1.001895882850435
RCOR3,2,0.00018067482717819847,2265.280301683443,4535.217559464526,37.26459678426006,4536.560603366886,0.751765175,1.0,1.0031834545509661
RDH10,3,7.567499942477404e-5,1022.2111564127995,2049.0351379439467,27.759282305576555,2050.422312825599,0.8409107,1.0,1.003125537134201
RDH11,2,0.002458229633306354,5492.417874996374,10993.373581960785,26.509452188172187,10990.835749992748,0.569161675,1.0,1.0110542597778371
RDH12,2,2.8755952706445256e-6,66.42110610613516,135.5407134584324,6.0108291189125955,138.8422122122703,0.962091525,1.0,1.0042738972290586
RDH13,2,0.00019004208715018138,2283.1218359319823,4570.136181826876,37.299829445777014,4572.243671863965,0.78845495,1.0,1.0024857055837892
RDH14,2,0.00043570639720148774,4607.0126365748,9218.677801174164,31.08213584297331,9220.0252731496,0.678690725,1.0,1.0024190442636773
RDH16,2,3.5530199706273214e-6,72.74763136802947,168.99754249364952,6.32298635617915,151.49526273605895,0.95966995,1.0,1.003758715836204
RDM1,2,0.0005326004072977867,1264.2305589917883,2534.776086849644,30.40536908405396,2534.4611179835765,0.81504175,1.0,1.003142763094736
RDX,2,0.005035703691426804,8994.384695323746,17993.54144279703,11.738899913621612,17994.769390647492,0.416124475,1.0,1.005251756215039
REC8,2,7.20417216886495e-5,259.6808599735772,534.9441493506414,13.135952858373852,525.3617199471544,0.92382355,1.0,1.0026693448689132
RECK,2,0.0003895484346339957,1296.0041369891155,2596.9124580200246,30.83454740542253,2598.008273978231,0.81644925,1.0,1.0026737281821871
RECQL4,3,0.0002877335341646317,2296.8019255829017,4603.617211204266,37.531546386876585,4599.6038511658035,0.7331535,1.0,1.0032053644158032
RECQL5,3,0.00041071465023198394,1121.3570998222608,2247.2424877411177,29.298855096477784,2248.7141996445216,0.8420322,1.0,1.0037506809346297
REEP1,2,0.00028237477238039055,759.1950363628049,1523.7189345515208,24.05399753569988,1524.3900727256098,0.8663006,1.0,1.0023223456004366
REEP2,2,0.0001732099674159265,1286.3983896657053,2636.2159269299977,30.871484910792123,2578.7967793314106,0.804605175,1.0,1.003278076989317
REEP4,2,0.0029648066279160273,5394.155626195613,10793.268288643401,32.0284943037334,10794.311252391226,0.575429925,1.0,1.002550514059107
REEP5,2,0.0039511206200701044,9144.769618607805,18396.21333214778,11.017458601041394,18295.53923721561,0.37372795,1.0,1.004934231486214
REEP6,2,0.0030355082908073627,5633.74427250098,11292.506436621037,24.30743805692155,11273.48854500196,0.530049725,1.0,1.005673308837037
RELA,2,0.000818951266275225,3452.932470206845,6910.984093612194,37.12333959249864,6911.86494041369,0.697315675,1.0,1.0023921280611003
RELB,2,0.0006694751292346631,1555.3767366646084,3115.5989764898736,33.28354542021152,3116.753473329217,0.80141925,1.0,1.005598186377502
RELL1,2,8.169718611046923e-5,956.7268287325394,1917.022233667349,26.814678194786133,1919.4536574650788,0.85411985,1.0,1.0042656899556557
RELL2,2,4.0014957312359017e-5,1005.1352357795445,2016.018472015664,27.66546475829111,2016.270471559089,0.842107275,1.0,1.0046001455646891
RELT,2,0.0002823745649620741,759.1950358121093,1521.561175207291,24.05403689881871,1524.3900716242185,0.892517575,1.0,1.0031772832459127
REL,2,0.0010765197822370021,3243.2047036843996,6490.689583873604,37.6457181740512,6492.409407368799,0.72578315,1.0,1.0054199840884948
REM2,2,0.0001037710218843495,301.7716059173792,606.5008043387865,14.330666310397323,609.5432118347584,0.930137625,1.0,1.003290870995959
REP15,2,6.885244109044119e-5,254.89892919553233,512.7746548896529,12.998056511877445,515.7978583910647,0.93007785,1.0,1.0022020617783844
REPIN1,2,0.0012435939722803954,4627.240363164509,9258.893619830722,31.75230357709558,9260.480726329019,0.627983625,1.0,1.009829279265225
REPS1,2,0.00011176607250124259,2349.0232813998437,4702.526458659202,37.52908080921127,4704.046562799687,0.756389,1.0,1.0018712388459678
REPS2,2,0.00010346288491760197,660.5670030593341,1325.7615781208108,22.281729169040222,1327.1340061186681,0.87732185,1.0,1.005648524296766
RER1,2,0.002914184632658324,8959.047254234558,17923.372646115087,11.461947212267516,17924.094508469116,0.40688495,1.0,1.0048269210665308
RERE,2,0.0005706335833427266,3216.4025323725054,6437.4764688841005,37.703084166794994,6438.805064745011,0.716655575,1.0,1.0036725347642617
REST,2,0.0012380433956466397,6473.310727488937,12951.277581460268,19.437836512862294,12952.621454977874,0.5867891,1.0,1.0082869081774197
RET,2,9.9901780882794e-6,560.7533455703447,1126.0278521237174,20.239644766733758,1127.5066911406893,0.88542015,1.0,1.0057592612499502
REV1,2,0.00020111308373211263,2727.3457462298593,5458.780803990232,37.973630591734,5460.691492459719,0.7497984,1.0,1.0034172566698216
REV3L,2,0.0005379847191753145,2807.9384443982685,5620.069686197391,38.32210687701724,5621.876888796537,0.73225615,1.0,1.0036868169196569
REXO1,2,0.0005268480750609705,1931.695475657887,3866.570182584652,35.97308784272691,3869.390951315774,0.803172275,1.0,1.004343386486779
REXO2,2,0.004849055708212224,8723.652817105298,17454.6443280767,11.902021493939557,17453.305634210596,0.412925125,1.0,1.0061616357354304
REXO4,2,0.0008001045362300784,4233.298852456213,8471.131552888384,34.2976361149575,8472.597704912427,0.64144685,1.0,1.0076231576901231
RFC1,2,0.004832433839841848,7263.395704772879,14532.239984031075,20.360750083674812,14532.791409545758,0.5059373,1.0,1.0049520976674928
RFC2,2,0.000813913121377416,3655.681665197118,7324.180992888579,38.24023988323769,7317.363330394236,0.6499861,1.0,1.0049133074253023
RFC3,2,0.0015239428298132794,2390.596190372576,4787.278685069172,38.020766527549746,4787.192380745152,0.736027,1.0,1.004497809994767
RFC4,2,0.0014257523141441983,3251.138378313922,6508.207369999789,40.27934987393292,6508.276756627844,0.697610475,1.0,1.0019754008246462
RFC5,2,0.0019114389357908245,2795.7305131082194,5608.206655521084,39.048974483126585,5597.461026216439,0.70685035,1.0,1.0025674167782657
RFESD,2,0.00022935609116591315,975.980453855788,1955.2347232742025,27.357327435083672,1957.960907711576,0.873669975,1.0,1.0033030925016566
RFFL,2,6.991530495871232e-5,879.2408355903451,1762.138269245482,25.675728279784696,1764.4816711806902,0.861559775,1.0,1.0025033321896926
RFK,2,0.0023781418491515844,4982.253263588831,9969.483354449534,29.731723956932374,9970.506527177662,0.589690975,1.0,1.00441600355837
RFNG,3,0.0006381912874819733,3546.335062260857,7102.6016585816,36.01090704475219,7098.670124521714,0.6684791,1.0,1.0026338695046462
RFPL1S,2,8.871672686794076e-7,39.83954664992267,81.95620265602298,4.5494846653121375,85.67909329984533,0.9695001,1.0,1.0028104169356291
RFPL2,2,6.887924286577109e-5,254.89064435357605,517.1675230321982,12.996162993450294,515.781288707152,0.925080575,1.0,1.0029938607168671
RFT1,2,0.0007439709951709569,3025.505530508293,6054.517757734067,37.50937579390534,6057.011061016586,0.757212675,1.0,1.0063346960171762
RFTN1,2,6.188864869292757e-5,764.5715769914924,1533.5868031051282,23.83206793757382,1535.1431539829848,0.86462735,1.0,1.0020918483768526
RFWD2,2,0.00010495254446997884,2449.578585415927,4903.109418429107,37.68833591649178,4905.157170831854,0.761247125,1.0,1.003427268745975
RFWD3,2,0.0002369183917046648,1922.547986815054,3849.349473156308,35.80850505967693,3851.095973630108,0.772385425,1.0,1.0064875840983183
RFX1,2,0.00017497259051780066,1445.0970798457292,2893.161334966468,32.526057074738276,2896.1941596914585,0.83886885,1.0,1.004839638485495
RFX2,2,2.1629556473715614e-5,851.9951715438241,1707.0310395103077,25.40008772961627,1709.9903430876482,0.8709173,1.0,1.0033831285422146
RFX3,2,0.00015279630309473498,1110.8705659288341,2225.768478963545,28.814292123806343,2227.7411318576683,0.836276375,1.0,1.0051510196407198
RFX5,2,0.0002424770973618867,2817.4260012197396,5640.386442872316,38.029979405630925,5640.852002439479,0.7139888,1.0,1.0036662819679034
RFX7,2,7.343350082208652e-5,783.7966105261181,1570.7373973317651,24.403534382956476,1573.5932210522362,0.884832675,1.0,1.004322044607412
RFXANK,2,0.0023767255009129445,5609.389411529186,11223.893001494105,23.90291021678941,11224.778823058372,0.575258475,1.0,1.007712219017683
RFXAP,2,2.6739101464495093e-5,838.1202987530625,1679.2706838858696,25.238319506718963,1682.240597506125,0.884291375,1.0,1.0036445690812388
RGAG4,2,1.1408891125500901e-5,506.10430789416023,1015.3866829277687,19.090917009980938,1018.2086157883205,0.896549275,1.0,1.0044926060725259
RGCC,2,0.0009667392557577566,1497.3587889944752,2999.830875350485,32.69482622382636,3000.7175779889503,0.8048399,1.0,1.0022461927301316
RGL1,2,3.4162204448006596e-5,190.43831881944377,383.6955850821586,10.980030730458095,386.87663763888753,0.9391658,1.0,1.0051330364887014
RGMA,2,0.0003227325892938016,776.3010562220729,1555.792997481103,24.346648958211993,1558.6021124441459,0.89199305,1.0,1.0022755058914643
RGMB-AS1,2,2.667810287368721e-5,485.72043858572385,975.3804724189393,18.578732214556382,977.4408771714477,0.8963046,1.0,1.00300085441176
RGMB,2,0.0001462636301813011,1019.7980267713262,2042.669894665369,27.92716646995021,2045.5960535426525,0.877945425,1.0,1.0017953975445104
RGP1,2,0.0008124806807071177,2927.156195682973,5859.796900347738,38.08604004626832,5860.312391365946,0.720622,1.0,1.002122666644485
RGS10,3,0.0073724528793801146,11303.143939548112,22612.346165628267,7.766589341424112,22612.287879096224,0.3144502,1.0,1.0084858865323576
RGS12,2,0.00028046614329108163,1560.1393474272306,3123.4211861540075,33.47879949002252,3126.2786948544613,0.821944225,1.0,1.0035802585391624
RGS14,2,0.0010096361155166893,3230.140319130321,6464.4952925988255,37.76996555872091,6466.280638260642,0.7173032,1.0,1.0028423202493624
RGS16,2,0.0006174678917651233,1122.601265513672,2249.4782680887492,28.65995743509991,2251.202531027344,0.839044675,1.0,1.0030864840103568
RGS17,2,0.00011790493169473299,1393.7735969529938,2790.6004520195834,32.10154694142677,2793.5471939059876,0.841462725,1.0,1.0021407435493268
RGS19,2,0.0008745199839476116,3557.0598578368867,7118.606832462117,36.35983505833317,7120.1197156737735,0.703742525,1.0,1.002207496056003
RGS20,2,0.00020253787490850646,2248.1037567737308,4500.834232175648,37.25872534321522,4502.2075135474615,0.7496573,1.0,1.0043254660968777
RGS2,2,0.0007230865680882755,1476.8324126559128,2958.0723207607825,32.56440313692896,2959.6648253118256,0.81892795,1.0,1.0039168760363526
RGS3,2,0.00020410925103764305,1013.2012113887473,2030.7209299348863,27.45348883394422,2032.4024227774946,0.847879675,1.0,1.0012055356293168
RGS5,2,3.2571188351825626e-6,445.3349303663695,894.1282681635282,17.816953490442987,896.669860732739,0.9011415,1.0,1.0017992345034334
RGS6,2,0.00025017513399458875,1136.6309301647088,2277.0138951247977,29.446150707299385,2279.2618603294177,0.84573525,1.0,1.0028567020733237
RGS9BP,2,1.2824568381710136e-5,126.02527071220787,254.66497929559856,8.652382482613081,258.05054142441577,0.949918625,1.0,1.0025954216058306
RGS9,3,2.4842225384263743e-5,834.8082281518674,1673.7858573471744,25.183934539101973,1675.6164563037348,0.861032575,1.0,1.0040832906929429
RHBDD1,2,0.00025156163046257936,1388.4216370803488,2780.6945715980914,31.896578078081237,2782.8432741606975,0.819116675,1.0,1.0034682223610127
RHBDD3,2,0.00046384149375029954,2282.2490152993723,4568.4791319085025,37.30523905694042,4570.498030598745,0.761024725,1.0,1.003185501612583
RHBDF1,2,3.130326066355349e-5,986.6757012924446,1977.0507245741558,27.400765258291713,1979.3514025848892,0.85260975,1.0,1.0025636912589737
RHBDF2,3,0.00014806263704200882,2646.85884833718,5298.613838926075,37.901043902775314,5299.71769667436,0.73185875,1.0,1.0085172963282263
RHBDL2,2,1.2782068333539112e-8,3.393639142554634e-5,1.2456434458632666,1.1441223993092332e-14,6.000067872782851,0.982442375,1.0,1.0020138062606874
RHBDL3,2,6.272800923790014e-5,245.26645632651434,493.73510097986986,12.711335529693114,496.5329126530287,0.928722925,1.0,1.0024632193905827
RHBG,2,7.116450589613392e-5,722.5073719351687,1470.3984456154863,23.084275377175285,1451.0147438703375,0.8635065,1.0,1.0022591967955372
RHCE,2,2.712872947059476e-6,489.94103189370355,983.0264494771438,18.821597045707684,985.8820637874071,0.899209125,1.0,1.002030201621177
RHEBL1,2,1.4974913025393655e-5,398.93914692890104,801.3903610596641,16.651032560633237,803.8782938578021,0.91021415,1.0,1.0021039768902253
RHEB,2,0.013796098648620561,9919.609087666295,19846.346151891812,10.373704911647323,19845.21817533259,0.3870177,1.0,1.0051248302234026
RHNO1,2,0.002710912410896918,2911.685115430846,5828.2668339623015,39.03542325865733,5829.370230861692,0.7045309,1.0,1.0034400565600647
RHOBTB1,2,0.00011974404338088954,319.9804379766108,643.1190138977736,14.823273406317133,645.9608759532216,0.9202905,1.0,1.0057716889676156
RHOBTB2,2,9.496728414938566e-6,576.0284843482181,1155.10057439754,20.55338290665605,1158.0569686964361,0.889190675,1.0,1.0065553027624745
RHOBTB3,2,0.010474173473748185,11377.165910979797,22760.612058703984,8.800748972035384,22760.331821959593,0.388113625,1.0,1.0048088071114802
RHOB,2,0.0017087479100244421,5588.380850610809,11182.595750671178,27.624072536554582,11182.761701221618,0.581701375,1.0,1.007685618011994
RHOD,2,0.002910111606118628,5517.679711738649,11042.71693514907,26.606718765389715,11041.359423477297,0.57276535,1.0,1.0044474239111185
RHOF,2,0.004285844217559906,8002.128247420918,16009.144786498053,13.26996004873938,16010.256494841837,0.485523275,1.0,1.0028002862013303
RHOG,2,0.0012189672371359672,5265.612527208919,10536.706877728311,27.041257360054114,10537.225054417839,0.639711675,1.0,1.0035083728821774
RHOQ,2,0.0006516284521311897,2786.4967988982853,5578.1296315625395,38.49895737542394,5578.993597796571,0.71092915,1.0,1.005061897393856
RHOT1,2,0.0007281499158445265,3011.6900454983947,6026.890017132951,37.61434081823171,6029.3800909967895,0.735476825,1.0,1.0033194941980166
RHOT2,2,7.621380066758312e-5,2558.774441600239,5134.660159768237,37.79796760078335,5123.548883200478,0.719367875,1.0,1.0032403294382266
RHOU,2,3.2797393933170417e-6,441.21062174584205,885.2732997440535,17.72454583250441,888.4212434916841,0.910214625,1.0,1.0017193768481785
RHOV,2,0.00024726522060536436,1636.221322554308,3275.25669998491,34.13378908110022,3278.442645108616,0.841916175,1.0,1.0087779655457492
RHPN1-AS1,3,8.541684791734698e-5,278.5908142111011,560.2276677423683,13.683587808917371,563.1816284222022,0.926131875,1.0,1.0029758902481374
RHPN1,3,0.0007444426791498172,1949.8132181602653,3925.7476433453057,35.99203149092024,3905.6264363205305,0.752840225,1.0,1.0059354066962791
RHPN2,2,8.350054900464181e-5,1225.8083201426975,2454.6875943717055,30.330404812076804,2457.616640285395,0.845792875,1.0,1.0038457479441114
RIBC1,2,0.0004724579532350503,555.7277188415054,1114.8683459421923,20.31355909686577,1117.4554376830108,0.8988704,1.0,1.0022929370767544
RIBC2,2,0.00028155982875490847,781.4133915171179,1567.2299662818316,23.828511395517427,1568.8267830342359,0.8646117,1.0,1.002478432818076
RIC8A,2,0.00023743130638480492,2932.950814449873,5869.434305346719,37.749870819771466,5871.901628899746,0.7444402,1.0,1.003787628377015
RIC8B,2,0.0001252030580982484,1390.3730190668043,2784.1098941792216,32.101246227029996,2786.7460381336086,0.8364169,1.0,1.0038461643240484
RICTOR,2,0.0005515773399535435,1848.605700664431,3700.377392881369,35.470041963293106,3703.211401328862,0.807008025,1.0,1.0045414429632702
RIF1,2,0.0009268149402563341,3326.8425026691216,6659.019735848181,37.80087994881562,6659.685005338243,0.708603775,1.0,1.0099504979465195
RIIAD1,2,1.2779298881679347e-6,46.71352766589774,108.07298530780277,4.946799243605625,99.42705533179549,0.966654325,1.0,1.0022622081723591
RILPL1,2,0.0005585517825169398,593.6291637719631,1190.6998722228684,21.077324248743675,1193.2583275439263,0.895634875,1.0,1.0038895332139042
RILPL2,2,0.0011146039045940954,3628.932978088017,7262.32352718508,35.970697540331074,7263.865956176034,0.6888313,1.0,1.0046017595469077
RILP,2,0.001767407849190376,4021.0202725193603,8048.092730019627,34.47095488679853,8048.040545038721,0.651676975,1.0,1.0058417047135395
RIMKLA,2,0.00010507535721431946,1355.9363547750506,2715.063137052905,31.73526255765097,2717.8727095501013,0.83943295,1.0,1.0032022245939292
RIMS2,3,5.113280306809122e-6,85.10929178482081,173.25262565295748,6.9129196018659025,176.21858356964162,0.957478975,1.0,1.003715508940437
RIMS3,2,3.071191104764408e-6,461.7136995230077,926.8879097797586,18.19102384774155,929.4273990460154,0.8995711,1.0,1.003173738958276
RIN1,2,0.001371523260740482,3996.42241667052,7996.881801488976,33.98276719539276,7998.84483334104,0.70109815,1.0,1.0042747220856916
RIN2,2,2.0466925107680558e-5,153.57851863263332,309.89024702838833,9.696635602062992,313.15703726526664,0.945781325,1.0,1.0039653124234125
RIN3,2,0.0006907482266560409,1887.0963722859112,3777.847659620343,35.66545996955212,3780.1927445718225,0.793462575,1.0,1.005522265842837
RINL,2,9.175603786909619e-5,2041.0074692340274,4086.8668366045044,36.43608084945377,4088.014938468055,0.7583374,1.0,1.0031332070227428
RINT1,2,0.0003032106391585842,1320.901584164164,2645.651828070372,31.507256412850516,2647.803168328328,0.83700725,1.0,1.0037289774691631
RIOK1,2,0.002295934055671311,3947.759233423828,7901.0725629685285,35.64684540707361,7901.518466847656,0.6679015,1.0,1.0049177337962765
RIOK2,2,0.00031801607838321394,2926.864424024745,5858.171551174745,38.04096377558601,5859.72884804949,0.741856875,1.0,1.0031694589274986
RIOK3,2,0.0001406371409544771,2544.091822938441,5093.794599819743,37.86251354050458,5094.183645876882,0.726767975,1.0,1.0047875376355755
RIPK1,2,0.0001700021673695564,1371.089344575383,2745.242447331596,31.794425751909312,2748.178689150766,0.83524015,1.0,1.0029532024571248
RIPK2,3,0.0008803518501255232,4466.236406746347,8936.984383262889,31.390567223801803,8938.472813492694,0.650326725,1.0,1.003536799923757
RIPK4,2,1.9616534526614404e-5,624.9951250327218,1253.0867773977793,21.453972930485012,1255.9902500654437,0.897180025,1.0,1.005702574541819
RITA1,2,0.0011962394765161102,3777.2654692492442,7559.291982553787,35.64290460648213,7560.5309384984885,0.70069825,1.0,1.0135935176373687
RLF,2,0.0003966684878529402,2330.5967534286433,4665.325086834584,37.443369061726436,4667.193506857287,0.79620295,1.0,1.0028423306973293
RLIM,2,0.00100714513657036,2170.650163605232,4344.339725716914,36.95679874085661,4347.300327210464,0.801477975,1.0,1.0026342119399752
RLN1,2,4.294735825099179e-6,78.97397130676484,160.3947934530141,6.627077656630335,163.94794261352968,0.95981685,1.0,1.0022224503537023
RLTPR,2,0.0007208274840104787,2910.5541778406996,5825.64045788015,38.379213022361114,5827.108355681399,0.708113625,1.0,1.005998723010196
RMDN1,3,0.0015186348701967292,6565.320387343497,13198.143086829728,18.332679175966597,13136.640774686994,0.477114225,1.0,1.0097348200920477
RMDN2,2,3.9268813968072554e-5,809.0560875098756,1621.8536562802192,24.63846311875342,1624.1121750197512,0.86162885,1.0,1.0043363275592652
RMDN3,2,0.0006546757435708385,2109.0208812547985,4223.690496536688,36.80908846708089,4224.041762509597,0.7704719,1.0,1.0036585967971332
RMI1,2,0.000488831481980038,1498.2239046990326,3000.88248700787,32.82827070288961,3002.447809398065,0.812116125,1.0,1.0044446172180967
RMI2,2,0.000790327516220094,2093.039821026244,4191.047458831752,36.7009584400961,4192.079642052488,0.753039625,1.0,1.0039443039366214
RMND1,2,0.0004476450274363261,2996.8702170844094,5996.968763986195,37.62478568700023,5999.740434168819,0.74969515,1.0,1.0033512769531459
RMND5A,2,0.00031061646097023046,2588.2948420240205,5180.683675772349,37.88677953357133,5182.589684048041,0.7500596,1.0,1.0026299290326293
RMND5B,2,0.0003454930946708442,3005.653549224312,6016.340835751278,37.88360078499581,6017.307098448624,0.713781125,1.0,1.0120261160154695
RNASE4,2,6.886791461900616e-5,254.89897027775066,522.3089600406153,12.995585500902129,515.7979405555013,0.92472405,1.0,1.0020588068943383
RNASE6,2,3.220678727864684e-7,25.436211949637265,53.263040747856365,3.636534093600129,56.87242389927453,0.973473175,1.0,1.0048338851457828
RNASEH1-AS1,2,0.0007771838767931542,2035.3975638889929,4074.289083349371,36.4303013207911,4076.7951277779857,0.7849336,1.0,1.0083107896009849
RNASEH1,2,0.0007429257638333335,4455.677902035268,8918.322051380297,33.39821559347822,8917.355804070536,0.626530525,1.0,1.0109796741021562
RNASEH2A,2,0.0036151265397418382,6019.104069349922,12050.909805846717,31.794882440187916,12044.208138699843,0.560056125,1.0,1.0028735209110842
RNASEH2B,2,0.0019370240615235713,5665.513047663211,11337.183778402155,27.727679099260712,11337.026095326422,0.5498488,1.0,1.0042185779722712
RNASEH2C,2,0.0021563194499604936,5262.629123837285,10531.594510299772,29.063077668253428,10531.25824767457,0.6076399,1.0,1.0055641379919604
RNASEK,2,0.0009434328684576167,2101.467668229243,4207.131314125235,36.69674483787906,4208.935336458486,0.77285085,1.0,1.0028806959664645
RNASEL,2,1.6785996273337797e-5,694.0565612921813,1391.1282564557373,22.75302485530311,1394.1131225843626,0.882279825,1.0,1.0043759955331437
RNASET2,2,0.003542607981298037,5966.39362529563,11949.913994499557,21.816291101232956,11938.78725059126,0.541105575,1.0,1.0034934251192247
RND1,2,0.00021130082808395532,402.98270946314364,808.9740439867929,16.92531166403533,811.9654189262873,0.921500825,1.0,1.0028691347723744
RND2,2,2.907043716446149e-6,473.87724733781033,950.9562026240483,18.4643548769401,953.7544946756207,0.899188325,1.0,1.0017000644423708
RND3,2,0.0008886906891441416,2053.2572530951525,4111.5449527475885,36.50707559768497,4112.514506190305,0.770272275,1.0,1.0021886686962618
RNF103,2,0.0006017755389240849,1525.9049216968046,3054.9978790155947,33.463566857502094,3057.8098433936093,0.846441775,1.0,1.0056553972953035
RNF10,2,0.0014028301813472852,4015.0574366271467,8035.121359350011,33.983746479551776,8036.114873254293,0.672399825,1.0,1.0047212309583184
RNF111,2,8.69579916772705e-5,2347.6306985403194,4698.469778248833,37.46189147980136,4701.261397080639,0.794992225,1.0,1.0046771708406077
RNF112,2,1.206870385050771e-8,3.204240872309797e-5,1.254670004279111,1.1441223993175577e-14,6.0000640848174465,0.982562375,1.0,1.00200122148726
RNF113A,2,0.0012845735042543345,2342.296024148643,4687.479287213245,37.46627474592131,4690.592048297286,0.800780125,1.0,1.0058232412178256
RNF114,2,0.0028680612799512053,6424.547094152909,12853.816434376478,19.872964250619354,12855.094188305819,0.541775925,1.0,1.0089403445765668
RNF115,2,0.0012350741358920678,3538.522485010408,7081.730822637826,36.77560246548565,7083.044970020816,0.6812809,1.0,1.0058615971632578
RNF11,2,0.000910678471540803,4653.11449436341,9313.600004891427,29.89804605692859,9312.22898872682,0.6135511,1.0,1.00685504831676
RNF121,2,0.000561648957601752,1939.0112010055725,3881.3712814278338,36.001201389080805,3884.022402011145,0.796597725,1.0,1.002600211922405
RNF122,2,1.123344382814035e-5,510.0720289872946,1023.230674335822,19.179465832743357,1026.144057974589,0.90303975,1.0,1.0022126730454262
RNF123,2,0.0006822530455910241,1806.515766619923,3634.652445603077,35.14903818566653,3619.031533239846,0.764889475,1.0,1.002249041681186
RNF125,2,3.035557701690107e-5,983.5769071111696,1970.4425441511594,27.35629382134201,1973.1538142223392,0.8594991,1.0,1.0028765027687634
RNF126,2,0.004036198625293025,6821.390212527162,13648.151928175588,18.94960209184193,13648.780425054323,0.536678075,1.0,1.010636419395428
RNF128,2,0.0005950270566713362,608.5619797984663,1223.1384283682164,21.370164185023206,1223.1239595969325,0.880517675,1.0,1.0029383689616553
RNF135,2,0.00013336833990656123,2389.416075117405,4782.525799423363,37.559107978712234,4784.83215023481,0.77084355,1.0,1.0039656742382603
RNF138,2,0.000285095433378336,2795.2238190091384,5595.301616685538,38.14793690484809,5596.447638018277,0.721831,1.0,1.0050521178340426
RNF139-AS1,3,1.0859109038542246e-5,537.5656530538554,1078.0772922980746,19.762246068045567,1081.1313061077108,0.90216905,1.0,1.0019762470864446
RNF139,3,0.0005736462383658211,4657.61539857933,9320.037782683521,30.622703099602763,9321.23079715866,0.655452825,1.0,1.0027586603667544
RNF13,2,0.0010866344899876658,3782.368225527068,7569.511362144383,35.21007002433183,7570.736451054136,0.67820285,1.0,1.0040042637034539
RNF144A,2,1.684620491321406e-5,567.8793210152357,1139.3779689328871,20.470687473851548,1141.7586420304715,0.88942585,1.0,1.0025307579266838
RNF144B,2,3.011913183572547e-5,436.30378291498226,876.5056579017416,17.46326615796626,878.6075658299645,0.90439835,1.0,1.003446344699098
RNF145,2,0.00378066361702975,6451.215714913834,12907.178586697979,21.70005441870533,12908.431429827668,0.52975855,1.0,1.0057561230560716
RNF146,2,0.0006024211270053935,2420.753801064655,4845.81377660691,37.66139558578951,4847.50760212931,0.77916385,1.0,1.0027534335520147
RNF148,2,8.013304702524919e-9,2.127532398520366e-5,1.1492301605599509,1.401258040798223e-14,6.00004255064797,0.982558875,1.0,1.0028915235631495
RNF149,2,0.002483638007237899,3936.740830431862,7880.715373915196,34.96288400146272,7879.481660863724,0.66641615,1.0,1.0031543208326898
RNF14,2,0.0004591850110295283,3183.777724585899,6371.49922713678,37.37043832201897,6373.555449171798,0.7319744,1.0,1.002261047212516
RNF157-AS1,3,5.998988918142647e-6,91.1611717802979,185.1656668870517,7.187822888930622,188.3223435605958,0.956327225,1.0,1.0021802842271623
RNF157,3,2.7872216752070926e-5,174.8587391158604,354.3415357834743,10.450163921127702,355.7174782317208,0.939193125,1.0,1.001634421753125
RNF165,2,4.10310865128149e-5,548.7022861029996,1101.6443105921494,19.86128535917338,1103.404572205999,0.888361275,1.0,1.004251062660387
RNF166,2,0.0003936008975950231,2770.8760367469736,5546.995961211573,38.35115436213997,5547.752073493947,0.7167219,1.0,1.0086541522138988
RNF167,2,0.002103007536131675,6387.928060568038,12781.77452174853,21.001730604026264,12781.856121136076,0.52421435,1.0,1.0073982345626102
RNF168,2,0.0001794560262958431,2528.021534952804,5060.455446299808,37.94620311254469,5062.043069905608,0.755327475,1.0,1.0085689766378936
RNF169,2,0.0004262456843869787,2675.9300856918717,5356.232913418561,37.987617284612064,5357.860171383743,0.7694225,1.0,1.0020250386448115
RNF170,2,0.000915402191372962,2202.0159405536715,4407.083322189751,37.08693109794789,4410.031881107343,0.7950737,1.0,1.0074456815318495
RNF181,2,0.0050690429339162605,9714.783739683577,19435.276400062136,9.943474789648919,19435.567479367153,0.405579375,1.0,1.0085794819178069
RNF182,2,4.858200427307212e-5,901.8367734097341,1806.8393605788635,26.076878863391084,1809.6735468194681,0.863996975,1.0,1.0057965259495931
RNF185,2,0.00021734334030686564,1512.9844960216749,3029.4659135827173,33.24801364080374,3031.9689920433498,0.828314025,1.0,1.002386593396154
RNF187,2,0.0017365902381418124,7257.339824841926,14548.879925643761,15.499829140465685,14520.679649683852,0.44988665,1.0,1.0083320343816224
RNF19A,3,0.0001417445371890215,2469.012816485678,4942.210935636762,37.768300310086936,4944.025632971356,0.76760535,1.0,1.0029704434517903
RNF19B,2,3.489905176664315e-5,628.6265992418737,1260.925274916694,21.46285150796304,1263.2531984837474,0.884134175,1.0,1.0064107707736278
RNF208,2,0.0007914962576377885,3278.4876128662936,6562.088196725786,37.807410197767965,6562.975225732587,0.6931277,1.0,1.01103492485398
RNF20,2,0.0006192330775182119,2953.4318423755135,5911.7756904318585,38.248102628665805,5912.863684751027,0.70163935,1.0,1.0043770326963626
RNF213,3,0.0011990202105839813,4243.4950112356755,8492.582896720032,34.59366961927702,8492.990022471351,0.6172762,1.0,1.0044738887242937
RNF214,2,0.0008532625503742479,3532.5080986203193,7068.999588114235,36.32187210338391,7071.016197240639,0.7246843,1.0,1.0038049052032345
RNF216,2,0.0006904275267420162,3635.5160855195973,7274.5727499888935,35.75260384183864,7277.0321710391945,0.72061055,1.0,1.0061118294764706
RNF217,2,0.00024739526118178364,1564.4645482850483,3131.828932496465,33.54160072425195,3134.9290965700966,0.83816435,1.0,1.0044913851703399
RNF219,2,0.0005306223248732987,2528.55455561847,5061.317742303263,38.102118027684455,5063.10911123694,0.743953275,1.0,1.003283772487079
RNF220,2,0.0005435094717427826,4330.277677273227,8666.474545188095,34.06460365752809,8666.555354546454,0.648160075,1.0,1.0040686889434118
RNF223,2,6.343001304953515e-5,937.4431199603771,1878.0811056560176,26.571434241765385,1880.8862399207542,0.87433195,1.0,1.0015740692425266
RNF224,2,0.0002953845084372785,461.0503700829717,926.3935708959518,18.27722245626835,928.1007401659434,0.899704775,1.0,1.0027710119592863
RNF24,2,0.00019458797540140274,1170.0132732238153,2344.08103931217,29.508673192228443,2346.0265464476306,0.8413914,1.0,1.0037902150091327
RNF25,2,0.00039918111954754756,1803.7382304739936,3610.5055176988258,35.3633460095591,3613.476460947987,0.836199475,1.0,1.0042392849161355
RNF26,2,0.005370756485672552,3925.9376958953917,7856.8099063887175,38.7687835634784,7857.875391790783,0.645889825,1.0,1.0023047505893368
RNF2,2,0.001284653255356427,3407.654992260505,6819.656500066681,37.01903836294079,6821.30998452101,0.699160275,1.0,1.0048888266539198
RNF31,2,9.092444310390453e-6,108.8761450022606,220.60050854460067,7.955072891356436,223.7522900045212,0.952356425,1.0,1.003100604959566
RNF32,2,5.3253842182167395e-5,1030.9354813149562,2065.1790002875778,27.92948388032672,2067.8709626299124,0.84964975,1.0,1.001942176167815
RNF34,2,0.0004832357342349194,4676.967981492311,9358.857892505841,30.838162339735213,9359.935962984622,0.6541909,1.0,1.004829664829497
RNF38,2,3.570798277670299e-5,932.63768184353,1868.384366867931,26.657814833275406,1871.27536368706,0.8716779,1.0,1.006324667235208
RNF40,2,0.0005566792952581047,2556.389702357041,5117.45501346426,37.853048559022966,5118.779404714082,0.742754525,1.0,1.0038460215779306
RNF41,2,0.00028859450963129217,2657.8949660702992,5320.385717917017,37.964754910310944,5321.7899321405985,0.7418712,1.0,1.0060249938363837
RNF43,3,0.003820043898626055,4842.316669451142,9689.478692961018,34.102720156148344,9690.633338902284,0.6229637,1.0,1.0050872346533393
RNF44,2,0.0008064233268636323,1910.4921654510051,3825.801438980592,35.774308667414275,3826.9843309020102,0.774194,1.0,1.0033731910252217
RNF4,2,0.000563033515277481,3158.425592103867,6321.626428201161,37.9345547453183,6322.851184207734,0.720598775,1.0,1.005270758282467
RNF6,2,0.000668539208932468,3287.216657703513,6579.318359638097,37.59774906409843,6580.433315407026,0.70047395,1.0,1.0025947115166287
RNF7,2,0.0060378517578041045,11561.474021957149,23128.391696883857,7.354304063896047,23128.948043914297,0.327467775,1.0,1.0037348122580052
RNF8,2,0.0021087829790204025,5434.799946237108,10874.002827812841,25.650714772431126,10875.599892474216,0.60552175,1.0,1.0097450059265214
RNFT1,3,0.00014805645228089406,2714.0337895864445,5431.906278226643,37.883047810202854,5434.067579172889,0.7413487,1.0,1.0025035008315821
RNFT2,2,0.00011301968764783721,1299.0476842646956,2601.100139542354,31.10582367785058,2604.095368529391,0.842968225,1.0,1.0104658889740077
RNGTT,2,0.0009035471967677166,2134.3397991599077,4272.034020043925,36.83904142258997,4274.679598319815,0.787093125,1.0,1.003152603658909
RNH1,2,0.004567071287548884,7452.699168594974,14918.202061333874,14.391834650844737,14911.398337189949,0.4929159,1.0,1.0056911608982089
RNMTL1,2,0.0001636501923979422,2866.939443888387,5737.004548575794,37.81787632054325,5739.878887776774,0.76783485,1.0,1.0042478877927545
RNMT,2,0.004970028473570368,7240.440193361069,14485.784273145386,15.547859741322739,14486.880386722138,0.5388569,1.0,1.0046289130170605
RNPC3,2,0.0007188726699066542,1907.23828406179,3818.4786857474282,35.769156448320665,3820.47656812358,0.7841096,1.0,1.004664369729705
RNPEPL1,2,0.0008540555507410239,3318.9191671701333,6644.6727602954,37.56565829581009,6643.838334340267,0.672212725,1.0,1.001846043032378
RNPS1,2,0.005522535137895357,9049.870702784032,18104.563521379965,11.581696205779838,18105.741405568064,0.410407075,1.0,1.0052952585030013
RNU11,2,8.196160608407194e-5,273.8950151931997,550.876126374125,13.549947689471406,553.7900303863994,0.926986675,1.0,1.0044438897227763
ROBO3,2,0.0006462148714675807,3279.6575322295444,6566.8113532719735,37.597125045227294,6565.315064459089,0.67372865,1.0,1.0015526438230342
ROCK1,2,0.002785536841134191,6494.554606057885,12994.126021060127,20.955923088832684,12995.10921211577,0.538616725,1.0,1.003318098004105
ROCK2,2,0.0031087807972393507,5074.510616248581,10154.289094543792,31.793223345823712,10155.021232497162,0.6151507,1.0,1.0028441632235539
ROGDI,2,0.00028421155914897753,2816.2674312348413,5682.766221305711,37.99578834069252,5638.534862469683,0.68476995,1.0,1.0029240852221446
ROM1,2,4.08423841577512e-5,788.6842549195685,1581.558428189453,24.295109818466468,1583.368509839137,0.86286675,1.0,1.0044874645457762
ROPN1B,2,0.00023970969448403281,423.9914847940438,851.9074175942527,17.42441685355186,853.9829695880876,0.90356475,1.0,1.00155287253002
ROPN1L,2,5.133544388767235e-5,225.71091649368375,454.37934002327574,12.114789382205096,457.4218329873675,0.93379875,1.0,1.0063765855547495
ROR1,2,5.977301541826454e-5,240.41477908140996,483.83740529672434,12.565370131979439,486.8295581628199,0.9314532,1.0,1.0017412545424988
ROR2,2,0.0006261626051961575,1620.6890056516697,3246.0086921638595,33.83580474171016,3247.3780113033395,0.8018038,1.0,1.0053825998778618
RORC,2,1.7080199397311175e-5,686.9126352839012,1376.7980106499497,22.621932065816956,1379.8252705678024,0.8842131,1.0,1.0015823118118714
RP1L1,2,1.4348924739421445e-7,17.768404136172766,37.65464243340757,3.1290067728176,41.53680827234553,0.9761786,1.0,1.001843138647597
RP2,2,1.2416856860529783e-5,473.97810665195544,951.5072392771717,18.384193463317697,953.9562133039109,0.89740635,1.0,1.0077111249307011
RP9,2,0.0012681044375563225,3460.38094270115,6925.728681146193,37.7967084693317,6926.7618854023,0.7094133,1.0,1.002447057030926
RPA3,2,0.02227622080082275,10722.518390694162,21453.54227190406,12.194610576281699,21451.036781388324,0.426707775,1.0,1.0054348220642906
RPAIN,2,0.006886993901494976,10315.797367942687,20637.061941041546,8.904286936711918,20637.594735885374,0.3875334,1.0,1.0120561657542415
RPAP1,2,0.00022362241246387022,1548.9899809221624,3101.1802986773855,33.431741500027144,3103.979961844325,0.8204345,1.0,1.0030378448368762
RPAP2,2,0.0010598734326044106,4212.4990642358625,8429.612795478233,34.27998784916348,8430.998128471725,0.64840715,1.0,1.0025646895847045
RPAP3,2,0.0011524026995948888,3674.195422853079,7352.1800185198945,35.558327108859885,7354.390845706158,0.696844575,1.0,1.0042895296190617
RPE65,2,2.5559629984418395e-9,6.786081760863084e-6,1.4943873952609714,8.090167070589817e-15,6.000013572163522,0.982263575,1.0,1.0016595004949245
RPEL1,3,1.2818581776477435e-5,126.02525481777099,255.84342016298828,8.651429035406391,258.05050963554197,0.948574125,1.0,1.0022736821296268
RPE,2,0.000610476250118656,3265.1900102520804,6534.655685742495,37.19679237114375,6536.380020504161,0.707161275,1.0,1.004948502901989
RPF1,2,0.002352721232654371,6266.79482047382,12538.489405104643,20.775041299078186,12539.58964094764,0.536048875,1.0,1.0051785055222595
RPF2,2,0.0031078500270589437,5601.951405829011,11208.835467928397,25.134143531416928,11209.902811658021,0.592494125,1.0,1.0044419694339062
RPGRIP1L,2,0.00011739708591817175,2355.7415068358237,4716.378710703067,37.55863730635868,4717.483013671647,0.74734985,1.0,1.004893102926726
RPGR,2,0.00011434024993766004,2107.609315942794,4220.602291872817,36.72255738684359,4221.218631885588,0.7547121,1.0,1.0034464340360947
RPH3AL,2,0.000677605688448193,1999.3982775098214,4002.270598957502,36.27960401002237,4004.7965550196427,0.787262025,1.0,1.0065725470444158
RPL17-C18orf32,2,5.410423027912171e-5,230.63770772161735,466.2957583441493,12.2657273305167,467.2754154432347,0.929437675,1.0,1.0035140851417217
RPL21,2,0.12055479344706115,26632.474124010532,65890.71820951354,93.4951322370193,53270.948248021065,0.16897814614736073,1.0,1.6711736235943153
RPL26L1,2,0.0034818443366575634,9213.612199113166,18433.812032281287,10.731526273278996,18433.22439822633,0.421447175,1.0,1.009864449926393
RPL36AL,2,0.04081128879870443,17610.98432992332,35229.80724800546,2.4332935440859034,35227.96865984664,0.21257172571081862,1.0,1.0053614416865453
RPL3L,2,4.532416225251164e-9,1.203356507804184e-5,1.4942917240082727,0.0,6.000024067130156,0.98218565,1.0,1.0024100299070564
RPL3,2,0.10777823569925365,26909.693628348108,1.2031553147775796e6,966.6032168457041,53825.387256696216,0.8016575765540807,1.0,2.25408312937557
RPL41,2,58.02191526220916,182263.13480572388,371130.0618859442,12.545568644122767,364532.26961144776,0.616358595194085,1.0,1.863399099714007
RPL7L1,2,0.003005923770727467,6890.3198862466215,13786.330630583712,17.50634636356558,13786.639772493243,0.5645538,1.0,1.0068923641058045
RPL7,3,0.1091637917286551,27631.401086025257,81120.75971999002,151.9105861089822,55268.80217205051,0.1669398643653778,1.0,1.4715521257956146
RPP14,2,0.0003599232674239019,3185.339729303422,6373.904324455287,37.28984862354679,6376.679458606844,0.757621975,1.0,1.0105731574399253
RPP25L,2,0.00269315931393707,8279.103070793679,16563.005765553793,12.842961617172795,16564.206141587358,0.451786525,1.0,1.003627012582615
RPP25,2,0.0003450360051410448,1993.1057315416867,3990.586714608109,36.20105159496766,3992.2114630833735,0.76688345,1.0,1.0058096156953837
RPP30,2,0.0010433775962756763,4809.282138139651,9623.25167483987,30.358671518384984,9624.564276279301,0.608165175,1.0,1.0081997784788956
RPP38,2,0.000880487774668658,5862.151177230153,11729.150819180764,23.74141557561121,11730.302354460306,0.60563155,1.0,1.0095592116323902
RPP40,2,0.0013600243541589325,3857.9513747126775,7720.06270430237,34.83557133687657,7721.902749425355,0.6900711,1.0,1.002582984562986
RPPH1,2,0.00025047914796126164,978.1261920049335,1965.1199239826549,26.90604335824088,1962.252384009867,0.838805375,1.0,1.0033755384024203
RPRD1A,2,0.0018577799062950793,3750.2768483422146,7505.816480469408,35.59241380444836,7506.553696684429,0.662805075,1.0,1.0024396050412845
RPRD1B,2,0.00034708074088566693,1481.8147998390152,2967.6416311785733,32.738478748554456,2969.6295996780304,0.81060325,1.0,1.0030605551872374
RPRD2,2,0.0010394695768391796,2062.232865453337,4128.15472932847,36.519472299820116,4130.465730906674,0.803219425,1.0,1.0028389292165023
RPRML,3,2.221049605897418e-5,158.9570765333262,320.7562024021396,9.890758696247806,323.9141530666524,0.94326275,1.0,1.0042365041537944
RPRM,2,9.08924938539005e-6,108.87613651973473,220.416381332696,7.9554298729463335,223.75227303946946,0.952849575,1.0,1.0032550450031945
RPS10P7,2,2.4687392676274668e-6,513.7205936216221,1030.7471934054904,19.336778015067047,1033.4411872432443,0.89570365,1.0,1.001662309202573
RPS19BP1,2,0.009416417070311335,9901.616053620162,19808.149979747068,9.871346507797863,19809.232107240325,0.37695445,1.0,1.0058496221195803
RPS26,2,0.07265584251534933,21934.791867772175,44692.617281649764,9.088484993425851,43875.58373554435,0.18736523266476193,1.0,1.0190684832092785
RPS27L,2,0.02062758089152034,15170.804910748408,30348.12641971047,3.9469087735800863,30347.609821496815,0.2928210082816392,1.0,1.0045287013603499
RPS3A,2,0.09759081077465674,25713.70289696497,68736.21260241597,72.62169703196075,51433.40579392994,0.1681140095409099,1.0,1.5994480157412345
RPS6KA1,2,0.0009446749795796061,2058.5267703491186,4121.10468690494,36.502703815453174,4123.053540698237,0.775156025,1.0,1.0029020298888756
RPS6KA2,2,0.0002915385225165427,1074.3632168995916,2154.3704340100435,28.205768078920748,2154.7264337991833,0.83142995,1.0,1.0021560266084606
RPS6KA3,2,0.00040050777239674664,1665.6140425565513,3335.178116338224,34.26443247984145,3337.2280851131027,0.801034175,1.0,1.0022482876928382
RPS6KA4,2,0.00014965970336161915,2417.4825365849088,4854.055803285169,37.66348095738881,4840.9650731698175,0.71752925,1.0,1.005680490943858
RPS6KA5,2,0.00020369696945225394,1350.0624883905084,2703.5539789216427,31.54356526251939,2706.124976781017,0.8299458,1.0,1.002375273491781
RPS6KB1,3,0.0005834791080506408,3537.331763986957,7078.47390861754,36.043911191965385,7080.663527973914,0.703984725,1.0,1.0033460590930796
RPS6KB2,2,0.0018784576864412268,4948.8920164343735,9910.518170503326,29.722534001375543,9903.784032868747,0.571254625,1.0,1.0009235179577733
RPS6KC1,2,0.00023690968846665924,1458.1413056387794,2919.593074504248,32.78740871453541,2922.2826112775588,0.8396358,1.0,1.0025897956235446
RPS6KL1,2,3.978665564731222e-5,564.232785957493,1132.7608322678902,20.180548775588836,1134.465571914986,0.885685325,1.0,1.0013500122065822
RPTOR,3,0.000161684319262435,1316.6716522500396,2636.6181862530498,31.234764378863375,2639.3433045000793,0.83123175,1.0,1.0038558791510648
RPUSD1,2,0.001730578220619453,5166.68283294488,10337.789960538737,28.3522683822979,10339.36566588976,0.614135675,1.0,1.0132994430977644
RPUSD2,2,0.000221392517115228,2448.3381193109194,4900.312943622095,37.66781137867975,4902.676238621839,0.790874975,1.0,1.0065135574949375
RPUSD3,2,0.002968543561586537,5934.4180628457,11876.322962533466,22.057461873212937,11874.8361256914,0.58737405,1.0,1.013544996082837
RPUSD4,2,0.0012560435022588624,3841.2920434010084,7687.245001458292,35.06750355824274,7688.584086802017,0.684027275,1.0,1.0028447474113087
RQCD1,2,0.00013227201959283138,2617.077328628733,5238.262276251867,37.88691548923257,5240.154657257466,0.7462061,1.0,1.003800972386524
RRAD,2,5.251042784354684e-5,646.8357619826842,1297.6867155695993,21.753951286530942,1299.6715239653684,0.879305575,1.0,1.0051586493753264
RRAGA,2,0.000760301334268109,6200.484361849376,12406.21013372261,20.467968896640404,12406.968723698752,0.569443975,1.0,1.0074798186508995
RRAGB,2,0.0007407910501546348,2111.357293347632,4236.513411292913,36.78207593770407,4228.714586695264,0.747361825,1.0,1.0057511509395443
RRAGC,2,0.00016043234547227412,2600.0826834652844,5203.4075057012615,37.825215128643634,5206.165366930569,0.76518975,1.0,1.0061117015373762
RRAGD,2,0.001025113404878787,2118.7812906641634,4241.953453374939,36.7515566950377,4243.562581328327,0.7693371,1.0,1.009515482700285
RRAS2,2,0.0011943611511206907,3818.475912029209,7642.373785270932,35.34414611836083,7642.951824058418,0.67667435,1.0,1.0054759842441958
RRBP1,2,0.0028062575722503647,7542.015266382106,15089.376691642434,15.267895484950326,15090.030532764213,0.499412325,1.0,1.010545699039522
RREB1,2,0.00012754874160939917,966.3134522904836,1936.6747966952132,26.87909493058064,1938.6269045809672,0.85336115,1.0,1.0087840932844907
RRH,2,1.1446852387637019e-8,3.0391393089176285e-5,3.8557043091107337,8.09016731169558e-15,6.0000607827861785,0.98188445,1.0,1.0043376575860448
RRM1,2,0.0005195021326507715,3540.50880187984,7201.105109194985,38.938917872685685,7087.01760375968,0.65528845,1.0,1.0013942958597215
RRM2B,3,0.0004327504888785873,2405.9901894586706,4819.9631463850965,37.60307073950723,4817.980378917341,0.7278744,1.0,1.0019264365589173
RRM2,2,0.005486223731367756,5004.626160059391,10027.617806180058,41.40843043591377,10015.252320118781,0.63438935,1.0,1.0060567529429754
RRN3,2,0.0001503214320382373,2570.895458166552,5146.378029048557,37.91143681636577,5147.790916333104,0.742815925,1.0,1.0063722793739345
RRNAD1,2,7.845088221332583e-5,2348.5799827243222,4701.029081280887,37.466618030675576,4703.1599654486445,0.7598029,1.0,1.0060748263834856
RRP12,2,0.00022180237837142038,1415.9927604895395,2835.593196966779,32.401432973396275,2837.985520979079,0.833622575,1.0,1.004914309830581
RRP15,2,0.0016826850082367758,5242.0459942614425,10490.779295974226,28.611054869022393,10490.091988522885,0.6086525,1.0,1.0058600451193256
RRP1B,2,0.0016012398930848395,5178.285966385934,10361.326817076853,28.36560687600508,10362.571932771869,0.616601375,1.0,1.00538480345236
RRP1,2,0.0016238722981936427,3795.0199920611312,7594.688735247496,35.7254811475647,7596.0399841222625,0.6866968,1.0,1.0031185940824128
RRP36,2,0.0004574543935532743,4386.461213165133,8777.344651941048,32.7636308007033,8778.922426330266,0.63846425,1.0,1.0053755196839926
RRP7A,2,0.0012156294567813128,4179.8308557002265,8364.179170496736,35.02395514851696,8365.661711400453,0.64194075,1.0,1.006922961631338
RRP8,2,0.0008621545504328559,2207.5662228970036,4418.009972467115,37.12073478970712,4421.132445794007,0.813872975,1.0,1.0017708490402657
RRP9,2,0.0015087602907048994,5215.306096963213,10437.00229681977,27.83731504224057,10436.612193926427,0.61367945,1.0,1.0128691621658843
RRS1,2,0.0016613419839517037,4616.521630741798,9238.168212801507,34.636753811000375,9239.043261483595,0.6484869,1.0,1.0044543931791843
RSAD1,3,0.0024134154507912562,4072.3194091376135,8152.887237310648,34.651570839306956,8150.638818275227,0.639449025,1.0,1.0081905467476322
RSAD2,2,1.7393709636674677e-6,53.420060821398735,109.18799555700097,5.327748793439485,112.84012164279747,0.965621475,1.0,1.003310157249904
RSBN1L,2,0.001312244676199767,5160.533726983061,10326.06366728265,28.73578578305263,10327.067453966121,0.6440855,1.0,1.0056754644604189
RSBN1,2,0.0014692506636322766,3540.094344166352,7084.633326064377,37.34799086265433,7086.188688332704,0.7083404,1.0,1.0027624530932482
RSF1,2,0.00588762624690806,6833.52644390896,13672.379354057106,17.690499549909553,13673.05288781792,0.525238,1.0,1.0047151459758286
RSG1,2,5.6888586482803296e-5,235.5387067340318,474.0677128466179,12.417326264261742,477.0774134680636,0.931558575,1.0,1.0028662621956361
RSL1D1,2,0.009227979977787725,11949.45967104327,23904.97749504493,6.992988598584842,23904.91934208654,0.3087115,1.0,1.001627880974619
RSL24D1,2,0.010051352388132092,12029.963822329251,24064.811446169304,6.75173140990278,24065.927644658503,0.303018675,1.0,1.008259249241358
RSPH3,2,0.0010785565031928726,3102.545777258939,6209.488127058717,37.651807146768775,6211.091554517878,0.715959425,1.0,1.0021922813792337
RSPH4A,2,5.111122919894872e-6,85.10928605695857,172.88148016484672,6.9127731803764805,176.21857211391713,0.957752175,1.0,1.0027565361758832
RSPO1,2,4.108638644671814e-5,205.73354410704974,414.40864619044845,11.481720817201722,417.4670882140995,0.93553235,1.0,1.002490878680817
RSPO4,2,4.12693922653602e-6,373.47112434259554,750.2731539432915,16.097431553524675,752.9422486851911,0.91030555,1.0,1.0024923490090272
RSPRY1,2,0.0005718508724287933,2987.079563735481,5978.405389655234,37.818006601964996,5980.159127470962,0.74907475,1.0,1.0051108892958178
RSRC1,2,0.0011447221469053535,6131.1428912963465,12268.267166213793,23.193842250826446,12268.285782592693,0.563006575,1.0,1.007523771713807
RSRC2,2,0.0027523645567284474,7520.994268477714,15047.276044750826,15.189753457096025,15047.988536955429,0.507556975,1.0,1.0029137035246567
RTBDN,2,0.001148273477454941,3810.9648459542213,7628.416379815411,35.23599549456673,7627.929691908443,0.6532549,1.0,1.0051580073228918
RTCA,2,0.0006757088671107994,5039.690109648208,10085.035923342479,27.601884743295145,10085.380219296416,0.608376425,1.0,1.0031060418233306
RTCB,2,0.0006176487956090567,4499.716447602282,9004.56929074271,30.92052966668787,9005.432895204563,0.64664845,1.0,1.0059004128896094
RTDR1,2,9.625079418958577e-5,292.54758310581553,588.4030144974456,14.075766892799443,591.0951662116311,0.9219557,1.0,1.0019741969200415
RTF1,2,0.002092367433345879,7290.296709798332,14585.250017735965,16.096251434932807,14586.593419596664,0.48840085,1.0,1.0061188098879557
RTFDC1,2,0.004394927534792791,7197.010017899196,14454.534126794972,15.906192034022213,14400.020035798392,0.45791985,1.0,1.0127905506237762
RTKN2,2,0.0010272958042786384,2132.1644732412137,4269.972351125546,36.909276994826214,4270.328946482427,0.757300875,1.0,1.004374689534137
RTKN,2,0.001346380344443134,3708.5423699170738,7422.099272115842,35.8024670832765,7423.0847398341475,0.70746075,1.0,1.0056829045035791
RTN1,2,1.8789788014591743e-5,148.1626197970606,299.2091081081581,9.496980439875765,302.3252395941212,0.944883275,1.0,1.0040497370421142
RTN2,2,0.0004238867525217773,3406.3527710105795,6816.869521014281,36.51582916601769,6818.705542021159,0.71126175,1.0,1.003285195666237
RTN3,2,0.002167174352155817,6723.307267097278,13608.802690727205,17.484641271178063,13452.614534194556,0.459612,1.0,1.0019667166167567
RTN4IP1,2,0.00021495420469188297,969.7534175468501,1942.9643516403355,27.26687900101285,1945.5068350937001,0.86408575,1.0,1.001732615464835
RTN4RL1,2,3.414965182849821e-5,190.4441582757728,383.7663535454534,10.980353125458562,386.8883165515456,0.939181475,1.0,1.0018945019917547
RTN4RL2,2,0.00016053885313111317,2251.7438676899956,4508.278691020129,37.22946345156228,4509.487735379991,0.7497282,1.0,1.0048091639303538
RTN4R,2,0.00048579695241646794,2598.940366029643,5202.198102711159,38.189365278433286,5203.880732059286,0.72909905,1.0,1.005353955193398
RTN4,2,0.006017718184158504,9338.161588239735,18810.375138863954,10.7198792609292,18682.32317647947,0.37172905,1.0,1.008441669654539
RTTN,2,3.113169377196568e-5,423.6709049406104,851.8182267764422,17.16688445982247,853.3418098812208,0.90274125,1.0,1.0028094110770123
RUFY1,2,0.000634096760268127,3243.790315006126,6492.4410633040325,37.74187342039675,6493.580630012252,0.707042125,1.0,1.0042533004943297
RUFY2,2,6.79023200160854e-5,2458.581322683226,4920.137918571034,37.68091408517149,4923.162645366452,0.784003225,1.0,1.003119859622066
RUFY3,2,0.0007966778140107342,2103.1586163192123,4209.724288955886,36.72130580211036,4212.317232638425,0.78640095,1.0,1.0062825453672763
RUFY4,2,1.740744637235866e-6,53.42006446850206,109.29865767380784,5.3273906914732665,112.84012893700412,0.965471925,1.0,1.0031576899536696
RUNDC1,2,0.0005815889619400936,1862.890678615115,3728.8448809405168,35.546424475842635,3731.78135723023,0.82070285,1.0,1.004320034759248
RUNDC3A,2,3.870269713418142e-5,200.66770544386574,404.7709259119203,11.31686779546064,407.3354108877315,0.935216225,1.0,1.004857639062625
RUNDC3B,2,0.00014463680593142125,1149.2524488936645,2302.3924809284777,29.308730888597644,2304.504897787329,0.83403975,1.0,1.0096914523553489
RUNX1,2,0.0006276262538680796,1617.8609051400774,3240.1284424340106,33.81316442131009,3241.721810280155,0.814384425,1.0,1.0028996655464404
RUNX2,2,2.2712766655338113e-6,59.983245425942854,122.32409120449694,5.680096694232524,125.96649085188571,0.9641152,1.0,1.0022642391479943
RUNX3,2,0.0003172238601624104,1748.0236121744344,3499.1939463089593,34.989008141904385,3502.047224348869,0.827360325,1.0,1.0025989108362208
RUSC1,2,0.0006250611712349236,4506.98857422462,9023.147327368682,33.526232064135584,9019.97714844924,0.619489375,1.0,1.0065868109227254
RUSC2,2,2.236500912739778e-5,564.5906794812506,1132.5668868466169,20.252688408297264,1135.1813589625012,0.8921214,1.0,1.0019346665013045
RUVBL2,2,0.0035438764101548836,8956.96575036035,17925.778798784457,11.451813882714111,17919.9315007207,0.39490375,1.0,1.0050611867925618
RWDD1,2,0.006262567765343755,8657.36810912269,17320.523968352958,12.092914108755227,17320.73621824538,0.41090625,1.0,1.0074704039218392
RWDD2A,2,0.000388343656164508,1749.1905489493308,3501.2817764773163,34.88694925921197,3504.3810978986617,0.829698875,1.0,1.0035439281475527
RWDD2B,2,0.00014255157761078292,2335.1278022111514,4675.470248179929,37.49540742734256,4676.255604422303,0.74422705,1.0,1.006700390880868
RWDD3,2,2.2596343086721832e-5,560.7405651819307,1125.0413978367524,20.170905287322263,1127.4811303638614,0.887909875,1.0,1.0034235309328514
RWDD4,2,0.001402110384151077,3964.8560243235156,7935.60572266243,34.397631427321215,7935.712048647031,0.66253215,1.0,1.0045699370851062
RXRA,2,0.0003717775347123231,1776.7784709916027,3556.9461209766264,35.08890275956179,3559.5569419832054,0.8037422,1.0,1.0009809465326767
RYBP,2,0.0007540717904780306,2602.992198871445,5210.3244306827655,38.20642040717684,5211.98439774289,0.73971575,1.0,1.0050791014581204
RYK,2,0.0010498298673278033,3601.044301014851,7207.108753560168,36.07097599149007,7208.088602029702,0.673331625,1.0,1.0027453502401475
RYR1,2,0.000660630156564505,889.0434597960343,1782.2142244405395,26.1743292637368,1784.0869195920686,0.86371655,1.0,1.0028138895356036
S100A14,2,0.008517325267087702,11242.621026917743,22509.772872350164,13.897299219459988,22491.242053835485,0.435884075,1.0,1.0011351489773297
S100A1,2,0.00039171414051937737,841.1023657941578,1687.9295002642623,24.72143297470583,1688.2047315883156,0.8554726,1.0,1.00158738900289
S100A2,2,0.0030731886143757006,4970.93144853681,9964.084353890215,32.9287872821134,9947.86289707362,0.57762585,1.0,1.0048462200809571
S100A3,2,9.151445131483615e-5,1295.7215686323789,2595.372622258223,31.1074256806485,2597.4431372647578,0.827042825,1.0,1.0026108873609778
S100PBP,2,0.000856791449924918,2049.486308468792,4103.978188863749,36.48122842131043,4104.972616937584,0.767323625,1.0,1.004437792767894
S100P,2,5.413741213722216e-5,230.61559312850017,464.0339791629198,12.267262410400422,467.23118625700033,0.9389349,1.0,1.0025152877344015
S1PR4,2,1.277260400960312e-6,46.71352588840921,95.73384058209881,4.953463054264998,99.42705177681842,0.96760325,1.0,1.003829249288284
S1PR5,2,8.061210567252068e-6,632.0917109055194,1267.031945269022,21.661174518666282,1270.183421811039,0.895168075,1.0,1.005453394508701
SAAL1,2,0.0006522779010536146,4259.614829659367,8524.455688795304,34.029218298127645,8525.229659318735,0.623524475,1.0,1.00485009242727
SAC3D1,2,0.004460992536331328,5908.609154338995,11822.145922078438,27.19202630405017,11823.21830867799,0.551364375,1.0,1.0044763875195941
SACM1L,2,0.00046059400470877324,1627.0446080706183,3258.746575451345,33.93253586341316,3260.0892161412366,0.79548845,1.0,1.007325826029042
SACS,2,0.000604917970792475,1716.1909450886697,3436.5251622883034,34.5708371439404,3438.3818901773393,0.800545,1.0,1.0042645972090536
SAFB2,2,0.0010555111455865312,3812.1170037192437,7628.64987680478,35.12914979257372,7630.234007438487,0.703137325,1.0,1.0056642968980136
SAFB,2,0.0018849606249114062,5277.25921669582,10558.997152148962,27.277212718025538,10560.51843339164,0.6064389,1.0,1.009275714354642
SALL4,2,1.74055894752853e-6,53.420063975495886,112.07143283631959,5.325983046115054,112.84012795099177,0.964946625,1.0,1.0018596759936509
SAMD10,2,4.1529679598841874e-6,373.47119344888256,750.4603534346884,16.09665967803131,752.9423868977651,0.9094096,1.0,1.0025386344413796
SAMD11,2,0.00044468674104773876,1261.811129194981,2528.2141395091026,30.42606429401244,2529.622258389962,0.824161625,1.0,1.003282510803959
SAMD12,3,0.0002144779911853327,1233.471648784745,2470.9804149824854,30.25052369139621,2472.94329756949,0.827614525,1.0,1.003136853983207
SAMD13,2,0.0006815946939751592,2039.9949390337479,4083.0391281891625,36.469011497154796,4085.9898780674957,0.80072475,1.0,1.002344557430463
SAMD14,3,0.00023388396453532907,419.81473452071646,843.3673138092231,17.32587571453217,845.6294690414329,0.90536145,1.0,1.0045247184832686
SAMD15,2,0.00013247681555503358,333.4548681104832,670.0829795290183,15.18006410348028,672.9097362209664,0.919621025,1.0,1.0012877045759139
SAMD3,2,2.272686001851258e-6,59.983249167730776,122.56440058861301,5.678526356418357,125.96649833546155,0.96384615,1.0,1.0031504218743734
SAMD4A,2,0.00020469826952343228,1131.7998225612664,2267.968191007125,29.025198501040997,2269.599645122533,0.833257425,1.0,1.0013877015629589
SAMD4B,2,0.0008434154033102393,3500.0502944298983,7007.426263085922,36.873060360933955,7006.1005888597965,0.6682175,1.0,1.005435315001567
SAMD5,2,4.3004923405171554e-6,360.3692752874768,723.875585599756,15.769486865702838,726.7385505749536,0.913111375,1.0,1.0042535848494856
SAMD8,2,0.0008723919476339926,2197.4794482211514,4398.006587528114,37.08141511678542,4400.958896442303,0.79689015,1.0,1.0022677400293722
SAMD9,2,0.0007730462836180516,1731.3021889673537,3467.3239509060522,34.64488364318475,3468.6043779347074,0.79082915,1.0,1.0015191259818386
SAMHD1,2,4.086944453615309e-5,987.3329895885438,1981.6995922562207,27.353981641251487,1980.6659791770876,0.84093405,1.0,1.0028341977907844
SAMM50,2,0.0010947660720494266,5270.525658538955,10547.314062689578,25.810647985687805,10547.05131707791,0.58440775,1.0,1.0045640870589794
SAP130,2,0.00015058997645411512,1092.6241397623558,2188.6450367236966,28.87078013995781,2191.2482795247115,0.8577737,1.0,1.0029947276229991
SAP18,2,0.00837224082602389,13053.386708906351,26111.446857181472,5.610997049063496,26112.773417812703,0.26886295,1.0,1.0082475298676354
SAP30BP,3,0.0022830775096850356,5843.98223954766,11692.81396795542,21.750528879117258,11693.96447909532,0.6055371,1.0,1.0086234601437172
SAP30L-AS1,2,9.088548624605682e-6,108.87613465921484,220.6431728429606,7.955177898739946,223.75226931842968,0.95240895,1.0,1.0036648920686044
SAP30L,2,0.00026468086500797003,2279.6150853291774,4563.053407208613,37.29497784650643,4565.230170658355,0.76830475,1.0,1.0041594059601908
SAP30,2,0.0009276052659649107,2542.858297285951,5090.408336568737,38.3519989429203,5091.716594571902,0.72866795,1.0,1.0044881694964
SAPCD2,2,0.00200255110876524,3351.5092818257403,6710.213509123412,40.10690335601984,6709.018563651481,0.68513055,1.0,1.0015897023904752
SAR1A,2,0.00297479973312602,5224.292608014089,10454.904746364962,28.5024785620143,10454.585216028177,0.5736474,1.0,1.0051269826623033
SAR1B,2,0.0014437282789585533,3641.147743925819,7289.083737624339,36.2374039369849,7288.295487851638,0.670098625,1.0,1.0083348683524647
SARM1,2,5.691836007318257e-7,32.76421522514156,67.8166646876781,4.111698203546173,71.52843045028312,0.971299625,1.0,1.005177383630737
SARNP,2,0.000613140430064033,1843.902377144724,3692.5094318972506,35.66391734477511,3693.804754289448,0.799884575,1.0,1.0051951124141987
SARS2,2,0.00024317750522556185,2727.188532090161,5469.237411314961,37.874844139546255,5460.377064180322,0.70806295,1.0,1.0049818476155994
SARS,2,0.0027986227606870916,6701.98803540023,13411.022710248786,18.04033696820891,13409.97607080046,0.51832675,1.0,1.0051754318144392
SART1,2,0.0004483177773647759,2919.2948888439114,5842.570576108277,37.75693719548402,5844.589777687823,0.732332475,1.0,1.0021499798527143
SART3,2,0.0008218031351920022,2927.30238250573,5858.90431003263,38.23790039075454,5860.60476501146,0.714452025,1.0,1.005286485758132
SASH1,2,0.0015484430959906716,2284.907567858789,4574.784013286482,37.48493144162314,4575.815135717578,0.7466577,1.0,1.0056087655333628
SASS6,2,0.001948553809407541,2987.4011775678314,5979.774519676055,39.78270006085442,5980.802355135663,0.705625475,1.0,1.0031628583475076
SAT2,2,0.003445161611293436,6922.393090995631,13849.979442479602,16.940800889910676,13850.786181991261,0.5411722,1.0,1.0038044093478244
SATB1,2,4.251109740384472e-5,536.9541417102217,1079.169183985503,19.614917079984167,1079.9082834204435,0.887460075,1.0,1.0051037569269088
SATB2-AS1,2,2.271159977395518e-6,59.98324511613585,122.32107845454469,5.67986515708839,125.9664902322717,0.96417375,1.0,1.0035736367879051
SATB2,2,0.0001101134782442153,1068.3842209693266,2140.2037480902572,28.318577649057502,2142.7684419386533,0.860615675,1.0,1.0021676988835648
SAV1,2,0.0018909594329407804,5152.536552616712,10309.9429425711,32.11439583004689,10311.073105233423,0.58149325,1.0,1.003456717207677
SAYSD1,2,0.0004900814433120041,1877.366057516659,3757.6898995410797,35.66875054172864,3760.732115033318,0.8143995,1.0,1.0097945500004712
SBDS,2,0.001989006153754054,6099.821702016636,12206.198890013771,22.088265481710195,12205.643404033272,0.518704,1.0,1.0039140117749448
SBF1,2,0.00010042023993091081,804.0699839853421,1612.693639043315,24.743707731357087,1614.1399679706842,0.86383335,1.0,1.0020012541091716
SBF2-AS1,2,0.0004684955939878889,2984.921610342149,5974.693203778327,38.23310140036121,5975.843220684298,0.720900125,1.0,1.0052002648659841
SBF2,2,0.0005763328032746113,1998.3156158837187,4000.7956380205246,36.39971971234114,4002.6312317674374,0.793829,1.0,1.0082349060338303
SBK1,2,0.00025647558911660396,1372.3453229921965,2748.5791221639106,31.72760181787251,2750.690645984393,0.821595325,1.0,1.0020087143682288
SBNO1,2,0.000515497691309252,4666.431440023433,9337.548582353802,30.95062341775293,9338.862880046867,0.636509275,1.0,1.0023666460705467
SBNO2,2,0.00013353421873251557,1074.6725138978254,2153.1730470482653,28.36835395156316,2155.345027795651,0.845557325,1.0,1.0012922962612754
SBSN,2,5.111919389743695e-6,85.10928817158602,173.05057659016273,6.912677464138079,176.21857634317203,0.95769025,1.0,1.0023970777105686
SC5D,2,0.0012895758676127024,3691.4223890100416,7390.8199157044155,36.259222659018015,7388.844778020083,0.652044425,1.0,1.010561174871555
SCAF11,2,0.0022229240420407912,6917.300804062053,13841.078933499768,16.8568488073654,13840.601608124107,0.549567225,1.0,1.0075877650960101
SCAF1,2,8.400880474666156e-5,2198.394753306426,4401.26279323868,37.066606950586966,4402.789506612852,0.757538425,1.0,1.0024321158505853
SCAF4,2,0.0006858198691110803,2078.8972454527366,4160.702194367749,36.65341720703099,4163.794490905473,0.812890175,1.0,1.003548518054897
SCAF8,2,0.00026302945572393815,1257.1639312004788,2517.428298780836,30.824806770044216,2520.3278624009577,0.86400935,1.0,1.003605497617739
SCAI,2,0.0006352758649206734,1733.2049563906166,3470.6789254287673,34.68507162640091,3472.4099127812333,0.798483125,1.0,1.0031326015421613
SCAMP1,2,0.00070128972400838,3370.7490832450867,6745.944928863567,36.841101358331294,6747.498166490173,0.70553025,1.0,1.0133472385695437
SCAMP2,2,0.0010326776423730452,3770.303042764114,7545.8620011799885,35.34901860698238,7546.606085528228,0.67067155,1.0,1.0040641010544937
SCAMP3,2,0.0020734812910833534,4186.180592688447,8379.686340199934,33.40234463127575,8378.361185376894,0.6367687,1.0,1.0035915999532572
SCAMP4,2,0.0011055691122731101,3845.538549533084,7701.15960384731,34.8795070033561,7697.077099066168,0.64347635,1.0,1.0029400516490892
SCAMP5,2,4.328190251070571e-5,525.1141369172242,1055.145759490319,19.365812004108488,1056.2282738344484,0.88938385,1.0,1.004765667963043
SCAND1,2,0.004289899136243598,9237.30780902839,18479.398996661166,10.749681052877765,18480.61561805678,0.412192125,1.0,1.0112760562278573
SCAPER,2,0.00013655927746636465,2134.676850348936,4273.6309296967365,36.857708752903356,4275.353700697872,0.764661075,1.0,1.00212028815542
SCAP,2,0.000359534857803611,1828.1558302555625,3661.167099425109,35.46417757900147,3662.311660511125,0.79072645,1.0,1.0033234443942167
SCARA3,2,9.80930713005345e-5,1262.684507757442,2530.58761024593,30.725294878188944,2531.369015514884,0.821463575,1.0,1.0041106125054842
SCARA5,2,1.038356956243087e-9,2.7568377188253957e-6,1.5278537252889144,1.1441223993092332e-14,6.000005513675438,0.98241855,1.0,1.002145215256581
SCARB2,2,0.00027338973495332847,2685.8068296388087,5390.662679171436,37.99675621319143,5377.613659277617,0.69890245,1.0,1.0076100629749827
SCARF1,2,3.640425510416985e-5,195.57159594085255,438.04154762951595,11.146043374530219,397.1431918817051,0.934236975,1.0,1.002465031712954
SCARF2,2,4.5032161166156455e-6,347.12727669489533,697.2823698869007,15.433484840654293,700.2545533897907,0.915864025,1.0,1.0029111207699364
SCCPDH,2,2.0338120624456007e-8,5.39977102579307e-5,4.487832449878005,8.090167070589817e-15,6.000107995420516,0.981877625,1.0,1.0032246666100542
SCD5,2,0.0001582121552203534,2591.4660295086446,5187.331681190673,37.87817726514562,5188.932059017289,0.7462728,1.0,1.0030423292518533
SCFD1,2,0.0007398615087189535,4473.284758772237,8951.64065297297,30.89537672984497,8952.569517544474,0.63814845,1.0,1.0048033268676928
SCFD2,2,7.4577436323732515e-6,544.8841506483178,1094.1263295687936,19.995906437115185,1095.7683012966356,0.888560725,1.0,1.0016343224931472
SCG2,2,0.0014094858599166139,840.689355844664,1738.2164034604125,24.334279117803536,1687.378711689328,0.85854815,1.0,1.0024216173729201
SCG5,2,1.1506193294109429e-5,120.36556235133577,245.57325037983966,8.425746142578586,246.73112470267154,0.949343925,1.0,1.0024181762709257
SCGB1B2P,2,2.4014235659717076e-5,164.3005151467267,331.49274476625936,10.081379710589562,334.6010302934534,0.942130125,1.0,1.004090804063511
SCIMP,2,8.869947284025336e-7,39.83954619182823,81.92777369388644,4.553656282081259,85.67909238365645,0.970025425,1.0,1.0040140710158207
SCLT1,2,0.0005100973352316126,1920.9781346181237,3846.5312396105446,35.73681266329613,3847.9562692362474,0.768258575,1.0,1.0041190496801835
SCMH1,2,7.766901218309384e-5,1136.398592804261,2277.699395558782,29.25623805799772,2278.797185608522,0.830858725,1.0,1.00367251034123
SCML2,2,0.00010765724008363444,306.3507675781383,616.198895357597,14.455274048351304,618.7015351562766,0.919397275,1.0,1.002806749367085
SCN1B,2,0.0004200974634215719,813.4397504217859,1630.7778942013133,24.96759727356905,1632.8795008435718,0.871102825,1.0,1.003235719844879
SCN3B,2,9.088564590716764e-6,108.87613470160487,220.49730439727125,7.955198767830629,223.75226940320974,0.952630125,1.0,1.0011129451421688
SCN4A,3,3.6339744579879374e-9,9.648202185957973e-6,2.0681671608649688,1.1441224003747803e-14,6.000019296404372,0.9819637,1.0,1.0024418222436058
SCN4B,2,1.7190838555418547e-5,142.6987067568701,288.12978753375967,9.293831144932094,291.3974135137402,0.946629375,1.0,1.0016145317548266
SCN5A,2,7.653140059507143e-5,997.5020263167512,1998.8132036857808,27.409712977052635,2001.0040526335024,0.846630075,1.0,1.0034168108420423
SCN8A,2,6.275119718843103e-5,245.25854471273558,493.53580101108685,12.711156138507366,496.51708942547117,0.929933075,1.0,1.0017649315109405
SCNM1,2,0.0004121918484604788,4537.688287630349,9079.707028728102,31.06339361978585,9081.376575260698,0.65877585,1.0,1.0034181761842134
SCNN1A,2,0.0023502816299991636,3747.680449213299,7505.416264461267,36.87897719030609,7501.360898426598,0.6458629,1.0,1.0075153025133021
SCNN1B,2,5.111727781858259e-6,85.10928766286708,173.06038223124656,6.912912622251766,176.21857532573415,0.95776085,1.0,1.003579931995808
SCO1,2,0.0012802529829910483,3566.509704905154,7136.551683406334,35.696257100777544,7139.019409810308,0.7264238,1.0,1.0111196655925214
SCO2,2,0.0015620706451339632,6172.351455673388,12349.275516899477,21.72639913845847,12350.702911346776,0.582971275,1.0,1.0116232286287739
SCOC,2,0.0028459068160167997,6230.379084578138,12470.166657353613,20.736476281397195,12466.758169156275,0.506984975,1.0,1.0046748518464375
SCRIB,3,0.0003159450115263398,1637.1537050001084,3299.1981488584224,34.08561461047472,3280.307410000217,0.7783932,1.0,1.0029049824405918
SCRN1,2,0.00013882012702625494,2507.562677996794,5021.998782101378,37.80410454610745,5021.125355993588,0.723959175,1.0,1.003460994939864
SCRN2,3,0.0008196672920181598,5267.493159722008,10549.952283530192,25.18822809799082,10540.986319444017,0.573680575,1.0,1.0055815088975337
SCRN3,2,8.174801625515155e-5,956.7269636865735,1917.8534486464641,26.813456857653925,1919.453927373147,0.84644105,1.0,1.0039767916926199
SCRT1,3,3.1940583815848417e-7,25.436204881935325,53.2578776719923,3.6351043643108274,56.87240976387065,0.97357365,1.0,1.0031842398521882
SCT,2,2.2855974916297005e-6,59.983283447736135,123.46939422187953,5.677827263060977,125.96656689547227,0.963457325,1.0,1.0020484888041703
SCUBE1,2,4.866658596879824e-5,220.75788206682174,447.2572971805069,11.958474884009496,447.5157641336435,0.931112575,1.0,1.00228059884511
SCUBE2,2,1.4204997895393853e-5,131.63229892250504,265.95265761856706,8.87168809972522,269.2645978450101,0.948875725,1.0,1.0064572871369994
SCYL1,2,0.0016099992367092843,4264.576969339121,8532.49274855212,32.008159197913564,8535.153938678242,0.68947395,1.0,1.003730245388991
SCYL2,2,0.0006644376257518844,1966.6114238893404,3936.6660870131277,36.113144026976315,3939.2228477786807,0.7896032,1.0,1.0053678428145179
SCYL3,2,0.0004234779437551399,947.1306338963909,1897.4250155182717,26.991602927147447,1900.2612677927818,0.881933525,1.0,1.002976942948003
SDAD1,2,0.0032023545192745493,5379.996821594672,10765.349005821676,29.56858582025184,10765.993643189344,0.560809575,1.0,1.004261761224518
SDC1,2,0.0009687356416279094,1618.6653842233857,3243.7315635676355,33.74889581800488,3243.3307684467713,0.78703685,1.0,1.0038282994856742
SDC3,2,0.0002187917129354429,1485.2096771779818,2975.2518538331406,32.862786098866714,2976.4193543559636,0.805405275,1.0,1.0028291181021072
SDC4,2,0.0014178116244841035,3180.1924270403556,6366.024320767181,38.05876151463574,6366.384854080711,0.6784639,1.0,1.0017286197604336
SDCBP2-AS1,2,0.00012674779809620064,1110.618694996511,2224.7314150450884,28.844839159307625,2227.237389993022,0.850209,1.0,1.0018204489385871
SDCBP2,2,5.001583510757204e-5,460.33640662090306,924.7589597284509,17.945938088159913,926.6728132418061,0.901404325,1.0,1.0032715517359285
SDCCAG3,2,0.0010232565322495254,3492.0981174843996,6991.154864551686,37.215180197707845,6990.196234968799,0.6647873,1.0,1.0029355515030438
SDCCAG8,2,0.003726615943141642,6677.64026971179,13360.409158363096,20.001402756933146,13361.28053942358,0.5478286,1.0,1.005226996979866
SDE2,2,0.0006523470097841226,1979.5740518503274,3962.0517474321123,36.182117247407426,3965.1481037006547,0.817731425,1.0,1.0043012982621131
SDF2L1,2,0.007943265388591254,11616.256341025817,23237.32806384959,7.505906947740658,23238.512682051634,0.355881425,1.0,1.0025377389365797
SDF2,2,0.0018156762483605682,6439.306568930928,12883.20228266744,18.267941817306035,12884.613137861856,0.5556857,1.0,1.0047405838130077
SDHAF1,2,0.0013602066424598619,3731.0321067583145,7466.161038672541,35.59709696386103,7468.064213516629,0.716707925,1.0,1.0039270860553906
SDHAF2,2,0.0006717525654134617,4681.156309681462,9366.672288574855,30.902788188453496,9368.312619362923,0.626304825,1.0,1.007072618389299
SDHA,2,0.002034264704715648,5616.82239731149,11246.875017983673,24.556324611516796,11239.64479462298,0.5500841,1.0,1.0173617304654585
SDHB,2,0.006986179082507718,10180.769522629269,20374.005782051994,9.087035627960997,20367.539045258538,0.392329225,1.0,1.00581994466045
SDHD,2,0.003650578413268807,7904.46316801781,15816.298573586511,13.541027888759375,15814.92633603562,0.49129825,1.0,1.0076007941788387
SDPR,2,3.1991705928357435e-5,185.2788418763637,373.33971194848635,10.807020143147223,376.5576837527274,0.94050985,1.0,1.0036433618502152
SDR16C5,2,0.000157613891733946,959.8884072323505,1924.7498061568733,26.741937701019076,1925.776814464701,0.843557025,1.0,1.004929533273396
SDR39U1,2,0.0010859135668599602,4868.25436840711,9780.057923775892,29.04706599330468,9742.50873681422,0.55945485,1.0,1.0064884369728464
SDR42E1,2,0.00036557860734306156,1706.232949131715,3415.491304782784,34.74866145387862,3418.46589826343,0.841215525,1.0,1.0035019886278616
SDSL,2,0.00040913230827604004,4239.285044600102,8484.791856793605,33.7160157089805,8484.570089200204,0.621288375,1.0,1.002785347806579
SEC11C,2,0.003120251648360358,8335.201765629039,16679.8939839036,13.232272966793005,16676.403531258078,0.4529273,1.0,1.006941959852292
SEC13,2,0.002375569017200023,6037.73430988259,12080.936187774063,20.916272441114767,12081.46861976518,0.53468565,1.0,1.003066079122011
SEC14L1,3,0.0007073732283922053,4316.712962872166,8638.709133598033,34.57478447666012,8639.425925744332,0.6233612,1.0,1.0121730673993774
SEC14L2,2,0.00024965506692905376,1463.2015349861633,2931.552559088661,32.839090636072505,2932.4030699723266,0.813796375,1.0,1.0013790187499327
SEC14L5,2,3.5517342750547164e-6,72.74762795450773,147.9178135327989,6.326706671565413,151.49525590901547,0.960989875,1.0,1.00349133071119
SEC16A,2,0.00012122995641070637,1364.630497834358,2732.5753789547384,31.793415547077206,2735.260995668716,0.8299406,1.0,1.0029860999127038
SEC16B,2,4.295456817370849e-6,78.97397322099933,160.57874790275088,6.626253793577691,163.94794644199865,0.959069825,1.0,1.003532818238195
SEC22A,2,0.0004688818731602449,1676.1769683519974,3355.9900991666373,34.317205849624436,3358.353936703995,0.809297125,1.0,1.0033744129114084
SEC22C,2,0.0004883595007584442,4133.999823660422,8276.285569771955,35.719650697703855,8273.999647320845,0.636718275,1.0,1.010990093822953
SEC23B,2,0.0013452079037166325,3890.368065780122,7788.588695008111,34.80128246456694,7786.736131560244,0.64753785,1.0,1.005770832930662
SEC23IP,3,0.0010520757689819243,4624.787459466085,9254.447750183304,30.74814383115185,9255.57491893217,0.6161749,1.0,1.0088404971374116
SEC24A,2,3.4041081731931e-5,878.7263185826773,1760.5400904796666,25.767524056539575,1763.4526371653546,0.8671765,1.0,1.0062635415237897
SEC24B-AS1,2,0.0005319613804903802,582.3457728771191,1167.9688721122939,20.852654179726056,1170.6915457542382,0.902933225,1.0,1.004332094112126
SEC24B,2,0.00022267919157491084,1382.6999916008376,2768.6979812074255,31.862290601209736,2771.3999832016752,0.8375504,1.0,1.0025288234192617
SEC24C,2,0.0004541218767891007,1702.4372845362989,3410.451503398468,34.51253971749801,3410.8745690725978,0.789058575,1.0,1.0032958142693942
SEC24D,2,0.00014444505110441716,2219.800883522438,4444.216844303775,37.14059035014681,4445.601767044876,0.753197525,1.0,1.010218986549658
SEC31A,2,0.0010258646970159348,3788.259087041683,7584.447430749881,35.00034388816049,7582.518174083366,0.65937235,1.0,1.006135812062596
SEC61A1,2,0.0007399894351033618,4808.281489619711,9727.211409389634,29.876925803858697,9622.562979239421,0.55953545,1.0,1.0051168101848487
SEC61A2,2,2.7724646804156297e-6,485.9413050959201,975.2895299382692,18.732227740024225,977.8826101918402,0.89729925,1.0,1.003723518140343
SEC61B,2,0.012276683347888123,13570.633793926972,27161.703223546938,5.214992047849644,27147.267587853945,0.2675965,1.0,1.005285525709008
SEC61G,2,0.008270576103516095,14527.694338585341,29061.44714511819,4.268433543353993,29061.388677170682,0.247713625,1.0,1.0052314156388866
SEC62,2,0.00670315461714384,11472.751417858262,22951.65767056378,7.480060321255136,22951.502835716525,0.31304015,1.0,1.0056317761593583
SEC63,2,0.0010960539493948666,4393.721729488066,8794.03302716724,32.113914022737326,8793.443458976131,0.611176375,1.0,1.0022554625709161
SECISBP2L,2,0.0004821834428377779,3057.7088253388515,6119.45052743329,37.656471772860044,6121.417650677703,0.7431357,1.0,1.003223350203114
SECISBP2,2,0.0019352921048315683,5411.46047108138,10830.623211349664,25.858624108017295,10828.92094216276,0.58366165,1.0,1.0055644308691423
SECTM1,3,0.0014424282755463704,2151.34653185168,4308.356768624034,36.946127767311125,4308.69306370336,0.7434328,1.0,1.001568002271477
SEH1L,2,0.0004929538159788754,3184.837134429955,6374.792424689306,37.663662197622756,6375.67426885991,0.7061959,1.0,1.0099459893847067
SEL1L,2,0.00023694641574755333,2544.014881550385,5092.563828326371,37.82132599039453,5094.02976310077,0.74040555,1.0,1.0085992918674205
SELK,2,0.0026643627883395026,9791.160855404096,19609.291364386016,9.656282005921737,19588.32171080819,0.398996725,1.0,1.0177496435020694
SELL,2,0.0002699202997430277,444.69519454315866,895.2091738660623,17.90444937813153,895.3903890863173,0.89915605,1.0,1.0035559587513507
SELO,2,0.00025482829825796094,2233.192803939069,4471.245777483931,37.242766289061706,4472.385607878138,0.744846175,1.0,1.0082254755033646
SELPLG,2,2.8743747009587753e-6,66.42110286552264,135.26188980279602,6.011611971475618,138.84220573104528,0.96247775,1.0,1.0037369352875611
SELT,2,0.0040455910359860825,6938.695333371572,13884.296560312732,17.728409452373793,13883.390666743144,0.507783075,1.0,1.0041577210220236
SEMA3A,2,0.0012129029011786225,1485.2065942299191,2976.1740391660533,32.5276699132991,2976.4131884598382,0.802894625,1.0,1.0015448785336072
SEMA3B-AS1,2,8.239604628781875e-5,601.2707928796286,1207.0082374238743,20.81396289628247,1208.5415857592573,0.882215625,1.0,1.0022766330810484
SEMA3C,2,7.10959675445206e-5,682.9637333787172,1371.0447658109076,22.37563470332759,1371.9274667574343,0.87145935,1.0,1.0028265603820488
SEMA3D,2,7.988245934300904e-6,103.03945607149167,210.32760387616628,7.707574631609836,212.07891214298334,0.953361875,1.0,1.0029459191806758
SEMA3E,2,3.474045210779132e-6,424.59124693946677,852.5360946393673,17.334374671886106,855.1824938789335,0.904298125,1.0,1.0030075748430567
SEMA3F,2,5.135485314558175e-5,225.7037596309885,454.4703052598407,12.114304755459873,457.407519261977,0.932079475,1.0,1.0024278183821822
SEMA3G,2,4.080861368315633e-5,336.12729650283455,676.929080082957,14.998430587908832,678.2545930056691,0.914398275,1.0,1.0043906805069653
SEMA4A,2,3.1972839857974607e-7,25.436205738333246,53.108276897992184,3.6452574388258974,56.87241147666649,0.9736844,1.0,1.0028091425639754
SEMA4B,2,5.7965829620520975e-5,1135.1080324664517,2273.426918127145,29.331145595038276,2276.2160649329035,0.85546345,1.0,1.0022225144854087
SEMA4C,2,0.00011209695266158771,1056.3637444136486,2116.225266354757,28.156751713129832,2118.7274888272973,0.8554631,1.0,1.0039126467139847
SEMA4D,2,0.00012204983180232215,849.1801721129833,1703.099405334552,25.10956602028494,1704.3603442259666,0.85602655,1.0,1.0070892087773982
SEMA4F,2,5.60732505425854e-5,822.6840842572997,1650.0160975840572,24.809598652211225,1651.3681685145993,0.857749975,1.0,1.0059503489384607
SEMA4G,3,0.0001998080702149142,1284.054920040661,2572.2558381839976,30.84009164181679,2574.109840081322,0.820406675,1.0,1.002165330646038
SEMA6A,2,7.330535036025926e-6,682.8230149178672,1368.6434983760212,22.618358794309763,1371.6460298357345,0.889524075,1.0,1.0042870380347264
SEMA6B,2,0.0009188267501790054,1993.7215286836406,3992.4786881338005,36.200744877267596,3993.443057367281,0.768177225,1.0,1.0036786839744933
SEMA6C,2,8.69452254049795e-6,548.7385475876915,1101.2492921071268,20.075975864125045,1103.477095175383,0.889897075,1.0,1.0042318519166387
SEMA7A,2,0.00033574828799734887,485.2557023867462,973.7375388721418,18.816968395064194,976.5114047734924,0.909231375,1.0,1.005390208826011
SENP1,2,7.782947858411151e-6,643.086361917428,1289.1667823641542,21.871889752586657,1292.172723834856,0.888086275,1.0,1.003024367909755
SENP2,2,0.0002449217998927214,2551.2795472652624,5107.663874080677,37.995717731091744,5108.559094530525,0.7333264,1.0,1.0022464020187785
SENP5,2,0.0006475439423796475,2707.1868105762933,5418.862480205528,38.06695608471945,5420.373621152587,0.74000135,1.0,1.002904445609849
SENP6,2,0.0012305111000771535,4722.221946829791,9449.484403829609,31.49168059404384,9450.443893659582,0.5996361,1.0,1.0041320119854185
SENP7,2,9.120015918684573e-5,1089.1902898560331,2268.52247688678,28.614712000564936,2184.3805797120663,0.822799125,1.0,1.0032697998326854
SENP8,2,0.0001163659868855451,1166.2882294916662,2335.759439226426,29.558064548126538,2338.5764589833325,0.85786125,1.0,1.0024424953651605
SEPHS1,2,0.00027678125189109124,3145.7001629565343,6319.853007889343,37.3498032516496,6297.400325913069,0.669712125,1.0,1.0028792198335297
SEPHS2,2,0.0020381125739442657,5364.401784725708,10733.197821743399,26.304643828785636,10734.803569451416,0.609206925,1.0,1.014141347548221
SEPP1,2,0.002068420578376766,5928.182210279266,11947.609329648687,26.189984190787474,11862.364420558531,0.525897225,1.0,1.0032838459600433
SEPSECS,2,0.00023492321243665266,1191.9566885462932,2387.3127084161115,30.091299553817162,2389.9133770925864,0.851941025,1.0,1.0042857680901889
SERAC1,2,6.725445218966544e-5,883.9597207158934,1771.476920008809,25.970513749471873,1773.9194414317867,0.865401275,1.0,1.0014994827876307
SERBP1,2,0.01468676414445085,13759.348175558154,27523.50084460985,4.945428573493327,27524.69635111631,0.2731804,1.0,1.004617529507551
SERGEF,2,0.0023510032803609844,4034.0095486588566,8075.35834432229,35.13550662772067,8074.019097317713,0.6646074,1.0,1.0031395317622747
SERHL2,2,1.2792743250162723e-6,46.71353123537758,95.70984803437176,4.953391985982556,99.42706247075516,0.967830675,1.0,1.0026226361544
SERINC1,2,0.0003320924662750557,3149.6118961194843,6306.320011317542,37.323804295959036,6305.223792238969,0.69830545,1.0,1.0052310982800141
SERINC3,2,0.0015162827342285923,4505.319741760501,9028.414900961236,31.702435886422094,9016.639483521001,0.58719715,1.0,1.001973553160109
SERINC5,2,2.164114931125281e-5,587.5026603370983,1181.112284945808,20.71044923938301,1181.0053206741966,0.8812796,1.0,1.0024759374118306
SERP1,2,0.007284108719789475,10099.98216398062,20204.772059019793,9.439761151115883,20205.96432796124,0.378711275,1.0,1.0015982535006278
SERPINA5,2,3.719690562084019e-5,624.9123463028156,1284.135612676787,21.37589426351091,1255.8246926056313,0.87431935,1.0,1.0018823873081122
SERPINB1,2,0.003037947530260334,8579.546216602992,17164.52719942639,13.13744009126906,17165.092433205984,0.42805525,1.0,1.0032445759768216
SERPINB5,2,0.0004210069923952608,1694.7927919707595,3395.48733716916,34.47403559127244,3395.585583941519,0.78768215,1.0,1.0033266746228464
SERPINB6,2,0.002498134669461873,7024.6237397875875,14070.651011595748,15.999965191662675,14055.247479575175,0.479077475,1.0,1.0018157756229902
SERPINB8,2,1.7561498419375857e-5,718.2287179524382,1440.242725992881,23.261075654278777,1442.4574359048763,0.87394035,1.0,1.0033091218915102
SERPINB9,2,0.00014612921713241873,1140.4539302816254,2284.691397215009,29.197279196857988,2286.907860563251,0.83717045,1.0,1.0018448971479537
SERPINC1,2,8.912162305524397e-7,39.83955739991644,84.42245935132091,4.545084423589129,85.67911479983287,0.968847425,1.0,1.002298404448765
SERPINE1,2,0.0005232788744973763,1116.5600616147708,2237.746790510587,28.623252187956734,2239.1201232295416,0.834910975,1.0,1.0046363316923663
SERPINF2,2,0.00016796319875226544,1164.0784322466893,2332.1720884165056,29.464447819451763,2334.1568644933786,0.833711725,1.0,1.0049937897708552
SERPINH1,2,0.0007080246093513999,4589.751247521506,9185.277755604235,32.00251058520328,9185.502495043012,0.614515625,1.0,1.0026697332009222
SERPINI1,2,6.0402023876904355e-5,1121.187636406178,2245.9637901820097,29.102944564509308,2248.375272812356,0.8416266,1.0,1.0041388954120332
SERTAD1,2,0.0012167421210938281,5828.833539903129,11662.359846259573,25.20941999607802,11663.667079806259,0.60947005,1.0,1.0031177172003332
SERTAD2,2,0.0002712664056920745,2550.6765806459575,5105.766754560174,38.12691045677762,5107.353161291915,0.74915955,1.0,1.006417870772271
SERTAD3,2,0.0013387690219937856,4780.241931202,9564.740187729192,31.158616977554786,9566.483862404,0.676204525,1.0,1.0035393067031257
SERTAD4-AS1,2,0.00013247891048233704,333.4548736725152,674.5483069159037,15.178366147597805,672.9097473450304,0.9134221,1.0,1.003773628304462
SERTAD4,2,8.541703814203995e-5,278.59081471614763,560.2262582540183,13.683755396060246,563.1816294322953,0.926994775,1.0,1.0031918256731538
SESN1,2,0.0001310232452912003,947.2378913501625,1898.572475635481,26.596094878596414,1900.475782700325,0.854536975,1.0,1.0031961933549196
SESN2,2,0.00012519582226716805,978.9601264699841,1961.8342826075038,27.063971988740786,1963.9202529399681,0.8636134,1.0,1.0015936044974034
SESN3,2,0.0001487353642595413,1128.6687271552223,2261.1784033382824,29.047094227654103,2263.3374543104446,0.839409725,1.0,1.0046843998249142
SESTD1,2,0.00017481096773941027,1134.7367641363621,2273.636759123609,29.09183069681546,2275.4735282727243,0.8337842,1.0,1.0034410717531104
SETD1A,2,8.19455311572634e-5,1107.0026347013631,2217.0162756856103,28.87362587655428,2220.0052694027263,0.8553159,1.0,1.0014016461488309
SETD1B,2,4.390262138554984e-5,952.9271430058028,1908.7586975667405,26.85117815387656,1911.8542860116056,0.8711067,1.0,1.002137556168239
SETD2,2,0.000400012272566575,2923.2113403591025,5850.011619809124,37.78082632454562,5852.422680718205,0.75992805,1.0,1.002560091197496
SETD3,2,0.00020874070984422158,2770.21706711952,5546.2385960065785,37.96588300978847,5546.43413423904,0.71515085,1.0,1.0036228953611426
SETD4,2,6.973882191360365e-5,2303.9961602084204,4611.909701725941,37.354392936403684,4613.992320416841,0.76404005,1.0,1.001953333721323
SETD5,2,0.00035108843820153804,4502.397311309266,9009.641097403695,31.82411133815421,9010.794622618532,0.67139535,1.0,1.004097941678096
SETD6,2,0.00023029287299155122,1574.117179656427,3151.5363060529453,33.74103942250671,3154.234359312854,0.829535025,1.0,1.0029771821211944
SETD7,2,0.0001732735288564124,2319.1062375905194,4647.399608969551,37.49881526431369,4644.212475181039,0.729581225,1.0,1.0023709985218947
SETD8,2,0.00243305038571003,3064.0232713885007,6133.728806430463,40.12041849485971,6134.046542777001,0.705200475,1.0,1.0017198531878995
SETD9,2,0.0002602979091748021,2885.993050043352,5777.10577021671,37.79625267324166,5777.986100086704,0.71648285,1.0,1.0089153997921858
SETDB1,2,0.0005397155915670138,1622.9434727710864,3250.07377719691,33.879702751901085,3251.8869455421727,0.810788875,1.0,1.0051795381460926
SETDB2,2,9.632640669884536e-5,849.40666451059,1702.8855597411646,25.15821286394971,1704.81332902118,0.860159275,1.0,1.002460104580558
SETMAR,2,0.00023702890685360032,1236.5255615625433,2477.1277550518635,30.263596349371742,2479.0511231250866,0.83299125,1.0,1.0033216244662533
SETX,2,0.000645207810323038,3048.912699246474,6102.124673801818,38.12178725028517,6103.825398492948,0.72016795,1.0,1.0027350170510994
SET,2,0.020461762126369864,14575.637211216585,29158.283270258053,4.3637527896918265,29157.27442243317,0.27742713622555365,1.0,1.0005705217375587
SF1,2,0.004692435512092812,8037.172144988208,16079.454176612464,13.115402363842762,16080.344289976416,0.468695575,1.0,1.0084058410264078
SF3A1,2,0.0017968311602043106,4022.9067437404788,8050.972016829768,34.34762492230897,8051.8134874809575,0.6632194,1.0,1.004738487063909
SF3A2,2,0.0021385146486388317,4614.65838373854,9234.094744766024,32.30724555165434,9235.31676747708,0.6068217,1.0,1.004479599006546
SF3A3,2,0.0013656990206007754,4737.41155952921,9483.619657000476,30.138490482451143,9480.82311905842,0.585868025,1.0,1.0034922102944137
SF3B1,2,0.003387567271259997,7856.590285976391,15719.592315623382,13.381527945124498,15719.180571952782,0.465510075,1.0,1.009447186647155
SF3B2,2,0.004237667943872296,9720.33263819392,19459.032480371727,10.155585220853506,19446.66527638784,0.38060565,1.0,1.0078553283736338
SF3B3,2,0.0002467024718870253,2835.6034353079162,5675.4316608278705,37.887160369442405,5677.2068706158325,0.725177675,1.0,1.0022086391961973
SF3B4,2,0.0030528331761528115,6628.000822456438,13260.898851436468,18.971955018630535,13262.001644912876,0.52187695,1.0,1.0061823235968033
SF3B5,2,0.004665161651862108,11125.932405911164,22258.77756920384,7.897420063539481,22257.86481182233,0.34248575,1.0,1.003939116248715
SFMBT1,2,0.0005298411627346935,2003.453814062522,4009.95292348076,36.360037846680235,4012.907628125044,0.8178424,1.0,1.003615088772904
SFN,2,0.010279333870914353,11053.412728916777,22113.43539458846,8.851606761639978,22112.825457833555,0.381014975,1.0,1.0026183858994486
SFPQ,2,0.009174318267220746,9601.713756403205,19209.464908627222,11.057928029840026,19209.42751280641,0.398433725,1.0,1.0021556367484914
SFR1,3,0.001468849117171357,4635.67437565685,9276.20880791069,33.50119049767202,9277.3487513137,0.617822575,1.0,1.0047419805830649
SFSWAP,2,0.002113212508454466,4104.507955176185,8214.594644394843,34.297691276194556,8215.01591035237,0.6857295,1.0,1.0087934608874807
SFT2D1,2,0.004474246065329835,9421.408117773963,18848.135441587812,10.4330706583343,18848.816235547925,0.40912675,1.0,1.0113251067335394
SFT2D2,2,0.0006559634431793668,2065.731951878693,4134.49304053821,36.60158953763159,4137.463903757386,0.808596125,1.0,1.0056984371025803
SFXN1,2,0.0012588396231643145,4905.265088063585,9817.702550317666,29.44293845821094,9816.53017612717,0.584373925,1.0,1.0040693236338134
SFXN2,3,0.00010804846681582338,1223.584008636593,2461.670690072743,30.257700261788084,2453.168017273186,0.815795875,1.0,1.0034081840138214
SFXN4,3,0.0026600386991341607,5633.520339975543,11276.082481412654,24.820578132546636,11273.040679951086,0.563068275,1.0,1.0103604311873058
SFXN5,2,0.00013007122734177135,1329.5145550321138,2663.7040925828715,31.409744837832733,2665.0291100642276,0.818251925,1.0,1.0073332252141305
SGCA,3,4.8685101720039305e-5,220.75091384807848,444.48001427333793,11.959749386836803,447.50182769615697,0.9331525,1.0,1.0022876580450089
SGCB,2,0.0002704799353867619,2592.227919174482,5192.014785156241,38.05135782860639,5190.455838348964,0.7142944,1.0,1.0022768186703466
SGK1,2,0.00024148634155825573,671.4615378486252,1347.2011215121152,21.93364500219387,1348.9230756972504,0.876638625,1.0,1.0045921284511254
SGK223,2,4.149912480881997e-5,540.8786828438638,1085.632966246213,19.700186340373445,1087.7573656877275,0.893229,1.0,1.0024282311978538
SGK3,3,0.0003177989772060988,1693.162784723837,3389.6168547684456,34.525959815526946,3392.325569447674,0.809826525,1.0,1.0030187683619893
SGK494,2,1.566136129484143e-5,137.1893188471558,279.25035859959314,9.084189596413804,280.3786376943116,0.946299375,1.0,1.0030591153394275
SGMS1,2,0.0008129621871878532,1851.2257154664628,3706.575109375332,35.42872359604463,3708.4514309329256,0.80192745,1.0,1.002464339566281
SGMS2,2,0.00012861188804317038,1101.7400970438691,2207.1791718681256,28.728787213500308,2209.4801940877383,0.841245575,1.0,1.001611550604056
SGOL1,2,0.006080107864900244,3580.674159916558,7166.937799862447,42.399293574897435,7167.348319833116,0.680904925,1.0,1.0002964121551412
SGOL2,2,0.00720797543783491,4043.360117999984,8092.751197064637,43.33878193814419,8092.720235999968,0.6812129,1.0,1.0006528184629704
SGPL1,2,0.0004699222934646861,1951.6927499458727,3907.3579402334303,36.12066089753297,3909.3854998917454,0.79256645,1.0,1.0065017954972555
SGPP1,2,2.82253378429004e-6,481.93083471403276,969.258095493356,18.641985099665163,969.8616694280655,0.89420805,1.0,1.0017126239730443
SGPP2,2,5.977468846126229e-5,240.41478352333914,484.49944665444735,12.564782075372847,486.8295670466783,0.928569575,1.0,1.004477853890036
SGSH,3,2.3238402262311514e-5,832.1415513645428,1670.2678637420674,25.07441410682049,1670.2831027290856,0.856072375,1.0,1.0028057146407292
SGSM1,2,7.174802556503134e-5,1034.4489747722332,2072.131824636896,27.933631789856992,2074.8979495444664,0.84988815,1.0,1.0057082949358738
SGSM2,2,0.0002557077154171215,1377.5103483239839,2762.6963964515708,31.772063826010612,2761.0206966479677,0.8064407,1.0,1.0022002400436416
SGTA,2,0.0009100432941373367,5008.63777478251,10024.504983845769,28.840592024584627,10023.27554956502,0.5867266,1.0,1.0075830457093824
SGTB,2,0.0002464803879143687,1566.9479487381304,3137.1649912001603,33.56375953861706,3139.895897476261,0.8178042,1.0,1.0029056124918416
SH2B1,2,0.0005509701872902432,2008.1579206987199,4025.0323660869135,36.37069123041718,4022.3158413974397,0.763188525,1.0,1.0035858948712686
SH2B2,2,0.0005664202491300973,1710.8675350479925,3425.6903805484444,34.53968052078463,3427.735070095985,0.805510825,1.0,1.0038421603260554
SH2B3,2,6.466294649608882e-5,1088.6439931908928,2180.394512803661,28.673361960906192,2183.2879863817857,0.85116145,1.0,1.0029599878210782
SH2D1B,2,3.2189519011508034e-7,25.436211491164773,54.92644474547899,3.625389555746585,56.872422982329546,0.97311005,1.0,1.0027446409915703
SH2D2A,2,8.726647177396447e-5,1071.1447500941642,2145.5282319418825,28.395109550095338,2148.2895001883285,0.852889975,1.0,1.001382251753468
SH2D3A,2,0.0007470214190307599,2858.075513298394,5720.652706286927,38.298632279016275,5722.151026596788,0.708342725,1.0,1.003344746744373
SH2D3C,2,9.621451606602841e-5,292.55737695309085,588.1574661898075,14.076359536781485,591.1147539061817,0.9280782,1.0,1.0033992118411872
SH2D4A,2,0.0015228405954520485,4509.6062769471755,9023.822583502097,33.54557819787629,9025.212553894351,0.623822675,1.0,1.0073918891256044
SH2D4B,2,8.881856692829428e-7,39.83954935377626,81.97679120378926,4.549658555278682,85.67909870755253,0.969311425,1.0,1.002511144419676
SH2D5,2,5.1337088656692874e-5,225.7109208605455,455.0417447422269,12.113738336066266,457.421841721091,0.930788775,1.0,1.0024715510720594
SH2D6,2,4.644707407802067e-6,338.2181058445982,679.599921581177,15.202734884304299,682.4362116891964,0.915162,1.0,1.0033071681318482
SH3BGRL2,2,1.2878825015019278e-5,457.6473254036857,918.9411380960339,18.018298243259295,921.2946508073715,0.899108175,1.0,1.004755012515716
SH3BGR,2,0.00043866315011302043,1594.5616436955033,3193.4768230078157,33.67623578855417,3195.1232873910067,0.798745775,1.0,1.003187097984509
SH3BP1,2,0.0010501540619041398,2009.7001170602796,4024.0671942296844,36.262354109595314,4025.400234120559,0.773477725,1.0,1.003456820929814
SH3BP2,2,6.919547104845776e-5,1191.1892283851546,2385.5863030808027,29.949214165613657,2388.378456770309,0.8428561,1.0,1.0033618602296024
SH3BP4,2,0.0003278821394699152,1600.763615309105,3204.850589732621,33.79162777277269,3207.52723061821,0.816572725,1.0,1.0028716171272052
SH3BP5-AS1,2,3.8734377689726566e-5,200.65528030372192,405.2041851475352,11.31654829365011,407.31056060744385,0.934796875,1.0,1.004132364692317
SH3BP5L,2,0.00019992379322059022,1453.7555622775778,2910.5398254996257,32.58201254992695,2913.5111245551557,0.83324185,1.0,1.0069217553373195
SH3BP5,2,0.0002766803256190994,2599.388165616015,5203.700500093257,38.05243806351853,5204.77633123203,0.722447175,1.0,1.0037812084185165
SH3D19,2,0.0005056248690534876,1979.3881136036161,3966.262804095658,36.25100726214209,3964.7762272072323,0.7705998,1.0,1.0024569373548764
SH3D21,2,6.959668836034775e-6,97.13606292041719,197.6345844163394,7.452605986794715,200.27212584083438,0.95470055,1.0,1.002452581120677
SH3GL1,2,0.0009588434037717132,3658.104109671676,7321.814929114427,36.02569155215123,7322.208219343352,0.6739477,1.0,1.0067921316594497
SH3GL3,2,3.849233879119702e-5,583.4364236617731,1172.1769254413755,20.567957285762624,1172.8728473235462,0.88216835,1.0,1.0037283434108928
SH3GLB1,2,0.0009531638252117052,6218.5306436202745,12442.978874253951,21.351077653016247,12443.061287240549,0.567705325,1.0,1.011944226623278
SH3KBP1,2,0.0034408092024423246,6250.4238985758175,12536.688101176163,22.633752347528304,12506.847797151635,0.505758375,1.0,1.0031464411914028
SH3PXD2A,3,2.1222691488112895e-5,861.8489632918204,1726.7627562905338,25.55803824645096,1729.6979265836408,0.868423,1.0,1.004545405071752
SH3PXD2B,2,0.00030283453596672514,1506.9031465359935,3017.242757703641,32.990038161807654,3019.806293071987,0.82474435,1.0,1.0018841374411087
SH3RF1,2,0.0028421221595503047,3623.99773775886,7252.724893000024,37.663618491978305,7253.99547551772,0.681334625,1.0,1.0038633014948541
SH3RF2,2,6.631525032026353e-5,911.7418361269292,1826.8971081843788,26.18100995390857,1829.4836722538585,0.8597006,1.0,1.0030000404110924
SH3TC1,2,0.0001281607183777033,328.98015274228004,661.068075380418,15.062643779395568,663.9603054845601,0.92166815,1.0,1.0018043397592435
SH3TC2,2,9.257850418359051e-5,287.9119902032185,578.9774630250055,13.946579722719191,581.823980406437,0.923754775,1.0,1.0018640997269859
SH3YL1,2,0.003094047746280858,5101.227303472471,10214.159352904599,29.17593054874143,10208.454606944942,0.563846225,1.0,1.0020152305187136
SHANK1,2,5.676037987622997e-7,32.764211030767335,68.62799016569794,4.109983866928143,71.52842206153467,0.97098905,1.0,1.0031064719558447
SHANK2,2,1.3236697986136684e-5,445.27560376550673,893.9250116777613,17.73820161021108,896.5512075310135,0.9028145,1.0,1.0024492059006747
SHANK3,2,5.99987068383553e-6,91.16117412138583,185.6685694222202,7.187662409863839,188.32234824277165,0.955946875,1.0,1.002813665831698
SHARPIN,3,0.002192101684334499,5461.8238348301065,10930.218440193896,25.445578091060515,10929.647669660213,0.565942925,1.0,1.0034476410820898
SHBG,2,1.0278051690133782e-5,114.65032042703136,234.63782167081538,8.19344538518349,235.30064085406272,0.950602725,1.0,1.0039962867174543
SHB,2,0.0004449629410160248,1715.923372066704,3435.016285248355,34.61198388882393,3437.846744133408,0.82496435,1.0,1.0046037742531353
SHC1,2,0.0015412306742933572,4829.761958275311,9667.282714759032,31.61306188339629,9665.523916550623,0.5889807,1.0,1.0073466123120494
SHC3,2,8.869259754014051e-7,39.83954600928901,82.2878651783841,4.547955450517565,85.67909201857802,0.9691278,1.0,1.0027945488718613
SHC4,2,1.718940338392336e-5,142.6987029464898,288.1252697910278,9.294055512242918,291.3974058929796,0.946758075,1.0,1.0027912259049356
SHCBP1,2,0.0015908984852896332,2072.127287925229,4153.639315910215,36.59176622247386,4150.254575850458,0.766361075,1.0,1.0020055961513075
SHD,2,0.0010743884724252243,1943.46014297861,3892.0594422201484,35.92589449305581,3892.92028595722,0.771554675,1.0,1.0046008955399643
SHF,2,3.870280548000182e-5,200.6677057315239,404.2146856221914,11.317549714003093,407.3354114630478,0.93782265,1.0,1.0029779207520517
SHH,2,3.5508449890078698e-6,72.74762559345328,148.00810043121777,6.326279551332222,151.49525118690656,0.960768625,1.0,1.0035918960574115
SHISA5,2,0.0016654025537772928,5075.174711335265,10156.783581672507,28.774509237395744,10156.34942267053,0.581364825,1.0,1.0061122184007163
SHMT1,2,0.0013533446997825097,3603.1274315058627,7224.503595082541,36.99356554941874,7212.254863011725,0.644639275,1.0,1.0028058232948518
SHOC2,3,0.001847965318969083,6251.613845557627,12507.5853103644,21.253199100623416,12509.227691115255,0.561047225,1.0,1.00983326335157
SHOX2,2,0.0007778344451018203,2191.410494152184,4385.897911140806,37.08926593817797,4388.820988304368,0.805621475,1.0,1.0044674681414973
SHPK,2,5.695765123171311e-7,32.764216268321825,68.32967794609435,4.107236222242965,71.52843253664365,0.971200125,1.0,1.0024793650299504
SHPRH,2,0.0003991684832473105,2543.7415827278305,5090.9128281529365,37.79096726136722,5093.483165455661,0.7591925,1.0,1.0029728755047893
SHQ1,2,0.0008377764573735216,1877.0143949291025,3758.469425476214,35.57995078586346,3760.028789858205,0.78774785,1.0,1.0055524451323234
SHROOM1,2,7.96720590740569e-5,972.5043533640614,1948.538563373496,27.04718792059324,1951.008706728123,0.851441175,1.0,1.0033252117961948
SHROOM2,2,3.2835406983745144e-6,441.21063183830694,885.3310693440221,17.723637967357778,888.4212636766139,0.9061958,1.0,1.0041192871177125
SHROOM3,2,5.9604165722016236e-5,785.3051611029343,1574.2840841036507,24.189584247820335,1576.6103222058687,0.868014675,1.0,1.002051428667015
SIAH1,2,0.00032066971988310857,3060.252972461813,6124.44643328753,37.67185402246588,6126.505944923626,0.76397505,1.0,1.0084294862730063
SIAH2,2,0.001418718686403325,4969.386336896906,9943.38757664286,30.563462031049532,9944.772673793812,0.637384025,1.0,1.0067965601268019
SIDT2,2,0.00011629181167041289,1285.4557569784845,2576.2479802645476,30.95050518848029,2576.911513956969,0.818612025,1.0,1.007645632666155
SIGIRR,2,0.001335263619142799,6083.531636229666,12172.27272624131,21.983267370831538,12173.063272459332,0.5347726,1.0,1.0136362448961924
SIGMAR1,2,0.0034520562840189666,6378.973450452315,12950.991063337375,22.60524624344935,12763.94690090463,0.4974202,1.0,1.003869518130657
SIK1,2,0.00026306633328251195,1149.5683782354633,2303.453820599899,29.1999567066795,2305.1367564709267,0.84406,1.0,1.0031617764535825
SIK2,2,4.122712192615828e-5,753.0050742266818,1509.1438344008359,23.875103035693275,1512.0101484533636,0.885483425,1.0,1.0041890421273727
SIK3,2,0.00037707636332928333,1179.8615123199584,2362.94595369389,29.987041155790326,2365.7230246399167,0.86306745,1.0,1.0068963703742635
SIKE1,2,0.00030607661439506587,4430.113773119237,8865.302328207992,32.20731610435547,8866.227546238473,0.64959775,1.0,1.0038364337371144
SIL1,2,0.0006316729658388875,4142.809786598398,8290.568727176684,34.88799551315811,8291.619573196796,0.6306815,1.0,1.0046633455720908
SIM2,2,3.560300431507026e-5,932.721690160815,1868.5962452685035,26.658772020051114,1871.44338032163,0.87022845,1.0,1.003881632446801
SIMC1,2,0.0002179337102679485,1300.894549618162,2605.446040136167,31.003288658828836,2607.789099236324,0.833080575,1.0,1.004278190264084
SIN3A,2,9.705927954575482e-5,2323.8121006567353,4651.878932139962,37.44669562427388,4653.624201313471,0.771328,1.0,1.0034855058846148
SIN3B,2,0.0003417008349688197,1642.9100730881678,3289.588806895297,34.12030023160464,3291.8201461763356,0.803035125,1.0,1.0055749291557994
SIPA1L1,2,0.0004987564888172303,1811.4418039304455,3626.102882404629,35.259510029490784,3628.883607860891,0.80357405,1.0,1.006149845465174
SIPA1L2,2,3.431971978922221e-6,428.76476418799393,860.4554788068106,17.43349367861392,863.5295283759879,0.90672065,1.0,1.003586582697152
SIPA1L3,2,0.0005319618883359972,582.3457742254492,1167.9615372878745,20.85213843653297,1170.6915484508984,0.900113575,1.0,1.0028099235489762
SIPA1,2,0.0030777224026638703,5808.978226342197,11624.376138828642,23.495945885079767,11623.956452684393,0.582972825,1.0,1.0122461347917115
SIRPA,2,4.0617616598511786e-5,1057.5246628876869,2119.059299594991,28.34593437925913,2121.0493257753737,0.84547865,1.0,1.0033538213982895
SIRT1,2,0.00033171379077507945,1662.1255931913197,3327.268105848495,34.27834814941523,3330.2511863826394,0.8236956,1.0,1.0018271534902756
SIRT2,2,0.00024475653881142137,2388.117984347815,4802.359658504351,37.53632044223102,4782.23596869563,0.719244825,1.0,1.0036022997724148
SIRT3,2,0.00020835915580833862,2150.814432911933,4307.3554784344615,36.87544634501741,4307.628865823866,0.7523782,1.0,1.0040481583349785
SIRT4,2,2.6636134823551046e-5,764.4556557229438,1531.9133780063,23.940735401249544,1534.9113114458876,0.8802483,1.0,1.0016641339865202
SIRT5,2,0.00021143664023107878,2449.3654101817065,4903.9837492758925,37.76277714230524,4904.730820363413,0.730304875,1.0,1.0010496034702885
SIRT6,2,0.0004895614895788854,3499.8564761237085,7002.888049571179,36.183612104014784,7005.712952247417,0.726428425,1.0,1.0034176187732227
SIRT7,3,0.0011230790686222846,4834.699886660063,9673.650196932282,30.071174807895623,9675.399773320127,0.617802275,1.0,1.0061613387813138
SIVA1,2,0.019980305685510517,11350.723545884475,22707.763074810435,8.697032562973488,22707.44709176895,0.37861395,1.0,1.0062875810189253
SIX1,2,1.463363282814481e-5,746.7627760963993,1496.3565530614446,23.69584835505917,1499.5255521927986,0.89028865,1.0,1.0020254644744404
SIX2,2,1.0260628711298561e-5,114.65027416902255,231.8910705094557,8.195355040234428,235.3005483380451,0.952835275,1.0,1.0039657051703337
SIX3-AS1,2,2.818823601335901e-5,586.8081666187842,1176.7425448979836,20.853829974513083,1179.6163332375684,0.89665335,1.0,1.003349727779944
SIX3,2,7.829136332697736e-5,981.9131029451861,1967.1661224751977,27.185151500358625,1969.8262058903722,0.862609025,1.0,1.0041315956009815
SIX4,2,0.00022839429349617263,1264.7057720876253,2533.2411165002554,30.5919624243436,2535.4115441752506,0.8406462,1.0,1.0033781957301677
SIX5,2,0.00011115039097767397,1062.4321714398802,2128.4374480404954,28.2372556587716,2130.8643428797604,0.848938375,1.0,1.0068530426156175
SKA1,2,0.0018945352380298432,1273.21179194774,2553.119137851979,30.162214653658932,2552.42358389548,0.8208754,1.0,1.0038653203396102
SKA2,3,0.007934260714666444,6428.203418728018,12870.00771893664,27.87912757868877,12862.406837456036,0.53006955,1.0,1.0081042883924243
SKA3,2,0.0027596656547645435,2291.490647256461,4588.994668526934,37.733810928765536,4588.981294512922,0.7528784,1.0,1.005685821763175
SKAP1,3,0.00040043032544151186,2838.9450969610875,5686.957989697341,38.18286364313845,5683.890193922175,0.69599,1.0,1.0067140121879044
SKIL,2,0.0006359649154993256,1670.2737048538404,3344.853357336413,34.226107793691114,3346.547409707681,0.81177705,1.0,1.0031641036206456
SKIV2L2,2,0.0007546449203893573,3764.4784671906477,7532.257275484132,34.89268116950843,7534.9569343812955,0.717500225,1.0,1.0048432745237041
SKI,2,0.0004588524282649507,1754.7084161624457,3512.537880852165,34.886673497039624,3515.4168323248914,0.818208975,1.0,1.0042351033174222
SKOR1,2,3.2069904875155057e-7,25.436208315409452,53.0587137559662,3.640577549827817,56.872416630818904,0.97372,1.0,1.0018813134307865
SKP2,2,0.0006912846002664034,1938.0457727237088,3880.024192758743,35.94672489746592,3882.0915454474175,0.783093475,1.0,1.0036242998040905
SLA2,2,3.195161826137998e-7,25.436205174899854,53.02494288064136,3.6483884290094095,56.87241034979971,0.9741378,1.0,1.0030092177544203
SLAIN2,2,0.0002275863653416245,2488.6660669221797,4982.330406917783,37.863350873258284,4983.332133844359,0.73978595,1.0,1.0054497856649216
SLAMF7,2,5.999410493609738e-6,91.16117289958078,185.3748432653135,7.187872779666985,188.32234579916155,0.956107575,1.0,1.0016322446606911
SLBP,2,0.007248593855866066,7931.808340889228,15869.110982746677,15.840172119602508,15869.616681778456,0.452327875,1.0,1.0019904676791322
SLC10A3,2,0.00023850968448929313,2478.3198049900893,4960.9831836244175,37.76462386563984,4962.639609980179,0.7489245,1.0,1.0022076778599074
SLC10A4,2,0.00019899896138457656,1456.3427313508166,2915.7416823458248,32.60923485410231,2918.6854627016332,0.8315534,1.0,1.0041486057213853
SLC10A5,3,3.640520588879208e-5,195.5655350944433,395.32735541006963,11.149251480492497,397.1310701888866,0.935501675,1.0,1.0035124360738883
SLC10A7,2,0.0005234441421936394,578.5455563812561,1160.5188058162817,20.77657324856015,1163.0911127625122,0.89679675,1.0,1.00189311856838
SLC11A1,2,2.2525655120912764e-5,560.7403775053815,1124.8705199700564,20.173245693679707,1127.480755010763,0.892711125,1.0,1.0043485016943774
SLC11A2,2,0.0006630995201268413,1815.8090243305685,3640.446622901845,35.2256292939642,3637.618048661137,0.768297625,1.0,1.0056019591034542
SLC12A2,2,0.001284195727369283,1811.2833707298525,3629.517537276261,35.13745168451162,3628.566741459705,0.771063275,1.0,1.0017051439292546
SLC12A4,2,0.00011053418196325265,1068.4842907869913,2141.511369394975,28.317280960342057,2142.9685815739826,0.836676025,1.0,1.0027119115285588
SLC12A5,2,9.287760907115562e-5,872.6573302770038,1749.291903530436,25.52870524237134,1751.3146605540076,0.859781875,1.0,1.0030100321544846
SLC12A6,2,0.00025761911855222766,436.4491470986703,877.0297331271257,17.714855700805526,878.8982941973406,0.902730775,1.0,1.0050206073475474
SLC12A7,2,0.000290248678255728,762.6278011822345,1529.0034769487288,24.112964198938762,1531.255602364469,0.875407675,1.0,1.0025819428275276
SLC12A8,2,0.0002377074197403195,1428.193181588509,2859.939846073087,32.304225567250036,2862.386363177018,0.819539125,1.0,1.004330043921193
SLC12A9,2,0.0006865388501529306,1991.1785768560208,3990.269571357527,36.23656460889497,3988.3571537120415,0.7618994,1.0,1.0083979977264694
SLC13A3,2,1.0186865599245896e-8,2.7046128165997856e-5,1.50222363979082,1.2344615281051357e-19,6.000054092256332,0.98216485,1.0,1.0024713330182096
SLC13A4,2,3.2151210136363455e-7,25.436210474064136,53.528671772444135,3.631764135750717,56.87242094812827,0.973492025,1.0,1.002361474102041
SLC15A2,2,2.2796219019867878e-6,59.983267582545636,128.8762044131709,5.676717285866853,125.96653516509127,0.96314265,1.0,1.0031069815770777
SLC15A4,2,0.00013187630573941348,1083.7659015038237,2171.7158743212267,28.488986898828166,2173.5318030076473,0.83676755,1.0,1.0019097038881584
SLC16A1-AS1,2,0.00013481583148349175,1195.5864625097026,2394.435224403356,29.887773905679865,2397.1729250194053,0.85161175,1.0,1.007601243980359
SLC16A10,2,0.00010073768258053605,1125.1364463803832,2254.4752588267124,29.070762523981653,2256.2728927607664,0.83424975,1.0,1.001564979932855
SLC16A13,2,1.05984328097614e-5,533.6667736110785,1070.3274823437196,19.67991853182755,1073.333547222157,0.89713935,1.0,1.0022236571787908
SLC16A14,2,4.85814348845483e-5,901.8367718980076,1806.8364998099437,26.077366162815125,1809.673543796015,0.86577585,1.0,1.003952897762653
SLC16A1,2,0.0005424756880843029,3189.5583933580847,6384.404793855583,37.77532581806084,6385.116786716169,0.69581215,1.0,1.0030812184314293
SLC16A2,2,3.8237177904990765e-9,1.0151970733775049e-5,2.200878172185243,8.090167070589817e-15,6.000020303941468,0.98203845,1.0,1.0023583479494274
SLC16A3,3,0.008099609185878064,9461.597967127746,18928.37290521437,11.115923044657487,18929.19593425549,0.40162305,1.0,1.0040636059195307
SLC16A4,2,2.2711010242542586e-6,59.983244959615256,122.33903868154967,5.6798884195441515,125.96648991923051,0.96413665,1.0,1.0012261220188121
SLC16A5,3,0.00041948688309144356,2650.280105231373,5306.656322751532,38.000679686283554,5306.560210462746,0.7171262,1.0,1.0049916258078064
SLC16A6,3,2.0037842763699736e-5,314.70969748665743,633.5890331227988,14.512407915340917,635.4193949733149,0.91753815,1.0,1.003485966131748
SLC16A7,2,4.334551989439374e-5,959.1385210417493,1921.6459590028453,26.943583081319012,1924.2770420834986,0.852555675,1.0,1.0011863684993654
SLC16A9,2,0.0001827110598113142,710.5060530261461,1424.4752177566852,23.198413942577954,1427.0121060522922,0.881505325,1.0,1.0046052486468964
SLC17A5,2,0.0008848291461514762,3336.2392137230786,6677.6203411042125,37.38061822452409,6678.478427446157,0.68167305,1.0,1.0035641077228168
SLC17A7,2,2.0459324979654205e-5,153.58303913440446,310.2571128128183,9.695931657979079,313.1660782688089,0.943506575,1.0,1.0061976776201815
SLC17A9,2,0.00030834901619694523,1413.0894122421412,2831.335939592438,32.09940565980036,2832.1788244842824,0.80575855,1.0,1.005062339389287
SLC18A2,3,3.2120470037758076e-7,25.436209657914517,53.45613701220218,3.6300344687040407,56.872419315829035,0.973462425,1.0,1.0030520118212292
SLC18B1,2,0.0007017299070336447,2304.992031858034,4619.243581149418,37.35151009425351,4615.984063716068,0.7359133,1.0,1.0042154614654866
SLC19A1,2,0.0003339067756606646,1722.2076018433654,3447.624247995385,34.72722360485652,3450.415203686731,0.81269505,1.0,1.0042955070668642
SLC19A2,2,7.103076078950875e-6,668.4750176957427,1340.0094118471638,22.35139205718184,1342.9500353914855,0.8856821,1.0,1.0039843664876986
SLC1A1,2,1.0063972649234868e-5,552.5840952565387,1108.913962897156,20.15602293773004,1111.1681905130774,0.89015005,1.0,1.0019453543121737
SLC1A3,2,5.7925497869829373e-5,598.1368414265955,1200.4528856123945,20.80597228755851,1202.273682853191,0.88229495,1.0,1.0022328899898418
SLC1A4,2,1.7189267346844526e-5,142.69870258531137,288.29213912214027,9.293531818886912,291.39740517062273,0.945705675,1.0,1.0019446218546573
SLC1A5,2,0.003010602621796583,4806.852787858175,9618.305206376606,31.408004051919917,9619.70557571635,0.60473615,1.0,1.00471131151477
SLC20A1,2,0.001734389478800603,3432.4407126207866,6869.705954889462,37.9939268691032,6870.881425241573,0.693994775,1.0,1.0075408550274962
SLC20A2,2,0.0009273449122591372,1886.8739697416368,3778.6215295049233,35.628803803662926,3779.7479394832735,0.775846325,1.0,1.0039937177343927
SLC22A14,2,2.2711039844090985e-6,59.98324496747446,122.29623669731093,5.680065033834867,125.96648993494892,0.964339525,1.0,1.0026801167343258
SLC22A15,2,4.108688119379054e-5,205.7335454206032,414.5597734424037,11.481542090706226,417.4670908412064,0.9346177,1.0,1.0028172240764854
SLC22A18AS,2,0.00033933583594868155,2288.8495008642067,4582.285735749689,37.49121753887113,4583.699001728413,0.743100225,1.0,1.0024633415797717
SLC22A18,2,0.0005852688987204854,4805.69567900094,9618.98619814677,29.68026613945997,9617.39135800188,0.594822125,1.0,1.0094381815584195
SLC22A1,2,1.7407503632055425e-6,53.42006448370451,116.42243316534126,5.324260769920216,112.84012896740902,0.96486625,1.0,1.0026640424822824
SLC22A23,2,5.8266759618054636e-5,798.9819681387565,1601.7568222732227,24.41919322092574,1603.963936277513,0.8647114,1.0,1.0030425826096616
SLC22A4,2,1.5661445178687748e-5,137.1893190698674,277.1865520176464,9.085166202822867,280.3786381397348,0.9470212,1.0,1.0045167442345198
SLC22A5,2,0.0002725280554830367,1206.1364791071092,2416.222013888045,30.265574703606482,2418.2729582142183,0.841379125,1.0,1.0048117234119578
SLC23A2,2,4.111549630633913e-5,785.2677871234984,1574.9472037986707,24.23714519182953,1576.5355742469967,0.862854525,1.0,1.0048087887034483
SLC24A1,2,7.879910970093991e-6,639.4292205008666,1281.9521119891,21.802073883935506,1284.8584410017331,0.884479675,1.0,1.0037903503327086
SLC25A11,2,0.0013708270208247421,5886.2213049079255,11778.090403855636,24.080259352691872,11778.442609815851,0.535320825,1.0,1.0074585890376606
SLC25A12,2,0.0004165421351045045,1564.3110290397005,3132.6647243340994,33.43804321833772,3134.622058079401,0.805788075,1.0,1.0028141620383366
SLC25A13,2,0.0001948107639705732,1469.0826863474458,2941.212339096075,32.73321131289087,2944.1653726948916,0.83061515,1.0,1.00431122162869
SLC25A14,2,0.0009138844546020244,2043.307799802341,4092.375274381114,36.43604513842178,4092.615599604682,0.762356025,1.0,1.0042260581992186
SLC25A15,2,6.0463498936802586e-5,965.8902327488332,1935.3754366637977,26.995076567652195,1937.7804654976665,0.8509773,1.0,1.002581382036272
SLC25A17,2,0.00012153663028661314,2464.615857844669,4932.74124027168,37.68408852226599,4935.231715689338,0.7649085,1.0,1.004224893321681
SLC25A18,2,4.294354494426845e-6,78.9739702943319,160.5262830375286,6.626044520856582,163.9479405886638,0.9591572,1.0,1.0014006463959508
SLC25A19,3,0.0004612401313601346,2505.038523736131,5015.297553678794,38.12816221726947,5016.077047472262,0.734163675,1.0,1.0070315188091237
SLC25A20,2,8.383236199346173e-6,621.0267293290775,1246.713394665705,21.443898377933365,1248.053458658155,0.87905195,1.0,1.0050694984212487
SLC25A21,2,5.5088852034464865e-5,832.7536902224372,1669.2845026455575,24.97709457523701,1671.5073804448743,0.86151845,1.0,1.0095629169117213
SLC25A22,2,0.0007590075808461419,3466.9536071201264,6939.320573241627,36.918229925146434,6939.907214240253,0.689544325,1.0,1.0122388574470345
SLC25A24,2,0.00016166920555898322,2783.0658924942627,5626.117861034956,37.831744297828,5572.131784988525,0.688158025,1.0,1.0074737230228559
SLC25A25,2,0.00020188561305360694,1140.7302558457695,2285.5269156638838,29.14210542616891,2287.460511691539,0.850249175,1.0,1.0051953639972244
SLC25A26,2,0.000820990215907991,4687.985677544249,9384.297976477368,30.339527378808533,9381.971355088497,0.590073475,1.0,1.0073843105463642
SLC25A28,3,0.0009583520748715294,2101.0007303886096,4205.509749237201,36.6895079025857,4208.001460777219,0.7840217,1.0,1.0025176167018104
SLC25A29,2,0.0004012574352999105,2194.425230460622,4392.746207207499,37.02849729180541,4394.850460921244,0.7721969,1.0,1.0017649102608084
SLC25A30,2,4.595748004996122e-5,930.7318241188584,1864.5878339726062,26.51912619572128,1867.4636482377168,0.86112745,1.0,1.0059062772834448
SLC25A32,3,0.0006618250991364944,2892.6216310121454,5790.666963325331,38.15646952166914,5791.243262024291,0.712712525,1.0,1.0041735600514434
SLC25A33,2,0.001961198478733125,5777.902857746164,11560.659350088257,26.4136628700454,11561.805715492328,0.569254025,1.0,1.003890211917463
SLC25A36,2,0.000656176741099834,3760.4257727341014,7524.219009893498,34.911360627491625,7526.851545468203,0.7115128,1.0,1.0061683978621836
SLC25A37,2,0.0009844676930499529,4611.899953298722,9228.177243039467,31.775832302306483,9229.799906597444,0.623077175,1.0,1.0017404087517512
SLC25A38,2,0.00044200562901304817,3039.4784137786605,6083.69329519682,37.99831817726695,6084.956827557321,0.7153883,1.0,1.004264639833154
SLC25A40,2,0.0002790578459855416,1306.9482422423607,2619.9367401398895,31.012453061220892,2619.8964844847214,0.811928075,1.0,1.003139469708421
SLC25A41,2,8.541760679832952e-5,278.5908162259301,560.4727439786026,13.683215749667466,563.1816324518602,0.923987625,1.0,1.002042315618366
SLC25A42,2,0.0001034798106937541,1234.8389070485775,2472.817533341195,30.398850033293158,2475.677814097155,0.8398137,1.0,1.0078947885815046
SLC25A43,2,0.000194682521686092,2462.435859261314,4929.58386253716,37.708410303380624,4930.871718522628,0.7385692,1.0,1.0020253761920306
SLC25A44,2,0.00012731443876927217,925.6791968377614,1854.7038724670444,26.611765240933405,1857.3583936755228,0.86792345,1.0,1.0043343587952707
SLC25A45,2,8.335202089370611e-5,1098.0546082156354,2199.255316802877,28.756731407823317,2202.109216431271,0.847733775,1.0,1.005609231137866
SLC25A46,2,0.0004260288585999807,1685.4180698302903,3374.7998179184,34.404341197057704,3376.8361396605806,0.7967408,1.0,1.0024264164318797
SLC25A48,2,0.00020583611550770338,398.7426487244523,801.1677489335722,16.82298886799878,803.4852974489046,0.907798375,1.0,1.0026449674548517
SLC25A4,2,0.001298135854363518,6542.944115899329,13093.814205510474,19.23957084347832,13091.888231798657,0.558252825,1.0,1.0090245801587658
SLC25A51,2,0.00040892597159818237,1579.3369318535927,3162.6132624374995,33.564551278718646,3164.6738637071853,0.809538775,1.0,1.007876844229214
SLC25A53,2,0.00020364187017436216,1247.6626767657572,2499.1252198114357,30.422169345162494,2501.3253535315143,0.831509675,1.0,1.0025683588134657
SLC26A10,2,5.755829630685688e-7,32.764232215448565,68.39113309130033,4.108934982320626,71.52846443089713,0.971090625,1.0,1.0035880796203174
SLC26A11,3,0.00012080928531632719,1404.2908681397944,2812.4842665375513,32.21227891912852,2814.5817362795888,0.8222207,1.0,1.0014517752777456
SLC26A1,2,2.046630007582372e-5,153.58305765328478,311.29783018325946,9.69546641939995,313.16611530656957,0.943067275,1.0,1.0031526134967386
SLC26A2,2,0.0010861313675930191,1977.1340891880434,3958.94225702633,36.10479488401273,3960.268178376087,0.778140125,1.0,1.0056404034244546
SLC26A6,2,0.00028969765100097524,1612.392355844515,3227.9484669581766,33.90893599188314,3230.78471168903,0.81937455,1.0,1.005440355848618
SLC27A1,2,9.056356803234571e-5,2280.398934529387,4575.570573956693,37.2826076879442,4566.797869058774,0.7309694,1.0,1.005018320074249
SLC27A2,2,0.0002488635811123257,1483.0180064406775,2971.0790409890456,32.81135266224651,2972.036012881355,0.805700525,1.0,1.006043594174597
SLC27A3,2,4.819220805906138e-5,1076.1766553388331,2157.217315923534,28.55142157630399,2158.3533106776663,0.836033475,1.0,1.0038617070684572
SLC27A4,2,0.0002447501427511629,1574.4694729003759,3170.6596236718483,33.62154913755234,3154.9389458007518,0.78363345,1.0,1.001873093690527
SLC27A5,2,0.0024949042265709704,5559.072672823024,11174.648907836177,25.510247621678076,11124.145345646048,0.528941775,1.0,1.0025447464331407
SLC27A6,2,0.0002745997266389664,755.756422270207,1534.990527562667,23.990997338678685,1517.512844540414,0.8598754,1.0,1.0016175325522523
SLC28A1,2,3.1949879132907207e-7,25.436205128725994,53.11716119832504,3.644345789366835,56.87241025745199,0.973528075,1.0,1.0013067733698306
SLC28A2,2,2.8744399837739804e-6,66.42110303884851,135.21693657616882,6.012258478109698,138.84220607769703,0.962807375,1.0,1.0026111545237164
SLC29A1,2,0.00041416965657592155,2932.877615703015,5872.611694088168,38.18668842159308,5871.75523140603,0.6932176,1.0,1.0052103699132995
SLC29A2,2,0.00010921278163707491,2491.379422878895,4986.137809474951,37.72434906815517,4988.75884575779,0.774428825,1.0,1.0016007120508155
SLC29A3,2,0.00013862462464120067,1291.438636815296,2585.910589899359,30.985195297958253,2588.877273630592,0.84472375,1.0,1.0050132976147956
SLC29A4,2,0.0005445145367859017,1387.6004337473917,2851.3893565448184,32.21312083291334,2781.2008674947833,0.7944528,1.0,1.0051345427777278
SLC2A1-AS1,2,4.585753382016178e-5,609.2551250306391,1221.756082228882,21.298714440284982,1224.5102500612782,0.891435225,1.0,1.0040857034256485
SLC2A12,2,4.333163739974701e-5,754.2379512118524,1512.073472055994,23.706555494599954,1514.4759024237048,0.869964875,1.0,1.001553537347802
SLC2A13,2,7.104140169048834e-6,668.4750205209019,1340.760808730779,22.351013215812685,1342.9500410418038,0.87687225,1.0,1.0029014782193741
SLC2A1,2,0.0016773653583776488,3729.488502564137,7463.71710334146,38.47385587237908,7464.977005128274,0.65632155,1.0,1.0044758118012418
SLC2A3,2,0.0001280621640785814,415.2049605063515,835.0858925577803,16.762290544533887,836.409921012703,0.90431735,1.0,1.0046339143572032
SLC2A4,2,5.1335354745990784e-5,225.7109162570126,454.5680187719485,12.114286734667404,457.4218325140252,0.93209475,1.0,1.003409981904944
SLC2A6,2,0.0003058747387239453,1724.1355838315058,3452.080771429245,34.83617566822119,3454.2711676630115,0.812438575,1.0,1.005398253120551
SLC2A8,2,0.0004887416639130556,2217.9466251300582,4440.463497382489,37.18024502284037,4441.8932502601165,0.751476175,1.0,1.0022170761513347
SLC2A9,2,0.00011974465442212437,319.9804395989253,643.1637421901769,14.8230561990086,645.9608791978505,0.920048225,1.0,1.002398089097276
SLC30A1,2,0.00014516514413022297,1013.4294468386065,2030.9161511974892,27.521499161968332,2032.858893677213,0.853386975,1.0,1.0022630927477096
SLC30A3,2,0.000811629613275368,1683.1655611821955,3375.98945881548,34.27195511874764,3372.331122364391,0.7774591,1.0,1.0052390561786988
SLC30A4,2,8.541703835913222e-5,278.590814716724,560.2155084755441,13.683582857193137,563.181629433448,0.92626995,1.0,1.0013367532622697
SLC30A5,2,0.001100618114225877,3633.822369538027,7273.198747018274,36.337218798989106,7273.644739076054,0.66910295,1.0,1.0033361339534639
SLC30A6,2,0.00037429162937362235,1055.1049157662276,2115.1519397973448,27.889470785918647,2116.209831532455,0.836181925,1.0,1.0027010725653236
SLC30A7,2,0.0007103004811771682,1752.7191650135076,3509.963529560335,34.80448210431502,3511.438330027015,0.79425375,1.0,1.0034303025395497
SLC30A9,2,0.0011988465957188602,4490.851324635615,8999.228040551636,32.378585843899,8987.70264927123,0.588940825,1.0,1.0057560614327785
SLC31A1,2,0.0004938075257899366,2226.2329481202078,4458.874158634689,37.16067989816925,4458.4658962404155,0.739197925,1.0,1.0047179457679722
SLC31A2,2,9.581122314532087e-5,1154.3714696427166,2311.974201126064,29.446415407189736,2314.7429392854333,0.84500615,1.0,1.001702643700631
SLC33A1,2,0.00044703571535095336,2147.353805440674,4298.974133701809,36.858252287362376,4300.707610881348,0.775588525,1.0,1.004595023216968
SLC34A3,2,5.111321854961984e-6,85.10928658513117,173.2041318090611,6.912804669435086,176.21857317026235,0.9574387,1.0,1.001565855886433
SLC35A1,2,0.00032944220350900077,2622.7259099126827,5250.913813275564,37.972445988372606,5251.451819825365,0.720239825,1.0,1.003656790120423
SLC35A2,2,0.0003166333761094617,2919.1980704223,5844.249311131672,37.92414450743507,5844.3961408446,0.705885475,1.0,1.0021113049713113
SLC35A3,2,0.0003680961938882076,2150.317171932586,4310.908952165848,36.87893822008919,4306.634343865172,0.742162275,1.0,1.0062078586478547
SLC35A4,2,8.209141693197535e-5,2277.4114572744134,4559.168053627085,37.295212337107785,4560.822914548827,0.7590265,1.0,1.0029552885397441
SLC35A5,2,0.0005929946990888776,1901.2711760751129,3806.074941186312,35.9587861528634,3808.5423521502257,0.810159025,1.0,1.002081730069523
SLC35B1,3,0.0030005190280186674,7184.499711637629,14376.564925610013,16.8580422244566,14374.999423275258,0.481530775,1.0,1.0059135826661425
SLC35B2,2,0.001381245092298578,5381.06744619993,10826.881834527152,25.37079963753116,10768.13489239986,0.530395325,1.0,1.0033401005857103
SLC35B3,2,0.00013943492903848546,1389.176662417605,2783.0713711231356,32.018959699394216,2784.35332483521,0.81304995,1.0,1.004810152960768
SLC35B4,2,0.0003110972273497346,1702.5286549588334,3408.499514239019,34.59959479959295,3411.0573099176668,0.806531675,1.0,1.0027257329482935
SLC35C1,2,0.00013400081333299823,2288.8135898590845,4582.118821028246,37.387649730702336,4583.627179718169,0.762857625,1.0,1.0015354049836165
SLC35C2,2,0.0010443977537108954,3848.4066092710154,7700.448869151991,34.676160316144376,7702.813218542031,0.700464,1.0,1.0039818246989647
SLC35D1,2,3.917993127952168e-5,809.0558515263375,1621.7433439300953,24.63824057693994,1624.111703052675,0.863479325,1.0,1.0030259376899044
SLC35E1,2,0.0008083463216030581,2174.2161054893054,4352.2282899076645,37.015847371271576,4354.432210978611,0.779748925,1.0,1.0068529702526345
SLC35E2B,2,0.0004857341075998572,1829.7651896172965,3662.7107582605895,35.38119442536375,3665.530379234593,0.80684045,1.0,1.004975672271636
SLC35E2,2,1.0063929329770907e-5,552.5840951415255,1108.346492005863,20.156408920240995,1111.168190283051,0.894850725,1.0,1.0027324144162624
SLC35E3,2,0.00042028475826601887,1694.7908751613804,3393.452908714052,34.47479773409835,3395.581750322761,0.7993037,1.0,1.0025259804439008
SLC35E4,2,4.071242176151022e-5,987.332572693077,1977.5864873555497,27.35754749925677,1980.665145386154,0.86854985,1.0,1.0048899008696275
SLC35F2,2,0.0006926148929532624,3153.9498625792007,6313.454603068132,37.80395328671219,6313.899725158401,0.684616075,1.0,1.0026329900165145
SLC35F5,2,3.794717230496643e-5,825.8697580792685,1655.0043324632709,24.91785256178008,1657.739516158537,0.8662211,1.0,1.0021809592640203
SLC35F6,2,0.00027062393220766783,1593.772173080983,3190.7541441467724,33.9117271171255,3193.544346161966,0.835047375,1.0,1.0042657973588913
SLC35G1,2,0.0005191759986211692,1891.4442070249547,3786.548677199436,35.74334757743702,3788.8884140499094,0.790710875,1.0,1.0016950585981386
SLC35G2,2,1.4625403234711348e-5,808.1228301037719,1619.2479893153723,24.744532078869014,1622.2456602075438,0.8818645,1.0,1.0038151763479939
SLC36A1,2,4.631656834576898e-6,338.2180711953263,679.6351150494723,15.201022076505238,682.4361423906525,0.9149919,1.0,1.004052667815654
SLC36A4,2,0.0010653047795619152,3405.308289102357,6815.728755559412,37.07757425073407,6816.616578204714,0.6792272,1.0,1.0026534745448066
SLC37A1,2,0.00021076314273006967,1325.6119325716827,2654.814848162007,31.276626614345105,2657.2238651433654,0.829047525,1.0,1.003926204268144
SLC37A2,2,1.744775482845804e-6,53.420075170397155,109.40830253817099,5.327582899743141,112.84015034079431,0.965474,1.0,1.002797806364352
SLC37A3,2,9.925219503607807e-5,2399.7934801036376,4803.074297360183,37.60709644208914,4805.586960207275,0.77398835,1.0,1.0027693476701967
SLC37A4,2,0.0018172620488011288,3647.8742671146756,7421.067389284135,36.767773042071475,7301.748534229351,0.6309245,1.0,1.0015677261484865
SLC38A10,3,0.0013843285885036135,3940.6819108340524,7892.886892843941,34.11585502776059,7887.363821668105,0.645488525,1.0,1.0044069171225496
SLC38A1,2,0.0009026424908394784,4599.900425502751,9205.016290012447,32.4143436957939,9205.800851005502,0.6146226,1.0,1.0054770782240419
SLC38A2,2,0.0034265305070553054,6699.936378663308,13405.576356937057,22.02683967521786,13405.872757326615,0.51302935,1.0,1.0026884631282624
SLC38A6,2,0.00014982268341121518,991.5493728784988,1987.634380178192,27.207104058664918,1989.0987457569977,0.843002025,1.0,1.002899344680297
SLC38A7,2,0.0001760368481229621,1128.8203199929653,2261.8780502842833,29.014368024665668,2263.6406399859306,0.834462575,1.0,1.0030283678604857
SLC38A8,2,1.879112279299948e-5,148.16262334089726,300.9088569828822,9.496459277206082,302.3252466817945,0.944117325,1.0,1.001967456214773
SLC38A9,2,8.058159998851248e-5,1242.5564283469705,2489.340436437574,30.52943381118649,2491.112856693941,0.8299641,1.0,1.0014290068511105
SLC39A10,2,0.0028067411584795678,5605.376298017717,11217.418492874773,26.47022796632463,11216.752596035434,0.6125556,1.0,1.0093475126516656
SLC39A11,3,0.0006268217250654014,3153.9659135713705,6320.334518739854,37.60116697513579,6313.931827142741,0.67973425,1.0,1.003390043028163
SLC39A13,2,5.549247348797843e-5,2208.220155007695,4420.7023416603615,37.072355729591216,4422.44031001539,0.762357525,1.0,1.0058430541111767
SLC39A14,2,0.00019276398590275119,1476.784343840594,2959.5573422898656,32.80746373627761,2959.568687681188,0.80175785,1.0,1.0025051351603982
SLC39A1,2,0.0016710648088196392,4936.842417268537,9880.559533172685,28.398625150601685,9879.684834537074,0.5922779,1.0,1.0034105016813002
SLC39A3,2,0.0020554197926423937,3854.230043139962,7714.64463045547,36.250664753415926,7714.460086279924,0.66642125,1.0,1.0113814651550594
SLC39A4,3,0.006914758335006993,9671.08919019347,19348.90097547471,9.975315606923498,19348.17838038694,0.40563575,1.0,1.005863210419689
SLC39A8,2,0.00010507369938353267,2168.891514774324,4344.138726459771,36.95127252890768,4343.783029548648,0.747571425,1.0,1.0062929284427922
SLC39A9,2,0.0015600151440244875,2317.6643647876217,4639.531532849134,37.39150673434,4641.328729575243,0.759607975,1.0,1.0060318436824398
SLC3A2,2,0.006108327587975638,8755.844825051328,17517.16075997634,12.598993522502004,17517.689650102657,0.423600775,1.0,1.0032019338910187
SLC41A1,2,0.0007490364661381192,2154.162696083775,4311.760338013886,36.94634123252716,4314.32539216755,0.7890116,1.0,1.0097078436285838
SLC41A2,2,4.776191780029569e-5,701.3409012981423,1406.7507482991853,22.76517663147686,1408.6818025962846,0.872006875,1.0,1.0024949287223899
SLC43A1,2,3.952395746915906e-6,386.43885762946405,775.9672059798634,16.418566748692296,778.8777152589281,0.9095586,1.0,1.0046378921293027
SLC43A2,2,0.00039211380081423733,1461.2013186432043,2926.9074028675263,32.522938502001516,2928.4026372864087,0.80701145,1.0,1.002641343405123
SLC43A3,2,0.00020853999589177545,1333.7918050462138,2671.615565144138,31.364739806534516,2673.5836100924275,0.818030825,1.0,1.0031727431432753
SLC44A1,2,0.0002591371052439517,2714.368029901698,5518.686994522288,37.9992032276081,5434.736059803396,0.69035035,1.0,1.0038709733880062
SLC44A3,2,0.00020176069260005987,1577.2749103424865,3159.0028958596813,33.742537050046735,3160.549820684973,0.807419125,1.0,1.0036271640191006
SLC45A1,2,9.773125271998507e-5,1000.8415671942973,2005.3992872030956,27.415587081066395,2007.6831343885947,0.849107125,1.0,1.0020923421679124
SLC45A3,2,1.3112619154812665e-5,798.0273994209932,1599.3489666111514,24.575280391331045,1602.0547988419864,0.871277625,1.0,1.0013268716164068
SLC45A4,3,0.0004890976317942808,563.3752603506058,1130.2697165319112,20.46979640029097,1132.7505207012116,0.894811725,1.0,1.0048141638266326
SLC46A1,2,4.50603613028282e-5,733.2619606929792,1470.1899510430612,23.339138225337052,1472.5239213859584,0.872719025,1.0,1.0030332410091294
SLC46A3,2,0.00016476107824759932,364.3202726547916,732.0983169563737,15.973620770451499,734.6405453095832,0.912926325,1.0,1.0026299565663979
SLC48A1,2,0.0006681096055515353,1806.3770912395548,3616.847952212478,35.171093994210985,3618.7541824791097,0.79199945,1.0,1.002467845529787
SLC4A1AP,2,0.0003681899614121532,3364.7656399204097,6732.580136132836,36.67256366702601,6735.5312798408195,0.7372337,1.0,1.0099373805622067
SLC4A2,2,0.0009352431062023716,3621.015525262561,7283.767456449985,36.04890696347305,7248.031050525122,0.632708675,1.0,1.0092105877808992
SLC4A5,2,1.281905617519388e-5,126.02525607729957,255.26613968299236,8.651570574978232,258.0505121545991,0.948685825,1.0,1.0050250337902455
SLC4A7,2,0.00047270076029926284,2638.6168144013564,5283.4692565174155,38.39750812394473,5283.233628802713,0.71813935,1.0,1.0033140076384455
SLC4A8,2,3.415074737084637e-5,190.44416118443775,384.08084349979583,10.979630142545238,386.8883223688755,0.937063725,1.0,1.0063256064376906
SLC4A9,2,5.676350247134908e-7,32.76421111367223,67.83842205892292,4.112728861588271,71.52842222734446,0.971155225,1.0,1.0018098714951063
SLC50A1,2,0.0011227324282502029,5316.463174122317,10668.616437132456,25.677717501131582,10638.926348244633,0.54068265,1.0,1.0032917431561075
SLC51A,2,2.27117996368935e-6,59.983245169199456,122.45083953523631,5.6799108975113946,125.96649033839891,0.963869675,1.0,1.0014741305258439
SLC52A2,3,0.0024726807181763445,6669.705607859025,13345.114013360699,18.647992036115873,13345.41121571805,0.538718975,1.0,1.0139586223528985
SLC52A3,2,4.653171809142455e-5,924.34597971518,1851.793032758659,26.4220661587183,1854.69195943036,0.86505085,1.0,1.0018916779084412
SLC5A10,2,3.218893175980784e-7,25.436211475573238,53.04889611741783,3.641966738550782,56.872422951146476,0.9737138,1.0,1.0022193850887295
SLC5A11,2,5.113006762574296e-6,85.10929105856087,173.25581186579743,6.912389906016674,176.21858211712174,0.957543525,1.0,1.007757289009995
SLC5A1,2,8.869361145572157e-7,39.83954603620847,82.00758683419384,4.548943661558262,85.67909207241694,0.9693507,1.0,1.003410438984019
SLC5A2,2,4.295590173734334e-6,78.97397357506047,160.5646331506227,6.626145018737403,163.94794715012094,0.9592122,1.0,1.0031689810766768
SLC5A5,2,2.046712312540525e-5,153.57851915827138,310.3420753599944,9.695937297172552,313.15703831654275,0.943450425,1.0,1.0035598818726539
SLC5A6,2,0.0009867126471337763,2067.7335124603464,4140.288482963838,36.54151258178518,4141.467024920693,0.7628664,1.0,1.002358015050497
SLC6A12,2,1.9502821230920582e-8,5.177999036809415e-5,1.903332063183932,8.090167085658927e-15,6.000103559980736,0.982001575,1.0,1.0059456765734354
SLC6A13,2,8.870910977202136e-7,39.83954644768877,82.13879744760645,4.5484131756919135,85.67909289537754,0.96913625,1.0,1.0035014024610374
SLC6A16,2,3.8509720164649296e-5,583.4364698093196,1174.754866421356,20.566276606639953,1172.8729396186393,0.8811753,1.0,1.002486096790051
SLC6A17,2,7.401433325064921e-6,657.6389324979473,1318.5729025427736,22.147587819631095,1321.2778649958946,0.88050445,1.0,1.0032384982785558
SLC6A20,2,6.57557152469652e-5,250.0943250232236,503.43851196003953,12.85512304145678,506.1886500464472,0.9278878,1.0,1.0056811619863024
SLC6A4,2,1.2781699916012312e-6,46.713528303372364,95.72964634323459,4.953312038309411,99.42705660674473,0.967562875,1.0,1.0038570964307725
SLC6A6,2,0.0003305823987224793,1520.1387894187162,3045.86024871669,33.089648566823826,3046.2775788374324,0.798881875,1.0,1.002222141068537
SLC6A8,2,0.0003394791609382438,1759.5971972991515,3525.526491916176,35.07975484632846,3525.194394598303,0.7918941,1.0,1.0062529800670659
SLC6A9,2,0.00020583525549517688,398.742646441119,800.7690796686641,16.823389793491838,803.485292882238,0.912234825,1.0,1.0038999967328954
SLC7A11,2,0.0001892299748516809,1201.6702566332456,2412.724683102186,29.887701543609236,2409.340513266491,0.81819965,1.0,1.0035217431868728
SLC7A1,2,0.0003634613681513477,1359.4555284586443,2723.8049939401076,31.525180996154425,2724.9110569172885,0.8122802,1.0,1.004302599890481
SLC7A2,2,3.06994525455092e-5,697.8243350585426,1401.2089490609274,22.754753645225147,1401.6486701170852,0.869367225,1.0,1.001608188664754
SLC7A5,2,0.001715786234924586,4119.629458758759,8246.958805233087,36.532585917773304,8245.258917517518,0.639513,1.0,1.0041176971670334
SLC7A6OS,2,8.775100320518191e-5,2244.612639947572,4496.23485266274,37.19052272025634,4495.225279895144,0.740208225,1.0,1.0077299973268115
SLC7A6,2,8.68880290709518e-5,1166.8649181012286,2339.448601619034,29.734861335826952,2339.729836202457,0.8308949,1.0,1.0025628462578853
SLC7A8,2,4.085960544226089e-5,792.09538165256,1597.342635342452,24.347388166491072,1590.19076330512,0.85667965,1.0,1.0016390586077768
SLC7A9,2,3.216656310397355e-7,25.436210881685426,53.51708884453642,3.633793013802562,56.87242176337085,0.9734613,1.0,1.0022736709935314
SLC8A2,2,7.202213652934788e-5,259.68080797497925,522.7331517305355,13.138065082034856,525.3616159499585,0.92650945,1.0,1.0018169930412317
SLC8B1,2,0.0004649599379477263,1858.9638242881233,3721.2104954805977,35.569635493467,3723.9276485762466,0.801357375,1.0,1.005146023380606
SLC9A1,2,5.8875342895971865e-5,792.1556994540726,1588.263714987551,24.302818003854345,1590.3113989081453,0.863294275,1.0,1.002145777650128
SLC9A2,2,1.3263926150134653e-5,445.2756760562822,893.9352585651485,17.73825657913963,896.5513521125644,0.9033417,1.0,1.0034862596038228
SLC9A3R1,3,0.00452986267830798,6994.05025878706,13994.329959414463,18.152736720627953,13994.10051757412,0.528013375,1.0,1.0054839990541307
SLC9A3R2,2,0.003657859597383319,6759.595089258703,13524.475027260665,18.185233217925777,13525.190178517407,0.5189905,1.0,1.0164181009253148
SLC9A6,2,9.871592537808335e-6,568.4091849885021,1141.4510252459609,20.396175464173755,1142.8183699770043,0.884879475,1.0,1.0037122660680944
SLC9A7,2,7.186281115312488e-5,635.0912903220436,1274.026907761713,21.798742057669312,1276.1825806440872,0.8826427,1.0,1.0029061704882323
SLC9A8,2,0.0002456072695789501,428.1560391142496,860.0743940904259,17.522137137078406,862.3120782284992,0.90469985,1.0,1.0016067364939905
SLC9A9,2,7.207659713154418e-5,259.6638558919207,522.3383657638441,13.138494103519298,525.3277117838414,0.928954925,1.0,1.0021125678274498
SLC9B1,2,8.897873525371384e-5,283.2567905216746,570.8026659686739,13.814934591450283,572.5135810433492,0.921537675,1.0,1.0019100039167113
SLC9B2,2,0.0009008958096496855,2008.9522986938387,4022.4149097972786,36.28152973875531,4023.9045973876773,0.772357825,1.0,1.0058118579108384
SLC9C1,2,8.879202433669136e-7,39.83954864907046,82.02440059930326,4.549940826127086,85.67909729814092,0.96938315,1.0,1.0045827883461387
SLCO2B1,2,3.4961016334737065e-9,9.28214983687269e-6,1.3375609933021242,8.090167070825272e-15,6.0000185642996735,0.9825263,1.0,1.003140512946617
SLCO3A1,2,0.00026373282938485986,440.5779827017541,884.9118212370787,17.810389576547184,887.1559654035082,0.903752925,1.0,1.0031774298058322
SLCO4A1,2,0.00069839654609267,1977.669459357197,3958.891277006513,36.1572099357111,3961.338918714394,0.785199525,1.0,1.0030447070728712
SLCO4C1,2,2.877691833527603e-6,66.42111167250961,135.64753075665854,6.01052277523132,138.84222334501922,0.962064075,1.0,1.0022239044923371
SLCO6A1,2,1.282010687004354e-5,126.0252588668944,255.32218475210348,8.651697113076601,258.0505177337888,0.948741825,1.0,1.0030418655355184
SLFN5,2,0.0010271033442760195,1668.3698531896314,3341.799432328533,34.14989248440948,3342.7397063792628,0.793376475,1.0,1.0045970710267211
SLFNL1,2,1.2815099124890972e-6,46.71353717086232,104.32520592454276,4.947151967964433,99.42707434172463,0.9667159,1.0,1.0024673788335379
SLIRP,2,0.016862618272877106,14802.159012415166,29610.106906405555,4.161851424527294,29610.318024830332,0.269431,1.0,1.0049386799617022
SLIT2,2,1.5664246062001766e-5,137.18932650621258,278.36880649657303,9.084546834221392,280.37865301242516,0.9463143,1.0,1.0023207990030938
SLK,3,0.0019112670200927342,3732.6967676260133,7471.155184944158,36.74762720733115,7471.393535252027,0.666407625,1.0,1.0102583902543283
SLMAP,2,0.0008218967181448047,4525.669822118358,9055.906953456257,32.042374342394425,9057.339644236716,0.623828475,1.0,1.0086290196832268
SLMO1,2,0.0002453136114170201,1210.740721744654,2426.6684807291667,29.95091045392481,2427.481443489308,0.822455325,1.0,1.0033809950529224
SLTM,2,0.004947750129407186,8774.783107587577,17555.40770898308,11.577988477393024,17555.566215175153,0.44819385,1.0,1.005109770445166
SLU7,2,0.002633378632036905,5660.532146203076,11327.378069738723,24.480973586868384,11327.064292406152,0.575645125,1.0,1.0063456348785247
SLX4IP,2,0.0006905345531643271,2719.675342054043,5442.91717296688,37.88071723345087,5445.350684108086,0.7582582,1.0,1.0069916969228707
SLX4,2,0.00015045856329370624,351.1923897799711,705.6525574328282,15.639846883010055,708.3847795599422,0.915303975,1.0,1.0040130479921712
SMAD1,2,5.809846892334595e-5,2222.6829714786713,4449.139086838622,37.113974982540746,4451.365942957343,0.7845492,1.0,1.004792682145413
SMAD2,2,0.0004244124258338546,4542.181279172034,9089.120655426472,31.85775494752179,9090.362558344068,0.648620675,1.0,1.0050242187207896
SMAD3,2,0.0003167410806861697,2613.5120875265907,5231.938832867871,38.23294653940485,5233.024175053181,0.73528685,1.0,1.002649509357168
SMAD4,2,0.0004342293446325531,2657.0615669459944,5317.111033832383,37.863368853045124,5320.123133891989,0.785557675,1.0,1.0061545505426754
SMAD5-AS1,2,1.7387237696534795e-6,53.42005910309863,109.1794299876551,5.329598781642362,112.84011820619726,0.965964425,1.0,1.0032442704959788
SMAD5,2,0.0008059611488329492,3406.4102361041973,6817.537377741872,37.25985125627068,6818.820472208395,0.705173175,1.0,1.0047823561109512
SMAD6,2,2.411676706840849e-5,808.7196771800391,1620.253803946914,24.690142902152655,1623.4393543600781,0.888807375,1.0,1.0018400624819859
SMAD7,2,8.541725926806197e-5,278.59081530323726,560.0482193114946,13.683882083916632,563.1816306064745,0.93418475,1.0,1.0042946727887225
SMAD9,2,0.00016912308733975758,901.5813402348492,1807.600430493032,25.864136342881967,1809.1626804696984,0.853376975,1.0,1.0030529771383834
SMAGP,2,0.0031494580477913828,5607.93512183263,11220.512961049802,26.496676441683952,11221.87024366526,0.574040575,1.0,1.0072984830260379
SMAP1,2,0.00021588353467854747,1404.0330295831834,2811.393082216788,32.083710488897964,2814.066059166367,0.8284628,1.0,1.0032143395139543
SMAP2,2,0.0007461169581716974,3320.3788130085914,6646.253111670428,37.615298373038925,6646.757626017183,0.69449275,1.0,1.0062935731091567
SMARCA1,2,0.001441744482881091,4857.173786709663,9731.706758764842,29.84296789497241,9720.347573419325,0.570448325,1.0,1.0021973512228097
SMARCA2,2,2.189087691879542e-5,848.6259442133344,1701.5285819826872,25.344833499292893,1703.2518884266688,0.858280275,1.0,1.0020266499651476
SMARCA4,2,0.0005312214085662834,4409.323433582431,8827.229577427253,33.1824910702385,8824.646867164862,0.605464525,1.0,1.0043139171588253
SMARCA5-AS1,2,8.924559926462592e-7,39.83956069148479,86.01022915852656,4.543624626420518,85.67912138296958,0.96876225,1.0,1.0043724721285268
SMARCA5,2,0.0021477212867218945,6863.254693495544,13732.02958813409,19.664149283447074,13732.509386991089,0.494666325,1.0,1.0044867721688133
SMARCAD1,2,0.00030196390914102677,2811.848860844603,5628.394123209023,38.187822491143,5629.697721689206,0.728303525,1.0,1.0026589474923786
SMARCAL1,2,0.00033484235290014624,1509.940533697447,3023.5577484753344,32.99938490159788,3025.881067394894,0.814734275,1.0,1.0038376638137225
SMARCB1,2,0.003225601109383921,7320.225217759998,14645.685212074237,15.877317229623053,14646.450435519995,0.47084375,1.0,1.0056683423567265
SMARCC1,2,0.00480175257255236,7948.613875707162,15904.17198951079,13.759255428185089,15903.227751414324,0.45633065,1.0,1.007999354311404
SMARCC2,2,0.001632635695764603,3670.3703559575624,7357.99322688147,35.758682354495065,7346.740711915125,0.6407863,1.0,1.0041291388608553
SMARCD1,2,0.0008183174497479534,3020.906893409419,6047.537843402196,37.837871820745285,6047.813786818838,0.697152125,1.0,1.0089673423615546
SMARCD2,3,0.0016588546566032826,6227.201633786425,12478.214361629438,21.220228146112785,12460.40326757285,0.513096275,1.0,1.01240839954393
SMARCD3,2,0.0008779233718207256,4920.031597321964,9850.76280453274,29.317232984437563,9846.063194643928,0.57768895,1.0,1.0051606302134084
SMARCE1,2,0.0028122677428955687,8290.454635819488,16592.549220171648,12.521001059598133,16586.909271638975,0.412402175,1.0,1.0051701128669106
SMC1A,2,0.0042707776247794165,5323.899546440534,10658.992028034525,32.21371980741377,10653.799092881069,0.5689818,1.0,1.0053124225464147
SMC1B,2,2.4032704388462556e-5,164.29072139754157,332.23961597871363,10.08082322023698,334.58144279508315,0.941388425,1.0,1.002105939371862
SMC2,2,0.0033019371696627483,3752.6671758001507,7512.672079540254,40.2642119207317,7511.3343516003015,0.670706675,1.0,1.008115683091907
SMC3,3,0.00431209168705533,7306.37383948684,14617.856671366413,18.541638027080868,14618.74767897368,0.4866171,1.0,1.0049038616976171
SMC4,2,0.024233112673251476,7075.0519349339365,14157.754463949914,37.22394242109501,14156.103869867873,0.595890775,1.0,1.0037637163346533
SMC5,2,0.001219380786626129,4900.706523113416,9814.00886017222,30.72444519959412,9807.413046226831,0.578593775,1.0,1.00259685029387
SMC6,2,0.0009678671455233479,4302.725770247758,8610.248560552427,34.63732106073082,8611.451540495516,0.6253777,1.0,1.00432082989625
SMCHD1,2,0.0015118306616301075,5076.050861294806,10158.926371879752,30.484299985214882,10158.101722589612,0.6344881,1.0,1.004128152852184
SMCO4,2,0.0030737003772383855,4922.263321599565,9850.208959679585,31.564126529175187,9850.52664319913,0.6104125,1.0,1.0039171987057005
SMCR5,2,0.00023388396532016432,419.8147345228002,842.634866894218,17.326483445856574,845.6294690456004,0.921529725,1.0,1.004004825827744
SMCR8,2,1.2772808980003765e-6,46.71352594282885,95.74514564175186,4.952886604191495,99.4270518856577,0.9676213,1.0,1.0011592494060093
SMEK1,2,0.000887479614475318,3164.609274313514,6333.48513257425,38.0521913906502,6335.218548627028,0.719199525,1.0,1.0047948859300213
SMEK2,2,0.0006458840889700083,3261.767233179545,6528.977162402514,37.70887775300247,6529.53446635909,0.6897391,1.0,1.0041996553576933
SMG1,2,0.00010372374658168427,2468.58101671373,4941.125802278374,37.709922734059234,4943.16203342746,0.763010225,1.0,1.0036030391083062
SMG6,2,0.0007229417402246049,2837.4460905685246,5679.405759889162,37.96905321294399,5680.892181137049,0.73110255,1.0,1.0071890694791774
SMG7,2,0.0005032961783175827,1911.3125699239963,3826.0574038108534,35.865849309154456,3828.6251398479926,0.79745945,1.0,1.0068002134975986
SMG8,3,0.00016958936420732472,368.6836022156839,740.5687133495311,16.08347961564383,743.3672044313678,0.915801525,1.0,1.002216738767228
SMG9,2,0.00021658042560693657,1306.2172723424485,2616.160421108555,31.06091032277311,2618.434544684897,0.8294381,1.0,1.0048523245894705
SMIM11,2,0.0008420798354695223,4857.198206519184,9725.566932527041,30.06591522462547,9720.396413038368,0.58290185,1.0,1.005117679763998
SMIM12,2,0.0027179849212596707,5267.890323622645,10540.226859502085,27.51652792017086,10541.78064724529,0.610010175,1.0,1.0088822354319646
SMIM13,2,0.0005648283181596575,3041.333761521346,6087.251264175581,38.09287868453615,6088.667523042692,0.70839425,1.0,1.0012503198570606
SMIM14,2,0.0016243533878169546,5064.682097258765,10146.017871830301,29.95144344300608,10135.36419451753,0.572927225,1.0,1.0037886350632923
SMIM15,2,0.002412264104141312,6992.351226781839,13989.539534197373,17.59095995279386,13990.702453563677,0.512707625,1.0,1.00385582576895
SMIM19,2,0.0021879989901424724,5272.8433056535405,10550.344224745193,27.199370886743957,10551.686611307081,0.59374225,1.0,1.013795685294417
SMIM1,2,0.0010107930788227294,3447.0108616070174,6900.910067330484,37.41034159809141,6900.021723214035,0.678303175,1.0,1.0123333182386112
SMIM2-AS1,2,4.29198373329492e-6,360.36925269712464,723.7237044821491,15.7699507120258,726.7385053942493,0.91370315,1.0,1.0061331036459786
SMIM20,2,0.0036416773746925715,7989.161617783278,15989.305533304965,13.377080469664433,15984.323235566557,0.4901434,1.0,1.0127656003395722
SMIM22,2,0.0005162563558259626,542.2157515148753,1089.750050469385,19.23817071286447,1090.4315030297505,0.890410275,1.0,1.0056440111387548
SMIM4,2,0.0015761875896330609,5917.291623947991,11887.125527817198,24.34127736738737,11840.583247895982,0.5158359,1.0,1.006843048925595
SMIM5,3,1.1504041896281734e-5,120.36555663937453,243.4404180023509,8.426518747895956,246.73111327874906,0.95045125,1.0,1.0023091843676428
SMIM6,3,1.5434308623654737e-5,398.9403666242144,801.6329801526874,16.64610426779277,803.8807332484288,0.906545925,1.0,1.001919719072393
SMIM7,2,0.002121556691774531,5405.7402959417705,10817.623271042163,26.097478982130927,10817.480591883541,0.577290525,1.0,1.008471217076174
SMIM8,2,0.00010458779107103262,2605.7679416286705,5214.569275712494,37.828496656661265,5217.535883257341,0.773033875,1.0,1.0044242995859387
SMKR1,2,0.0005669775167084975,2959.6828511026833,5924.94996882794,38.4402577559613,5925.365702205367,0.7073865,1.0,1.0038579526429103
SMNDC1,3,0.0018003769363782694,4183.601208626347,8371.383737215998,32.93093883676576,8373.202417252694,0.67788445,1.0,1.0058912885479623
SMOX,2,0.0005114405466810978,2631.553832924151,5267.199824420445,37.8886424865184,5269.107665848302,0.746776,1.0,1.0024559227225847
SMO,2,1.3112528363087783e-5,798.0273991799412,1599.9044919344187,24.57518628597962,1602.0547983598824,0.865117675,1.0,1.0039258313981425
SMPD1,2,6.780040742779569e-5,631.4229125498132,1272.207665673285,21.726769947308302,1268.8458250996264,0.876322675,1.0,1.00301195275804
SMPD2,2,0.0005469599529595023,1958.021279381159,3919.96827896425,36.210447619848416,3922.042558762318,0.80066615,1.0,1.0044344999862957
SMPD4,2,0.0010538956769945128,2094.0596330508606,4192.824067580253,36.6537093761834,4194.119266101721,0.765874275,1.0,1.0052824784605865
SMPDL3A,2,0.00029024875518612506,762.6278013864849,1529.415643536154,24.112987966977517,1531.2556027729697,0.87171405,1.0,1.0010443546160035
SMPDL3B,2,0.0002413886409569229,2477.051551803126,4964.452662120927,37.82488495916133,4960.103103606252,0.717143975,1.0,1.0019509534696853
SMPX,2,2.883539377767503e-6,66.42112719773957,135.7981694243393,6.011350705011248,138.84225439547913,0.961913475,1.0,1.0017486226752506
SMS,2,0.00606464839931415,10356.407769329777,20851.406506064355,9.19238982313107,20718.815538659554,0.348921975,1.0,1.006794878516769
SMTNL2,2,3.857380595205856e-6,529.3764632692297,1061.7389988969605,19.67214760149951,1064.7529265384594,0.901676325,1.0,1.0021550810337891
SMTN,2,0.001052919337637888,4067.9688707258065,8141.026407444112,36.571293988775665,8141.937741451613,0.63440155,1.0,1.0046867628274332
SMU1,2,0.0026827225494687654,4316.429750579898,8637.22040009224,31.954932152095985,8638.859501159795,0.672217725,1.0,1.0076943181750366
SMUG1,2,0.002893873839921388,5658.75965879702,11322.315181804188,24.675926763610015,11323.51931759404,0.6030196,1.0,1.0148185736680073
SMURF1,2,0.00048394444636373177,965.8963062782086,1935.0587532810353,27.267879727093465,1937.7926125564172,0.8748739,1.0,1.0033606390064507
SMURF2,3,0.004080932832102944,6238.777243329441,12482.603278651508,22.931395842658635,12483.554486658883,0.527099425,1.0,1.0065198416367633
SMYD3,2,0.0006949747953391422,3591.910132194235,7194.266063714112,35.94280363941577,7189.82026438847,0.659978925,1.0,1.0037314228251983
SMYD4,2,8.633468943482048e-5,1077.2038988149254,2157.5449404282667,28.47709473271888,2160.407797629851,0.856870825,1.0,1.0032415361355644
SMYD5,2,0.00014597102279574349,1260.9579890419288,2526.0815414368844,30.634697052233093,2527.9159780838577,0.822290775,1.0,1.0027971963432232
SNAI1,2,0.0003401271215661642,1759.3986283933234,3521.719727168391,35.07194049542403,3524.797256786647,0.847551725,1.0,1.0015996127025182
SNAI2,2,2.2226321142628268e-5,158.94765431800187,320.6151373574541,9.891380569816722,323.89530863600373,0.9455693,1.0,1.0031321581027894
SNAI3-AS1,2,4.764009161830226e-5,480.88997191251934,965.9836145503458,18.407249824338173,967.7799438250387,0.896979525,1.0,1.0040303955939511
SNAI3,2,0.00013485616124781066,682.1298684467939,1367.3544719822053,22.682872903863203,1370.2597368935878,0.89881895,1.0,1.0058826251427633
SNAP23,2,0.0006830463656453744,3479.612738358765,7037.424755944905,36.42948187283536,6965.22547671753,0.639249875,1.0,1.0025634095319553
SNAP29,2,0.0020228908895838856,5290.893671095604,10586.691028951642,26.77599514875305,10587.787342191208,0.577059,1.0,1.004163893805104
SNAP47,2,0.0006858942329945318,3556.8589640852074,7117.261018423806,36.078913697760434,7119.717928170415,0.717966875,1.0,1.0034023032798494
SNAPC1,2,0.0008855643062274292,4204.3845334165035,8413.419750823374,34.30408163571618,8414.769066833007,0.630398575,1.0,1.0060422758714727
SNAPC2,2,0.0019956117731836282,5460.427322335762,10925.794549945123,25.74129301406385,10926.854644671525,0.597018625,1.0,1.0083166778163017
SNAPC3,2,0.00019047977163988233,2945.9492111413942,5895.807881357465,37.7271061695325,5897.8984222827885,0.73008465,1.0,1.00347062169948
SNAPC4,2,0.0002261920847604416,1372.0642033398433,2747.676871617036,31.750807427235337,2750.1284066796866,0.828751125,1.0,1.0022184114602437
SNAPC5,2,0.0007217938644410335,4235.488516053837,8475.460076392992,34.819337666332366,8476.977032107674,0.638085125,1.0,1.0050604634790117
SNAPIN,2,0.0030743791741257753,6017.206240553735,12041.354966103521,20.85647017946317,12040.41248110747,0.594859975,1.0,1.0037124628824117
SNCAIP,2,5.51217161564241e-9,1.4634815639530597e-5,1.2785766827612017,4.364480588185246e-20,6.000029269631279,0.98248145,1.0,1.002734574453772
SNCA,2,0.0005907647767988897,1853.8808480065393,3712.9961429025743,35.492137438008655,3713.7616960130786,0.776835275,1.0,1.0065411571194676
SNCB,2,3.2100241007803125e-7,25.436209120833773,54.87345904954475,3.6289502201418915,56.872418241667546,0.973184525,1.0,1.0031451772631903
SNCG,2,0.008026503776175717,10673.861674978487,21353.20330540335,8.96471407599617,21353.723349956974,0.382049825,1.0,1.0076596830070466
SNED1,2,0.00036410216577888996,501.1848827675509,1005.8715262803595,19.164056517984175,1008.3697655351018,0.9009683,1.0,1.0016200323886035
SNHG12,2,0.0001485319698490146,2641.3547097207174,5286.62061450289,37.91389431245556,5288.709419441435,0.7850877,1.0,1.0031898946215376
SNHG15,2,0.0006061254464184614,4387.7929083310255,8779.78747978947,33.478813303761065,8781.585816662051,0.68210325,1.0,1.0057449558678717
SNHG7,2,0.007039562907076643,10561.268096278127,21128.825740395267,8.956378227671204,21128.536192556254,0.3739876,1.0,1.0022094809277178
SNHG8,2,0.009805412573245716,13052.131276321275,26110.139809239674,5.741164337414064,26110.26255264255,0.29675215,1.0,1.0067937685793427
SNIP1,2,0.00016990842485564822,1371.019392032954,2745.005112864687,31.794239471375622,2748.038784065908,0.847391725,1.0,1.0029530915702665
SNN,2,0.0008300121728417974,2029.7183186183108,4062.8053437247795,36.3913815469474,4065.4366372366217,0.79078755,1.0,1.0033194429914254
SNPH,2,6.577918533121791e-5,250.08622278311282,503.19907284899244,12.85549315957987,506.17244556622563,0.929772125,1.0,1.0018043460200123
SNRK-AS1,2,7.987367947460455e-6,103.03945374043661,208.66997163417335,7.708590661654179,212.07890748087323,0.954141875,1.0,1.0029800401930558
SNRK,2,5.629409983089028e-5,1003.3229789484699,2009.5817848759812,27.53788940487253,2012.6459578969398,0.8675668,1.0,1.0058109541711444
SNRNP200,2,0.0017952044302500557,5151.98466290262,10502.591634540531,28.323938539207205,10309.96932580524,0.54276265,1.0,1.0068456726834745
SNRNP25,2,0.0008269982839611933,5790.610586437623,11593.795061088233,25.92570092531849,11587.221172875246,0.5551484,1.0,1.0110926324366443
SNRNP27,2,0.0017151480692378105,5772.18344408207,11549.34454739317,23.941795286653097,11550.36688816414,0.5458119,1.0,1.0054038391078255
SNRNP35,2,0.000818437629260643,3412.6221285249,6828.6709156131865,36.62727519525573,6831.2442570498,0.733606275,1.0,1.0029289752566892
SNRNP40,2,0.0019210302081641448,6186.363725523596,12377.923078763135,23.064203533603138,12378.727451047193,0.54865945,1.0,1.0068727968378073
SNRNP48,2,0.0016106655078629037,4962.389161746041,9931.002711985126,29.692809728053383,9930.778323492083,0.618648575,1.0,1.0086949575517097
SNRNP70,2,0.0022892605962869183,7477.295255588531,14961.852487238797,15.616076507602218,14960.590511177063,0.4713477,1.0,1.0026975149607686
SNRPA1,2,0.0031528587550905046,7626.640666661811,15258.126631284375,17.832668447450413,15259.281333323623,0.4747817,1.0,1.0024163916462119
SNRPA,2,0.004531446958285653,8009.616229027684,16025.69189950709,12.974634449327976,16025.232458055369,0.499771175,1.0,1.0098573210639594
SNRPB2,2,0.0042992487540641205,9903.252152687473,19811.28135969849,9.738184756053712,19812.504305374947,0.374988025,1.0,1.0118091799483435
SNRPB,2,0.027569333793744558,14456.783587804279,28921.01120316147,4.613551102372627,28919.567175608558,0.3067237,1.0,1.0086589354722664
SNRPC,2,0.005421195752520049,10350.142741931984,20715.896238121022,9.00544046668114,20706.28548386397,0.37117105,1.0,1.0136911047530015
SNRPD1,2,0.021612774098252505,14146.690200094488,28299.55211623969,4.775734130344226,28299.380400188977,0.294183175,1.0,1.0090463663948925
SNRPD3,2,0.0033758355354868417,9913.972206870492,19845.492789596527,9.563879193384212,19833.944413740985,0.39068025,1.0,1.0158006783147042
SNRPE,2,0.020409220644140986,15228.923725650027,30463.554893706412,3.8307069949722146,30463.847451300055,0.25458554352260365,1.0,1.0074773706345916
SNRPF,2,0.012431233441728794,13760.569663658558,27526.353987089733,4.977206479294485,27527.139327317116,0.28762735,1.0,1.0099687750423552
SNRPG,2,0.03530221973310832,15039.631336647017,30085.991949176096,4.132014434145694,30085.262673294033,0.28997550605279016,1.0,1.015192192057892
SNTA1,2,0.000401925265573535,1841.8081974588288,3691.8303503868874,35.49698940931169,3689.6163949176575,0.77376765,1.0,1.0033989695649859
SNTB1,3,5.241099592437453e-5,452.0341173618232,909.4818141071722,17.757300151125037,910.0682347236464,0.898140875,1.0,1.0019042081416554
SNTB2,2,0.0013641467813624972,3415.6474962803454,6835.603267073435,37.43091927885422,6837.294992560691,0.694057225,1.0,1.0066588420659976
SNTG2,2,1.4252220538998401e-7,17.7680247431475,37.676568448426686,3.124075091633975,41.536049486295,0.976136275,1.0,1.0020504463814408
SNUPN,2,0.00264716653414339,4270.355810333548,8546.510396888763,32.78174676723253,8546.711620667096,0.6720105,1.0,1.0138943472212751
SNW1,2,0.0028280539955710194,7853.918654708908,15713.31406767411,13.821125733272686,15713.837309417817,0.517888775,1.0,1.0075853661019245
SNX10,2,0.0013922840844140044,5746.586882441838,11501.306814309462,25.526870804785112,11499.173764883675,0.539132975,1.0,1.0058585981174357
SNX11,3,0.0006740230132662918,1766.5644921433159,3537.302819327939,34.90848115548688,3539.1289842866317,0.7909334,1.0,1.002959924630809
SNX12,2,0.000832929946770161,2031.9800810729907,4073.3995458913896,36.40096869513412,4069.9601621459815,0.756947925,1.0,1.0016780134278707
SNX13,2,0.0005148722442491788,1843.8338143387575,3690.9292083762716,35.45657590873552,3693.667628677515,0.80221765,1.0,1.0023953283309373
SNX14,2,0.00048555890305353254,3192.515264921965,6392.8231739346165,37.38637453856642,6391.03052984393,0.68279105,1.0,1.0025882509357769
SNX16,3,0.0001692702933182347,1424.5080041226202,2852.3218317740625,32.45179863937376,2855.0160082452403,0.838747475,1.0,1.009160148522338
SNX17,2,0.0011975485226674322,6266.140039611772,12546.893190380546,20.201520770856316,12538.280079223545,0.5185248,1.0,1.003245972911536
SNX18,2,5.1902603908834045e-5,1043.0934657886226,2089.21302328483,28.097780678691148,2092.186931577245,0.855880225,1.0,1.0042372365142023
SNX19,2,1.609750660701687e-5,711.7940501594555,1427.3834453774687,23.073313315838764,1429.588100318911,0.87163575,1.0,1.0034036310563077
SNX1,2,0.001012928864755679,3802.1938517018943,7610.981018769081,35.03662565731436,7610.387703403789,0.66372925,1.0,1.0037485144539073
SNX21,2,0.0001297774981742527,1419.8416763441746,2842.8945375885896,32.369994606725434,2845.6833526883493,0.83634335,1.0,1.0041476802680591
SNX22,2,4.708915987259028e-5,1085.1117084453813,2173.893374877202,28.671958655031176,2176.2234168907626,0.8448314,1.0,1.004402211524844
SNX24,2,0.00022408652496168905,1614.674018742915,3233.166817675252,34.03647851980835,3235.34803748583,0.8144381,1.0,1.0027659533516267
SNX25,2,4.683958519360571e-5,921.1456181672745,1845.7981274121314,26.372679419704397,1848.291236334549,0.855778175,1.0,1.003604136014618
SNX27,2,0.0006238189000114335,1749.6787222279634,3503.2787633161674,34.80514695330587,3505.3574444559267,0.806723275,1.0,1.0016356787484715
SNX29,2,0.00014042968268116512,898.6401418267101,1801.9559375315328,25.853214925436742,1803.2802836534202,0.851032525,1.0,1.0022171228897065
SNX2,2,0.001469935714577607,6436.222798669659,12877.142859076386,19.29191249938063,12878.445597339318,0.543317325,1.0,1.0093544346983983
SNX30,2,0.00028237461438993655,759.1950359433401,1521.8031201886572,24.05415484312043,1524.3900718866803,0.883387125,1.0,1.0041656592573476
SNX31,3,3.549971357628732e-6,72.74762327396196,148.03604948634862,6.326027174946557,151.49524654792393,0.96055305,1.0,1.005217764394398
SNX33,2,3.377231277288498e-6,432.9257105340076,868.7220345193747,17.531916696551693,871.8514210680152,0.909254575,1.0,1.0029539548983901
SNX4,2,0.0002178681277224282,3154.0601522585584,6311.720875452873,37.26676745075496,6314.120304517117,0.7335147,1.0,1.0038755754475384
SNX5,2,0.0032433447182339432,6873.788756024122,13753.20846060903,16.781527567478992,13753.577512048245,0.52198825,1.0,1.0058548419319684
SNX6,2,0.0028425229933951423,7889.695824534078,15797.584913483079,13.262935407324179,15785.391649068157,0.453277075,1.0,1.0209302295377574
SNX7,2,0.0017859280496738234,4125.283879008261,8258.537948648715,33.414007860095865,8256.567758016521,0.6407394,1.0,1.0045070449931435
SNX8,2,7.066235353384232e-5,2615.4627122898487,5235.056616800511,37.84471980024047,5236.925424579697,0.7518747,1.0,1.0033287850633656
SNX9,2,0.0021276307242440156,5504.603598476293,11014.264541023656,25.024516078369615,11015.207196952586,0.5786059,1.0,1.0060591695369887
SOAT1,2,0.0009447356357440923,1920.6111895531697,3848.8016469887884,35.80346159957927,3847.2223791063393,0.762810925,1.0,1.0027660876521736
SOBP,2,6.285599326597639e-5,943.8087390645528,1890.936927622392,26.66760095765799,1893.6174781291056,0.857957475,1.0,1.002245230543138
SOCS1,2,5.456756656226162e-5,1018.7075673064343,2040.204118815562,27.755180407127337,2043.4151346128685,0.8810724,1.0,1.0017228243926313
SOCS2,2,0.0008771960836984001,2029.6540261753626,4062.657530557763,36.37365151932474,4065.308052350725,0.80497015,1.0,1.0026379304811017
SOCS3,3,0.0009420628491398533,2032.4689374422708,4068.160000338161,36.37889462691006,4070.9378748845415,0.81950995,1.0,1.0022767122304022
SOCS4,2,0.0003837426153295055,2666.4885272642837,5337.226837677604,38.195265787106145,5338.977054528567,0.7417525,1.0,1.003453917718897
SOCS5,2,0.0005354367075406295,1630.1705445297205,3264.4269041699113,33.93743954649922,3266.341089059441,0.817784425,1.0,1.0059630784578997
SOCS6,2,0.001036410166452258,3319.031005757205,6642.881462091651,38.11795413696477,6644.06201151441,0.720085925,1.0,1.0047716498329455
SOCS7,2,1.3277481752017888e-5,445.2757120464052,894.1993703517273,17.736009397580087,896.5514240928104,0.900491425,1.0,1.0014315826430944
SOD2,2,0.001366910245051231,6163.548816982423,12342.460692698181,21.397535563957717,12333.097633964846,0.512099275,1.0,1.0121059835310726
SOGA1,2,4.308312001920811e-5,962.3670786031328,1927.7211746539294,26.99202352430911,1930.7341572062655,0.86329735,1.0,1.003432806814795
SON,2,0.014250218156962874,10466.322415010343,20939.25899773364,9.32050103600652,20938.644830020687,0.370205975,1.0,1.001214645414726
SORBS1,2,8.196089024489077e-5,273.89501329264664,551.0469041952551,13.549462083259176,553.7900265852933,0.9245751,1.0,1.0041168856628835
SORBS2,2,1.7195876448419588e-5,142.69455941003628,288.2284124313391,9.293645468334818,291.38911882007255,0.9459708,1.0,1.0024044245857926
SORBS3,2,0.0007539721532058566,4212.797895235416,8435.21359841647,34.464659410800174,8431.595790470832,0.612913275,1.0,1.0051436012525763
SORCS2,2,8.937996946506741e-7,39.83956425901361,82.91753063161491,4.547176836824463,85.67912851802723,0.969122025,1.0,1.0017409251818408
SORL1,2,0.0002983023983769525,1728.5530730447924,3463.3495589581817,34.80089435223525,3463.106146089585,0.784624925,1.0,1.003689245122844
SORT1,2,0.00028717738806871107,1545.1211926317526,3094.9651317051394,33.3439814327172,3096.242385263505,0.801271175,1.0,1.0013621922178613
SOS1,2,0.0006011525251594282,2498.941889037001,5002.731553481904,37.853743112047916,5003.883778074002,0.7594412,1.0,1.004399696219494
SOS2,2,0.00013456224113234208,1068.6715648681002,2141.2179166805554,28.28588266174388,2143.3431297362004,0.842620425,1.0,1.0016344616360568
SOSTDC1,2,7.885685453515423e-9,2.093649487908345e-5,2.311070809985318,8.090167070589817e-15,6.000041872989758,0.981792025,1.0,1.002014757504592
SOWAHA,2,2.0459377100143817e-5,153.58303927278436,310.03132394520185,9.696218234201122,313.1660785455687,0.944103925,1.0,1.0028287982405564
SOWAHB,2,5.67794639989236e-7,32.76421153745079,67.7577630299313,4.1165085914073964,71.52842307490158,0.971667175,1.0,1.002324771283141
SOWAHC,2,0.00044095957076797053,2573.994625084978,5152.935878484319,38.24278213198401,5153.989250169956,0.745625675,1.0,1.0047250527952605
SOWAHD,2,0.00013686484156789146,337.91318976028657,678.8772712557908,15.297128624773832,681.8263795205731,0.925540925,1.0,1.0026378393300375
SOX12,2,0.0004908171739652265,2830.2259171562587,5664.982433966273,38.38905506278226,5666.451834312517,0.7244994,1.0,1.0045080027899647
SOX13,2,1.6795854022475525e-5,694.0565874645054,1391.036869777691,22.752608495600608,1394.1131749290107,0.8874339,1.0,1.0041687112722877
SOX15,2,5.687592752986901e-7,32.76421409855754,68.38320277367309,4.111160834536572,71.52842819711508,0.970946725,1.0,1.0038479064610022
SOX18,2,2.2004918735738957e-5,845.399005624212,1693.6084471712256,25.292830283597162,1696.798011248424,0.886754625,1.0,1.0043174018539258
SOX2,2,3.50065932104237e-9,9.294250497367492e-6,1.2044653467594966,1.401258040798223e-14,6.0000185885009945,0.982630775,1.0,1.0027278220478837
SOX30,2,7.988621068000919e-6,103.03945706747164,208.60500306128088,7.708928120914006,212.0789141349433,0.9549607,1.0,1.0016200875697647
SOX4,2,0.04735754206253581,12347.005735981076,24704.63732304163,13.465532577569698,24700.011471962152,0.4478759107480098,1.0,1.0031540703754211
SOX6,2,1.566116050246399e-5,137.189318314052,277.05289897742307,9.085630969967719,280.378636628104,0.948690025,1.0,1.003745701239111
SOX7,2,1.0261365056639769e-5,114.65027612401943,231.87703210351924,8.195158165124605,235.30055224803885,0.952994225,1.0,1.0030849081757383
SOX8,2,0.00022823199661908957,415.61061223809156,861.2378847500462,17.223813373589277,837.2212244761831,0.900393025,1.0,1.003537416316893
SOX9,3,0.0003359562051014435,1750.558501845331,3505.39581020391,34.571645547150666,3507.117003690662,0.783630575,1.0,1.0036073869765223
SP100,2,0.0013509763180512935,5389.136963708521,10783.80655361973,25.189253501431963,10784.273927417042,0.58961205,1.0,1.0027518818059646
SP110,2,0.0011541378610680044,2664.070714003111,5333.036977925497,38.08134959191517,5334.141428006222,0.72063215,1.0,1.0030175637863128
SP140L,2,0.0008614656829318519,3456.150479073652,6917.130792847876,37.16507452721923,6918.300958147304,0.701875375,1.0,1.007549537252094
SP140,2,2.875809087433276e-6,66.42110667381874,135.35636456606943,6.011262611676485,138.84221334763748,0.962306775,1.0,1.0034712191535773
SP1,2,0.00042182075370425314,1866.7905630746932,3736.551244401449,35.63438616685167,3739.5811261493864,0.8195111,1.0,1.002591353363738
SP2,3,0.00037238639802734936,1450.4408208400803,2905.8716944143894,32.432922731296735,2906.8816416801606,0.80345625,1.0,1.0021563611688156
SP3,2,0.0005012833018086618,2624.669653004303,5253.273964610731,37.884107759674805,5255.339306008606,0.76490075,1.0,1.005843878959352
SP4,2,5.9766938519554095e-5,781.8700464528154,1567.4883338118839,24.131786332251206,1569.7400929056307,0.8707425,1.0,1.0011714422376294
SP5,2,0.00010542305645334158,788.3060083899528,1580.7619312607656,24.14895488381136,1582.6120167799056,0.86814945,1.0,1.001849372259229
SP6,3,6.161891785072227e-5,785.310510269836,1574.4870640575673,24.18796765859479,1576.621020539672,0.864248,1.0,1.0036147006422451
SP9,2,0.0001745515535112712,373.0196308931349,749.196755445676,16.191857718744508,752.0392617862698,0.91709915,1.0,1.0070902168638403
SPA17,2,0.0009595916457138475,2766.1950758579533,5591.316627160312,38.63946114999825,5538.3901517159065,0.6968142,1.0,1.002460332028607
SPACA6P-AS,2,2.808625334278841e-9,7.456900262510322e-6,1.1203345836581695,8.090167070589817e-15,6.000014913800525,0.982588525,1.0,1.0017036385927984
SPAG1,3,0.0006613061028564112,1886.3072772226099,3778.9457322210646,35.662998298235536,3778.6145544452197,0.77308925,1.0,1.0043434355730654
SPAG4,2,3.753032448504373e-5,855.7797638294231,1749.4939131678482,25.3904979296839,1717.5595276588463,0.84851045,1.0,1.0041705247585213
SPAG5,2,0.0007019865435326354,1600.3240320433251,3210.5273888815786,33.10234802149371,3206.6480640866503,0.79565985,1.0,1.0035071690947681
SPAG7,2,0.0027813499305578675,7374.430892276444,14753.402886186606,14.959872054767525,14754.861784552888,0.49918845,1.0,1.003269586049495
SPAG8,2,2.874386205912424e-6,66.42110289606829,135.2284793047922,6.01184216654392,138.84220579213658,0.962756975,1.0,1.0023965666031376
SPAG9,3,0.0035969370468026183,5724.781889426652,11455.495774646819,25.240444299518597,11455.563778853304,0.53754065,1.0,1.0023044202282338
SPARCL1,2,1.8789404701183907e-5,148.16261877936347,299.63876664425214,9.496744823936039,302.32523755872694,0.944405475,1.0,1.0036455952902277
SPARC,2,2.0515376750987388e-5,153.55138504743456,310.4057392013325,9.695664506627102,313.10277009486913,0.94339355,1.0,1.0025826776825362
SPAST,2,0.0001310966518815963,1324.2955024440687,2651.834270400481,31.354093706926715,2654.5910048881374,0.831418625,1.0,1.003917092179806
SPATA12,2,6.322163591421045e-5,551.9083731498065,1107.983601238753,19.86929130231851,1109.816746299613,0.889917675,1.0,1.00256809646153
SPATA13,2,0.00016606771692440861,1473.5804834538092,2950.2215300213556,32.805732303842376,2953.1609669076183,0.832087875,1.0,1.0036826632961409
SPATA17,2,0.00013059334973639054,956.8229419741657,1920.741461901514,26.72978634307663,1919.6458839483314,0.841460675,1.0,1.0023722841525189
SPATA24,2,0.00018875479041831963,1303.3855272127264,2610.470109734412,31.058013663044218,2612.771054425453,0.824877,1.0,1.002460240346041
SPATA2L,2,0.0021722502273718754,3987.270825107384,7979.049855057339,35.134297884975304,7980.541650214768,0.7030776,1.0,1.0037027724874772
SPATA2,2,6.61846400654722e-5,1076.758080876285,2156.401677989955,28.513423596509302,2159.51616175257,0.86894465,1.0,1.00171439011274
SPATA3-AS1,2,6.9574642505410664e-6,97.1360570672427,196.76123757494307,7.45336765323197,200.2721141344854,0.955966925,1.0,1.0012783107262795
SPATA33,2,0.0015708083298418716,3896.9229956055237,7798.897375432468,35.35097743732663,7799.8459912110475,0.6905322,1.0,1.0060113757090792
SPATA41,2,0.0001458559111772068,346.7816991031417,696.666543061581,15.526505547524017,699.5633982062834,0.919249875,1.0,1.0026403312726846
SPATA4,2,2.9889779687645865e-5,180.0915098432268,363.37769207179196,10.63044796150291,366.1830196864536,0.93877305,1.0,1.0047461118906953
SPATA5L1,2,7.051497726014594e-5,1182.6277332454172,2368.29053336124,29.84262994931913,2371.2554664908344,0.848903875,1.0,1.002358074428418
SPATA5,2,0.00034666091699194705,1216.4464609687216,2437.3713824464576,29.954486208780203,2438.892921937443,0.82961495,1.0,1.00213103554518
SPATA6,2,0.00010483848609498062,1339.1619805647986,2681.6896763766995,31.590971824536126,2684.323961129597,0.83629485,1.0,1.0021530059848132
SPATA7,2,0.0002784890044541711,1711.452449838089,3425.891637596899,34.68804196406653,3428.904899676178,0.831435525,1.0,1.004519425121368
SPATA9,2,1.7386296571289371e-6,53.420058853229875,109.15560428491315,5.329035718235371,112.84011770645975,0.9659813,1.0,1.0034719024586214
SPATC1L,2,0.00026359400607296935,371.17080047035654,747.8248746297976,15.570655581514474,748.3416009407131,0.911176225,1.0,1.0030113024331435
SPATS2L,2,0.007053002797195736,10016.99059790418,20038.791736228588,10.27756244756179,20039.98119580836,0.396901275,1.0,1.0031767610185087
SPATS2,2,0.0028185616953833236,8273.83287249877,16552.382143942363,12.927704144421051,16553.66574499754,0.44489985,1.0,1.005719568394942
SPC24,2,0.00017904979786230495,1645.4769817251013,3296.439562532001,33.77710460831986,3296.9539634502025,0.7897571,1.0,1.0047452193989077
SPC25,2,0.003655510080637056,3604.157470880837,7215.277126574248,42.5574150393819,7214.314941761674,0.681337925,1.0,1.0015387411849617
SPCS1,2,0.00915562094722422,11416.250291497001,22846.255242044943,7.3612613409265855,22838.500582994002,0.3576777,1.0,1.0110772626921598
SPCS2,2,0.0066485247447449,10016.660535373027,20038.933066061698,9.618779942356717,20039.321070746053,0.358533225,1.0,1.0060146757170776
SPCS3,2,0.001465254506691138,6300.673986552934,12611.177891947706,21.334705295311785,12607.347973105869,0.51781255,1.0,1.0081279477722227
SPDEF,2,6.51713217787905e-9,1.730298593226888e-5,1.4317964564436838,8.090167070589817e-15,6.000034605971864,0.98249655,1.0,1.0025331015480714
SPDL1,2,0.00180152467357475,2757.661635560625,5521.994950170988,39.53459097889386,5521.32327112125,0.7251974,1.0,1.0039614625101927
SPDYA,2,9.089105144348698e-6,108.87613613677476,220.34631363583588,7.9557127868461865,223.75227227354952,0.953080275,1.0,1.004616357584572
SPDYE3,2,4.294413392103942e-6,78.97397045070524,160.8329118249191,6.625884742730408,163.94794090141048,0.9589772,1.0,1.002692653683855
SPECC1L,2,7.095621433854382e-5,869.3741934297982,1742.3349110042839,25.521338968082524,1744.7483868595964,0.866254425,1.0,1.0084881679488533
SPECC1,2,0.00032691982776920426,2540.03205084944,5084.690956717225,37.961344409181386,5086.06410169888,0.732188225,1.0,1.00308813843922
SPEF1,2,5.162493197131626e-6,306.4894673699229,616.2548690186438,14.359458956416265,618.9789347398458,0.9194113,1.0,1.00407750258121
SPEF2,2,0.0001348559161123268,682.1298677959593,1367.8814147494522,22.6825881234357,1370.2597355919186,0.880853325,1.0,1.0020438728311025
SPEG,2,0.00022122628871629714,1388.1050822073307,2779.753323828358,31.917912651828086,2782.2101644146614,0.821695925,1.0,1.0047575325286862
SPEN,2,0.0011523838720707876,3586.8038758137764,7177.535699002274,36.059008175273405,7179.607751627553,0.7364089,1.0,1.003774831619028
SPG11,2,0.00044273860672666666,1587.1794863396963,3178.8264019317285,33.6145733251988,3180.3589726793925,0.800100175,1.0,1.0040700225288035
SPG21,2,0.0020382692748521555,6511.555717097687,13042.133543304559,18.56835801702866,13029.111434195374,0.490353,1.0,1.0038507491292417
SPG7,2,0.0011442451764620532,3826.0337996016865,7663.950317490775,34.94348837679875,7658.067599203373,0.641535725,1.0,1.0103492836544448
SPHK1,3,0.00013521847109499333,1089.7857494031196,2183.486621479696,28.56710014380496,2185.571498806239,0.83793465,1.0,1.0046594440966892
SPHK2,2,0.00022054188278944838,2269.959601588083,4544.35803986594,37.31006888336601,4545.919203176166,0.764939475,1.0,1.0013231659922133
SPI1,2,8.870089198377257e-7,39.83954622950649,81.93477105494601,4.551789962640465,85.67909245901298,0.969672875,1.0,1.0031173702425091
SPIB,2,8.877852862752089e-7,39.83954829075938,82.11370367492593,4.547144004981655,85.67909658151876,0.96931155,1.0,1.0012152666514356
SPICE1,2,0.0001191052417516766,1016.4928068695253,2037.8341481865712,27.59709156906981,2038.9856137390507,0.84002295,1.0,1.0030133034575306
SPIN1,2,0.0004920539376649005,2257.091064849016,4518.886462937679,37.301293009775286,4520.182129698032,0.749086775,1.0,1.003945610653089
SPIN2A,2,2.589869875058178e-5,169.60077703706332,342.0203620606672,10.268340123561789,345.20155407412665,0.94201775,1.0,1.002266427463126
SPIN2B,2,0.00046058820798821585,1912.2429494342994,3827.634723420538,35.96399905496206,3830.4858988685987,0.8205621,1.0,1.0016345829436824
SPIN3,2,1.1571502161008197e-5,498.1370720577204,999.4139955875614,18.919815299948585,1002.2741441154408,0.900012525,1.0,1.0037791669317135
SPIN4,2,4.0945350113040314e-5,548.7020584728582,1101.444116342521,19.86272441949131,1103.4041169457164,0.889962825,1.0,1.0016431676052404
SPINT1,2,0.002762911237714532,5602.831806326471,11212.6225847851,25.649304913131484,11211.663612652943,0.5829588,1.0,1.007667035209648
SPIRE1,2,0.0007608046987019732,2134.143906901579,4279.839026050329,36.86677925812217,4274.287813803158,0.7505384,1.0,1.0018294393195186
SPIRE2,2,0.0002503183249655817,1478.0300968441582,2959.5633137695486,32.767570491212894,2962.0601936883163,0.816443125,1.0,1.0016926069616592
SPNS1,2,0.0005467962554617643,3212.5143487663704,6430.94033644174,37.20355259223712,6431.028697532741,0.694529675,1.0,1.0030606922212149
SPNS2,2,4.108692977081121e-5,205.73354554957518,414.4773110773999,11.481649162991921,417.46709109915037,0.935219975,1.0,1.0035864527471947
SPNS3,2,7.695193965274914e-5,471.6023406913532,949.5374806871366,18.133701850370205,949.2046813827064,0.895616775,1.0,1.00402488406556
SPOCD1,2,1.592119552487753e-5,714.71712392613,1438.4670973873444,23.195813135473205,1435.43424785226,0.866904675,1.0,1.0042275661164417
SPOCK1,2,1.4338284551489346e-7,17.76840385367578,38.652822806561694,3.101112225470173,41.53680770735156,0.975781375,1.0,1.0045749937926254
SPOCK2,2,8.96593302234275e-7,39.83957167604175,82.01639752069536,4.54909636802221,85.6791433520835,0.969191225,1.0,1.0030082133785705
SPON2,2,2.5207878274924607e-5,509.8112496950455,1023.3082154103025,19.104231059474632,1025.622499390091,0.89573875,1.0,1.0035842993334294
SPOPL,2,0.0006793374713308682,1900.4975394206317,3804.584873252793,35.746742917745635,3806.9950788412634,0.7902609,1.0,1.0020702818658602
SPOP,3,0.0028904192994912243,5542.682938649097,11090.086254238746,25.108237347995882,11091.365877298194,0.59025915,1.0,1.0062535833371218
SPPL2A,2,0.000334048187126968,3181.1805084763587,6368.540383334139,37.34252238124912,6368.361016952717,0.693910925,1.0,1.006029548830434
SPPL3,2,0.0008273037164437833,3383.4078302550847,6771.556696238527,37.229856962029366,6772.815660510169,0.69419925,1.0,1.0020856142121082
SPRED1,2,0.0006511281633356817,1882.0108834907642,3767.336886246541,35.64376873953283,3770.0217669815283,0.808428775,1.0,1.0020673282382486
SPRED2,2,0.000993056201201976,2013.9454460076702,4031.768414227228,36.29639063536415,4033.8908920153403,0.79936125,1.0,1.0035070157334827
SPRTN,2,0.0003115373441834974,2910.5617855484297,5825.445644230084,38.0100776059394,5827.123571096859,0.74272405,1.0,1.0050517948656648
SPRY1,2,9.80435556730103e-5,835.8526059603906,1675.8361299139392,24.939982421923983,1677.7052119207813,0.874879975,1.0,1.00209383987401
SPRY2,2,0.0004810592286458538,1273.0712636639855,2550.449138668358,30.54105515129915,2552.142527327971,0.832451225,1.0,1.0069805222084298
SPRY4,2,0.0002955828121126968,1256.5061272947692,2517.1888342339394,30.45114203190862,2519.0122545895383,0.843446775,1.0,1.002014025751023
SPRYD3,2,0.0002202288287892237,2347.663750121856,4701.860927397709,37.570046674130175,4701.327500243712,0.730892425,1.0,1.0054763161274731
SPRYD4,2,0.0005125012469707113,3041.9507931878616,6089.636380907976,38.12679244408021,6089.901586375723,0.701347675,1.0,1.0042724893291413
SPRYD7,2,0.001025572159978344,5258.624945889139,10523.30831609516,26.0803356614253,10523.249891778278,0.592815925,1.0,1.0030016163909725
SPR,2,0.0022976794967113027,5451.057976139055,10916.320498823514,25.72112756447596,10908.11595227811,0.544625825,1.0,1.005688564202891
SPSB1,2,0.00012652281875876416,1235.3487225391727,2473.690690715574,30.3662091750799,2476.6974450783455,0.85944165,1.0,1.0029083529434795
SPSB2,2,0.000179666525348867,2327.4519006760725,4659.3532532610325,37.55972826324068,4660.903801352145,0.765932525,1.0,1.0087465092519077
SPSB3,2,0.00037273976745646033,4342.616105313637,8710.583929946451,33.26926625136056,8691.232210627273,0.59614225,1.0,1.0031798844125586
SPSB4,2,1.7401121736117118e-6,53.42006278931114,109.15998940550858,5.32741339652171,112.84012557862228,0.965734,1.0,1.0016643114291592
SPTAN1,2,0.0008767684126758606,2074.929809913926,4154.241840711195,36.58997262405514,4155.859619827852,0.77211915,1.0,1.0043873449457852
SPTBN1,2,0.0007659049649145394,3357.6990038857994,6719.425269202126,36.80864786632599,6721.398007771599,0.708437325,1.0,1.005987400056396
SPTBN2,2,4.110698209706716e-5,205.7271540277294,414.7668016889953,11.481084899200846,417.4543080554588,0.9345342,1.0,1.0025285218114455
SPTBN4,2,5.641730768066741e-5,874.2185543441799,1751.7552434501706,25.81639657238691,1754.4371086883598,0.870361075,1.0,1.0038569480597854
SPTBN5,2,1.739292947631225e-6,53.42006061426616,109.67361024664977,5.3262320937513215,112.84012122853233,0.965300525,1.0,1.002043601495877
SPTB,2,9.254347516697457e-5,287.92159534434455,578.965563595138,13.9466618052707,581.8431906886891,0.923874325,1.0,1.0031043519156042
SPTLC1,2,0.0005738848087240519,1889.6529910048168,3848.8553394994574,35.68691180705007,3785.3059820096337,0.75125525,1.0,1.0029189448085667
SPTLC2,2,0.0007231845708853666,3264.9495976842013,6534.510053506732,37.432955002413735,6535.899195368403,0.70041495,1.0,1.0062872711709314
SPTSSA,2,0.001753502932812493,6444.32026791606,12896.912998644522,19.68931495088638,12894.64053583212,0.5140522,1.0,1.00849001081847
SPTSSB,2,0.000533858436383193,1340.0916390212485,2685.4265057619095,31.245698305896898,2686.183278042497,0.811880325,1.0,1.0027247432453887
SPTY2D1,2,0.001655702809211557,3597.562577341522,7199.358321036539,36.19366502651245,7201.125154683044,0.708287875,1.0,1.0032039391160765
SQLE,3,0.006708329043313326,9593.552062174902,19192.985176949453,14.892368423725973,19193.104124349804,0.4479035,1.0,1.00069096544877
SQRDL,2,0.00031917289055649855,3144.807737773222,6296.545036753656,37.40103889516864,6295.615475546444,0.69473285,1.0,1.003625030848632
SQSTM1,2,0.003484900597009632,10221.44955109593,20448.049774085255,9.143501578357819,20448.89910219186,0.358248225,1.0,1.004496167914181
SRA1,2,0.00455915947963584,6564.302071307886,13134.10606731896,20.79569519030671,13134.604142615772,0.524107075,1.0,1.005784505643526
SRBD1,2,0.000617910415801016,1921.649065185555,3846.6747517547296,35.883748695899946,3849.29813037111,0.791226875,1.0,1.0039467337363566
SRCAP,2,0.0012637546304376003,2939.3457492193097,5882.939694731384,38.509552425091364,5884.691498438619,0.716294325,1.0,1.0085835206489093
SRCIN1,2,0.0001646992459719668,364.333080822629,732.3220940172497,15.973652989990176,734.666161645258,0.91156295,1.0,1.0022055536123378
SRCRB4D,2,0.0007525464032999882,667.0889239177942,1337.8583626751968,22.484465485924186,1340.1778478355884,0.884868975,1.0,1.005047639816828
SRC,2,4.535269939772256e-5,937.0977542873468,1877.2439551391262,26.614322621963876,1880.1955085746936,0.861850525,1.0,1.0051914946840514
SRD5A3,2,0.00040916101168394034,4420.557658628217,8848.206756038866,32.84972060795631,8847.115317256434,0.6076002,1.0,1.0031563570683988
SREBF1,2,0.0013018406664228955,3693.314236176316,7394.0758837737,36.022553489974904,7392.628472352632,0.649972,1.0,1.0065868594670626
SREK1IP1,2,0.004512120358003316,6558.01703817649,13120.810337625866,19.8415004494436,13122.03407635298,0.51202525,1.0,1.0093072260769687
SREK1,2,0.003338544553048543,6473.741075236851,12952.19964462977,20.62597293488536,12953.482150473703,0.518353,1.0,1.0073076499510825
SRFBP1,2,0.00019842654277259892,2607.2139671552777,5218.629509609773,37.91621008426625,5220.427934310555,0.7597065,1.0,1.0038472393481408
SRF,2,0.0004557345273731839,1817.4901717229284,3638.14442189548,35.31237123365571,3640.9803434458568,0.8080548,1.0,1.0047557263537246
SRGAP1,2,0.0022090751248893406,3766.5293311767477,7537.290023883119,36.01494079883381,7539.0586623534955,0.70963595,1.0,1.0046821406491258
SRGAP3,2,0.0001134042531567307,898.8323129413798,1801.7648853975052,25.897843190294093,1803.6646258827595,0.856857725,1.0,1.0016769586508143
SRGN,2,4.2943635291302636e-6,78.97397031831905,160.38385106203438,6.627352925446925,163.9479406366381,0.96035445,1.0,1.004316661369387
SRI,2,0.005053421944412684,10804.145473620087,21615.266026072277,8.316329901577367,21614.290947240173,0.363643575,1.0,1.0074264891935538
SRM,2,0.007268452166024556,10453.020585117205,20928.043767380677,9.158117325044442,20912.04117023441,0.3808983,1.0,1.0060622051275954
SRP14-AS1,2,0.000995790032637418,2703.54125576633,5412.051622810494,37.99637794362511,5413.08251153266,0.734340525,1.0,1.0012616666597627
SRP19,2,0.002868443541568032,6963.682126225364,13932.68334247845,16.612262188615517,13933.364252450729,0.556729725,1.0,1.0050175011086895
SRP54,2,0.000612533693729575,4471.741801921867,8951.305080263644,31.54332664245755,8949.483603843733,0.607464425,1.0,1.0102834175686615
SRP68,3,0.0022289808756886364,5665.77306951714,11337.164660525359,23.76690593737203,11337.54613903428,0.5945469,1.0,1.0064740205156515
SRP72,2,0.002772582399849808,8232.730201169239,16471.409474844993,13.28421187210429,16471.460402338478,0.454719975,1.0,1.006103174401611
SRPK1,2,0.0016577373706988467,7246.27507575896,14498.099487427064,16.856129026236378,14498.55015151792,0.499882775,1.0,1.0067702565824468
SRPK2,2,0.0014150628386084998,6299.220960772206,12604.32424163121,21.714856846642085,12604.441921544412,0.58964235,1.0,1.0106175367551862
SRPRB,2,0.0004831272643061546,4388.94585539015,8783.591287656393,32.465972199082714,8783.8917107803,0.618579825,1.0,1.0036012367449267
SRPR,2,0.0030766671425171642,3631.5924443921494,7287.303951241489,36.6369938117408,7269.184888784299,0.63579555,1.0,1.0060965838272258
SRRD,2,0.000534059576183306,3382.806945020264,6769.734957361281,36.88116618537475,6771.613890040528,0.73150565,1.0,1.0030426833283612
SRRM1,2,0.011624103193712659,11776.681683706924,23559.791662529056,7.230485336929522,23559.363367413847,0.325316,1.0,1.0065901474355523
SRRM2-AS1,2,1.654500059259581e-5,701.172455405409,1406.1173485152847,22.881210534558686,1408.344910810818,0.8725354,1.0,1.0040038883722648
SRRM2,2,0.0054712913024942845,10308.128783517795,20621.19721512063,9.280072183960028,20622.25756703559,0.3764275,1.0,1.0036776317575626
SRRM3,2,0.0008384042029029445,2147.8373796735764,4298.470851437527,36.89943499934426,4301.674759347153,0.81536865,1.0,1.003315077405828
SRRM4,2,2.2271562373351533e-10,5.913099810124832e-7,1.0697489808286864,8.090167070589817e-15,6.000001182619962,0.982597175,1.0,1.0030916751935068
SRRM5,2,8.873055448838361e-7,39.83954701704599,82.00273145874704,4.5489512143954824,85.67909403409197,0.969278725,1.0,1.002740966052361
SRRT,2,0.0006941646477099101,4603.917277197863,9217.351001410894,32.27000467281288,9213.834554395726,0.597562575,1.0,1.0047377365551124
SRR,2,0.0004026571558502652,1660.6068783368203,3326.316787613736,34.22335380165075,3327.2137566736405,0.78777935,1.0,1.0014438357433957
SRSF11,2,0.00748503954929922,9617.970092469983,19252.39874489436,10.177799432148298,19241.940184939966,0.39679915,1.0,1.010114542218693
SRSF1,3,0.004029428352982636,6748.849897020566,13565.179709995742,18.736698913360698,13503.699794041131,0.475778275,1.0,1.0036180382039341
SRSF2,3,0.009099593164104232,10686.017391579173,21376.948551662685,8.971247681540916,21378.034783158346,0.37644705,1.0,1.0043650983973906
SRSF3,2,0.009645616451056783,13187.202294170309,26380.401701755778,5.668684514735657,26380.404588340618,0.3121527,1.0,1.0033539722876041
SRSF4,2,0.0031832386985668863,5876.73106988806,11758.906603204554,23.894912499536566,11759.46213977612,0.55057475,1.0,1.0031082026740414
SRSF5,2,0.0037761933594636084,9958.352180585183,19921.99160101236,9.620517573300333,19922.704361170367,0.3783442,1.0,1.0057644306905231
SRSF6,2,0.004139727481717613,8238.334185899159,16482.714253918388,12.451232397969862,16482.668371798318,0.487790025,1.0,1.004660783592215
SRSF7,2,0.008773078907699012,10957.456346844092,21919.7775015694,9.062983879032446,21920.912693688184,0.3895191,1.0,1.0024078202344915
SRSF9,2,0.01457954233884107,13824.40165350377,27654.073153477842,4.970112082894223,27654.80330700754,0.2634078,1.0,1.0156732613309185
SRXN1,2,5.133537673987205e-5,225.71091631540637,454.5804125279107,12.114356699417298,457.42183263081273,0.931711575,1.0,1.0052991797381097
SS18L1,2,0.0003030601246940496,1423.6763964063957,2851.640712307666,32.207793229215106,2853.3527928127914,0.8124179,1.0,1.0060569721013721
SS18L2,2,0.0026260751840951092,7602.929885232471,15210.811339160473,14.743439415998157,15211.859770464942,0.50464545,1.0,1.0076614030461495
SS18,2,0.00017200704676043885,2114.32815271451,4233.530386839833,36.7523103509033,4234.65630542902,0.7546814,1.0,1.001611838664187
SSBP1,2,0.0069250417599370576,12449.377526574828,24903.925198948305,6.329275975487514,24904.755053149656,0.289344625,1.0,1.0090628769407783
SSBP2,2,3.6895681098014175e-5,1027.2801452561268,2057.8888597325345,27.928910058822265,2060.5602905122537,0.85330555,1.0,1.0022323670235176
SSBP3,2,0.00010972241694608107,2202.449243026597,4409.163623906152,37.051418895741705,4410.898486053194,0.764551475,1.0,1.0040201267983733
SSBP4,2,0.0029267161242074765,6016.914987989922,12039.17655493986,24.1526482354767,12039.829975979845,0.5379107,1.0,1.010150096739638
SSB,2,0.002384540156977449,9276.646800007811,18563.003854771105,10.331187538284828,18559.293600015622,0.44798455,1.0,1.0078263117220694
SSC5D,2,2.2202865650618605e-5,158.96178704124904,321.14025183250226,9.890445042503602,323.9235740824981,0.942389675,1.0,1.0020621226384676
SSFA2,2,0.0067702220138832585,10509.321645298702,21024.056126450207,8.777467440983688,21024.643290597403,0.38577305,1.0,1.0074957703336926
SSH1,2,0.0008761940427924918,2672.955360231948,5350.908345405637,38.65885533632568,5351.910720463896,0.727609425,1.0,1.0056905211057183
SSH2,2,0.000665736502622304,3085.1609070417408,6174.663465444619,38.229750194266735,6176.3218140834815,0.73092935,1.0,1.0064613499715327
SSH3,2,0.00026515672642174704,3023.8541824228187,6053.018231357912,37.682470187968455,6053.708364845637,0.707991975,1.0,1.0023387291979295
SSNA1,2,0.0063071413628932645,8439.384131763843,16883.695944016126,13.638933556333413,16884.768263527687,0.440238625,1.0,1.005325063429728
SSR1,2,0.000945810581893688,6061.768704698039,12128.12154383526,21.97823506782096,12129.537409396078,0.557192575,1.0,1.0038168561576293
SSR2,2,0.00646900922948191,11215.070270729433,22436.81452733717,7.839984971444073,22436.140541458866,0.32692625,1.0,1.0060232755394343
SSR3,2,0.0037426146201351355,9829.088408757018,19664.15366729091,9.71040978638163,19664.176817514035,0.39587895,1.0,1.0050423948443004
SSRP1,2,0.005897697498537931,8558.842169637292,17127.491522122673,12.68985778611677,17123.684339274583,0.426760725,1.0,1.0062079118341405
SSSCA1-AS1,2,1.1504128616773833e-5,120.36555686961745,243.3737817050385,8.427036922113949,246.7311137392349,0.9512533,1.0,1.001910119193339
SSSCA1,2,0.004338610444846441,7353.953297328271,14712.680048625485,17.187757633956206,14713.906594656542,0.478700325,1.0,1.007333533250783
SSTR5,2,4.750853664822623e-5,759.8881826658111,1522.9277517709893,23.994957861883456,1525.7763653316222,0.88589,1.0,1.0033893363913207
SSU72,2,0.008189975577412353,10324.245019409853,20654.896676319506,9.218725547600854,20654.490038819706,0.346809425,1.0,1.0054904767005104
SSUH2,2,5.676247211429884e-7,32.76421108631626,67.86601396599347,4.112458644938316,71.52842217263252,0.971246175,1.0,1.001114813352987
SSX2IP,2,0.0017198269106479642,3271.275214403014,6548.989256289031,37.97711446793712,6548.550428806028,0.67113245,1.0,1.0066504391086895
ST20,2,0.0003684033011694272,2185.9757244983653,4384.533723931016,37.005933192885166,4377.9514489967305,0.737886,1.0,1.0024840308245258
ST3GAL1,3,0.00037238228894138984,1722.5602039658377,3447.9909227663657,34.70225355699822,3451.1204079316753,0.826002025,1.0,1.0065599572550896
ST3GAL2,2,0.00018134875841287752,1223.6801169427438,2450.521998226165,30.43120554708552,2453.3602338854876,0.860641775,1.0,1.0023566749107184
ST3GAL3,2,4.374903283016614e-6,355.9711928708401,715.0806459819182,15.656580858537977,717.9423857416803,0.91285905,1.0,1.0037236684271178
ST3GAL4,2,0.000583670271981093,1746.644545335445,3497.4116878836885,34.79027040111609,3499.28909067089,0.792708875,1.0,1.0031485595739515
ST3GAL5,2,0.0009161861860172186,2039.2924294521945,4082.164379301363,36.423320685758625,4084.584858904389,0.7870283,1.0,1.002599605698568
ST3GAL6-AS1,2,0.00013247803583182264,333.45487135031806,670.3990039659748,15.179718626698065,672.9097427006361,0.916179425,1.0,1.0027320611623143
ST3GAL6,2,0.00021931791036455705,1193.3520595364573,2391.5411614364875,29.766280964135316,2392.7041190729146,0.8254675,1.0,1.0031128920615244
ST5,2,1.740377695087236e-5,679.7402338504372,1362.7498589685192,22.48920815323978,1365.4804677008744,0.877289575,1.0,1.0030642649637433
ST6GAL1,2,2.086381552143102e-5,865.1221778752426,1733.3146613074737,25.610821692601494,1736.2443557504853,0.869050725,1.0,1.0020193939273843
ST6GALNAC2,3,0.0002902094131779634,1394.1134184351704,2793.085410807409,31.929053310903292,2794.226836870341,0.810107025,1.0,1.001782462378381
ST6GALNAC3,2,9.254500286571845e-5,287.9215994003847,579.0252755349115,13.94665466548472,581.8431988007694,0.92313075,1.0,1.0036379297263265
ST6GALNAC4,2,0.0007167954346460635,4434.583218329393,8873.923356364225,32.88454266600745,8875.166436658787,0.61562385,1.0,1.0038022619050557
ST6GALNAC5,2,0.0003019312580857454,465.1113829895404,933.5151040777573,18.36927387704103,936.2227659790808,0.908569125,1.0,1.0031542358676444
ST6GALNAC6,2,0.00014732727729261259,2447.3931070377344,4904.9010157943685,37.744862878204046,4900.786214075469,0.71968135,1.0,1.0040555510714457
ST7-AS1,2,6.957917392187942e-6,97.13605827033378,196.75185818121653,7.453313119006693,200.27211654066755,0.95580575,1.0,1.0056684911254252
ST7L,2,0.0003992076788169889,1445.3774345256463,2895.235653756574,32.36531899128326,2896.7548690512926,0.812974625,1.0,1.0061298829478926
ST7,2,0.00026280242544007593,1526.8137160852484,3057.251061927727,33.20340716636155,3059.627432170497,0.81034565,1.0,1.0042877673728823
ST8SIA5,2,3.19306548653735e-7,25.436204618321693,53.77096349943955,3.630211040622947,56.872409236643385,0.973498675,1.0,1.0032853349227862
ST8SIA6,2,4.606860775570917e-5,215.7778158618637,434.7866354162061,11.802716557072058,437.5556317237274,0.9330912,1.0,1.0030543748981755
STAC3,2,0.0002919132078217592,1452.4745904507595,2908.879819761556,32.494359917562996,2910.949180901519,0.81250005,1.0,1.0031014129412148
STAG1,2,0.0022529397943604032,4938.0722650573425,9880.713840642113,29.73675693962482,9882.144530114685,0.6058922,1.0,1.0058153394417806
STAG2,2,0.0017899324795929666,6059.050975563619,12122.752171228865,23.448098913618736,12124.101951127239,0.54299735,1.0,1.0031718920054695
STAG3,2,3.466295775714868e-5,632.3381965118683,1268.3608034175818,21.532591079885766,1270.6763930237366,0.881102325,1.0,1.0029358623906366
STAM2,2,0.0004583520357157903,1627.126026885402,3258.0947820539523,33.93741210814822,3260.252053770804,0.809337175,1.0,1.0075545135594415
STAMBPL1,2,0.00015559540553391343,1095.8735861829066,2195.5945462475775,28.61793236508572,2197.747172365813,0.8472958,1.0,1.0042554062036637
STAMBP,2,0.001978820005780083,4942.785034772677,9892.400058915635,29.746496426199183,9891.570069545354,0.5997818,1.0,1.004537084624374
STAM,2,0.0002267534106749117,2858.318048021739,5720.6815362558955,37.91615286826756,5722.636096043478,0.7503019,1.0,1.0047711894315055
STARD10,2,0.0023653660728776655,5262.703803423826,10534.731959299184,28.819129052570016,10531.407606847652,0.577484575,1.0,1.0043437450958
STARD13,2,4.10492899937948e-6,373.47106590544246,749.834455945884,16.10198571052454,752.9421318108849,0.91805135,1.0,1.002428814866875
STARD3NL,2,0.00044627241015828803,4449.793197320256,8904.994968397437,32.84833708677101,8905.586394640512,0.6257731,1.0,1.00499665984557
STARD3,2,0.000804291631936969,3608.072829759341,7222.2879857159,36.11671118539402,7222.145659518682,0.668235375,1.0,1.0045539057828679
STARD4-AS1,2,4.295443307430599e-6,78.97397318513043,160.5586087367888,6.626560982358195,163.94794637026087,0.958992375,1.0,1.0021511770717426
STARD4,2,0.00031682108622285954,2487.8771234819924,4988.5338846279865,38.04670578520634,4981.754246963985,0.719242225,1.0,1.004625251680608
STARD5,2,9.822602133059381e-6,564.5854988704889,1132.3302833633015,20.319289157009333,1135.1709977409778,0.888999525,1.0,1.002950836219507
STARD6,2,6.88526854158662e-5,254.89892984421633,513.3447741607811,12.997373750814992,515.7978596884327,0.926359275,1.0,1.0017115359116004
STARD7,2,0.0027948261061395267,5376.410276990168,10757.83934846013,27.59127908681467,10758.820553980337,0.5907884,1.0,1.0093938986029058
STARD8,2,4.295302139934442e-6,78.97397281033074,160.4383037871343,6.6259143911023815,163.94794562066147,0.959316225,1.0,1.0046758915784404
STARD9,2,4.007700409558583e-5,560.3643704479941,1124.730010296471,20.10318731072183,1126.7287408959883,0.888032375,1.0,1.0019333128637147
STAR,2,5.689533577465229e-7,32.76421461384644,67.8057985053267,4.1129495208213545,71.52842922769288,0.971440075,1.0,1.006470880972578
STAT1,2,0.001096008120795408,3381.037912032261,6772.63604451786,37.84008337370738,6768.075824064522,0.6665203,1.0,1.0027551974527922
STAT2,2,0.0004588898584731151,1503.3174484776152,3042.685267332036,32.855953207629426,3012.6348969552305,0.7866411,1.0,1.0025868688441963
STAT3,2,0.0009838052462276916,4596.180123700312,9213.867453345563,32.66225828968411,9198.360247400624,0.596259875,1.0,1.0053012849733243
STAT4,2,4.1174361852283745e-6,382.1311096630311,769.8977465350015,16.308998004641833,770.2622193260622,0.90694585,1.0,1.0022363937550496
STAT5B,2,5.688877357042775e-5,235.53870723074942,476.8153977111509,12.415910903935233,477.07741446149885,0.928402675,1.0,1.0027532278488447
STAT6,2,0.0005811918805328486,2011.0932661056822,4038.8227273169314,36.367207568010656,4028.1865322113645,0.7526465,1.0,1.0023513282756409
STAU1,2,0.0020090396084403083,7225.674107194745,14456.221387897234,15.890205887237952,14457.34821438949,0.480970575,1.0,1.0055455595266385
STAU2,3,0.00014070573954781999,2700.5164591963007,5406.165076943866,37.87985206062632,5407.0329183926015,0.74100805,1.0,1.005451930264944
STC1,2,5.684143256739332e-7,32.76421318271628,67.76657088655898,4.119565498426705,71.52842636543257,0.971705775,1.0,1.0034691723857074
STC2,2,0.001706792983279555,2564.1756577635256,5133.312986421792,38.76213170556531,5134.351315527051,0.731588725,1.0,1.0035781170913662
STEAP1B,2,3.8703819687789356e-5,200.66770842424557,404.27326735464294,11.317195034548282,407.33541684849115,0.93629795,1.0,1.0017850898144118
STEAP1,2,0.000607303565856826,2825.3836086116044,5655.298689418852,38.19857578899786,5656.767217223209,0.7133672,1.0,1.0049949981162087
STEAP2,2,0.0002737109583389414,1222.3377777524267,2449.115324552755,30.069736771310534,2450.6755555048535,0.827059925,1.0,1.003283855806472
STEAP3,2,0.0002153295257017791,2178.184016279043,4362.604849273171,36.975105562722696,4362.368032558086,0.749703925,1.0,1.004694239703989
STEAP4,2,1.7389961722688435e-6,53.420059826327574,109.51800665969078,5.325847794226389,112.84011965265515,0.9654463,1.0,1.0020927925340128
STIL,2,0.0004505879385117261,1078.832028603172,2162.6944954461387,28.163914173304807,2163.664057206344,0.8346815,1.0,1.0027625167892469
STIM1,2,0.0005342567588629289,1640.1888101139928,3287.14176608958,34.01131718703564,3286.3776202279855,0.785260375,1.0,1.0030161349745126
STIM2,2,0.0017474328741703,3893.2721924015073,7792.359241165221,35.654008436507624,7792.5443848030145,0.67687215,1.0,1.007342712855153
STIP1,2,0.004586922753522756,7455.031758309755,14914.822580600186,16.26172737481188,14916.06351661951,0.47206505,1.0,1.003547936551653
STK10,2,8.114834680554223e-5,1112.9137598696136,2229.034925421439,28.95188563874695,2231.8275197392272,0.846694075,1.0,1.0048602992567812
STK11,2,0.0015697204603411865,2769.9601333352994,5544.712530024068,37.996800946743924,5545.920266670599,0.72402245,1.0,1.0032884434879077
STK16,2,0.0010136601008984543,5020.045305337018,10044.884465115752,28.077301404915204,10046.090610674037,0.599646875,1.0,1.0032962658540727
STK17A,2,0.0008467710558947955,4419.789862386128,8843.866986310424,33.22517783279224,8845.579724772257,0.646707725,1.0,1.006480380633776
STK17B,2,0.00031813557711778107,1193.4032051930935,2391.231641923591,29.697824429485966,2392.806410386187,0.8348272,1.0,1.004470795510185
STK24,2,0.0006802096917630045,4225.0125241294645,8454.692301306639,34.16186251645138,8456.025048258929,0.6482883,1.0,1.0104675084063504
STK31,2,1.7386277074701594e-6,53.420058848053536,109.37377306651737,5.326897887110242,112.84011769610707,0.965507925,1.0,1.0031076678064803
STK32C,1,0.0006526990990886541,4281.943840106834,8568.64297254795,32.55265517211563,8569.887680213667,0.64287855,1.0,1.0045174289232688
STK33,2,9.192358892879268e-5,1293.051293076578,2592.8050863125914,31.076341446031467,2592.102586153156,0.816838575,1.0,1.0038060778993436
STK35,2,4.787214899401921e-5,1072.503398038665,2148.0744461427553,28.550259374014246,2151.00679607733,0.864189325,1.0,1.003286240998315
STK38L,2,0.00015151919475043886,2354.0935842509557,4712.3401463904875,37.490180431060374,4714.187168501911,0.761835375,1.0,1.0048167926669893
STK38,2,0.0004851594511928438,1773.9509433453359,3551.328197581534,35.01305922964756,3553.9018866906717,0.801237625,1.0,1.0036190999890138
STK39,2,0.0013706545325540707,3231.770087430154,6474.054159933971,38.66590959421902,6469.540174860308,0.6828189,1.0,1.0034181118615426
STK3,3,0.0005671148191568102,3305.683893594906,6616.5459371281295,37.28338137650852,6617.367787189812,0.693369775,1.0,1.0045503165867482
STK4-AS1,2,7.989345319401143e-6,103.03945899035912,208.91234811978188,7.708133990620027,212.07891798071824,0.953863375,1.0,1.0030410813605735
STK40,2,0.0002408940055278953,1248.8342642524108,2500.7118930456254,30.72792042977622,2503.6685285048216,0.86781075,1.0,1.0022454875303435
STK4,2,0.0006844872195958486,3560.5084039977896,7124.8530650275225,36.14950797526049,7127.016807995579,0.717193475,1.0,1.003041565064796
STMND1,2,5.699707303945091e-5,235.50102703084315,475.570238288032,12.416076219444282,477.0020540616863,0.928786075,1.0,1.001214472190819
STOML1,2,1.7160020554157123e-5,686.9128472090725,1377.2512753124752,22.62099378478086,1379.825694418145,0.8756908,1.0,1.0024524935498613
STOML2,2,0.007326897212745726,11301.113227236761,22609.15484768221,7.671453639514626,22608.226454473523,0.3383971,1.0,1.0149502699218076
STOM,2,0.00036734341429070445,1665.1003564901816,3340.684142966616,34.27357735852977,3336.2007129803633,0.78051815,1.0,1.005573200016954
STON1,2,4.930485822974106e-6,320.1951484806093,643.5799380628278,14.727745869559733,646.3902969612186,0.9178882,1.0,1.0015438083537413
STON2,2,6.575420366420125e-5,250.09432100997137,503.21881984178515,12.855455857178125,506.18864201994273,0.9293102,1.0,1.0020314499290974
STOX1,2,0.00026452348895074265,1597.2657694271707,3197.5260025515786,33.806066074640405,3200.5315388543413,0.825653425,1.0,1.0067738551856242
STOX2,2,9.980392840393698e-6,556.9116002304078,1116.7735436648854,20.163748800335796,1119.8232004608155,0.898127825,1.0,1.0029110691608036
STPG1,2,0.0001002175691685008,1266.9158773551278,2536.9425163309756,30.855214814445556,2539.8317547102556,0.85220045,1.0,1.0018140226182888
STPG2-AS1,2,5.112902103498378e-6,85.10702556653159,172.69708233583725,6.91411345645217,176.21405113306318,0.958558375,1.0,1.0016362942538026
STRA13,3,0.009813261110700435,10946.525285076816,30537.938719513884,13.597329911702582,21899.05057015363,0.3731406,1.0,1.0104942476380085
STRADA,3,6.272754232445742e-5,245.26645508685917,494.45147902035694,12.7105786892887,496.53291017371834,0.927684575,1.0,1.0024630433378312
STRADB,2,0.0001187848304082304,2288.330442991925,4590.238676504334,37.342304298592566,4582.66088598385,0.727176125,1.0,1.003089470228916
STRAP,2,0.003103378177524929,8320.33320034516,16666.00769305725,12.403936204853345,16646.66640069032,0.4060032,1.0,1.007536471735316
STRBP,2,0.0006973364910511188,3283.544245512074,6572.873956486689,37.336088344878696,6573.088491024148,0.678316475,1.0,1.0037247281593182
STRC,2,5.999271710526006e-6,91.16117253111169,186.2114385217992,7.187437818403479,188.32234506222338,0.955947025,1.0,1.0026374034047454
STRIP1,2,4.396748859091529e-5,1011.31749123287,2026.0183234831982,27.75405654970642,2028.63498246574,0.857662025,1.0,1.0023454723146044
STRIP2,2,6.2727766307305e-5,245.2664556815336,494.96529100344856,12.710465366274583,496.5329113630672,0.9272646,1.0,1.0025858626470672
STRN3,2,0.0018181631047125418,4711.831765947161,9428.484041937914,33.21400318532607,9429.663531894323,0.62307475,1.0,1.0057107788993274
STRN4,2,0.0002510495608908492,2739.4737363794416,5483.778178530912,37.96422896496956,5484.947472758883,0.731170725,1.0,1.0043314237229977
STRN,2,0.0002961614231333571,2563.0368767512705,5130.387381151698,37.890963268845965,5132.073753502541,0.74218975,1.0,1.0030457823471945
STS,2,2.8865593781434915e-6,66.42113521584056,138.03854216441866,6.0097073770442995,138.84227043168113,0.961728575,1.0,1.0037460000198881
STT3A,2,0.001905340696345971,4125.0113239544935,8263.258332559864,33.64488757173777,8256.022647908987,0.619686575,1.0,1.006267693701805
STT3B,2,0.000880293859368056,3546.615370668683,7101.944980702819,36.47280099638178,7099.230741337366,0.656957025,1.0,1.002492267044401
STUB1,2,0.005124419993957377,8787.52289383938,17581.755889122524,11.712120537454316,17581.04578767876,0.428615275,1.0,1.006506140360637
STX11,2,0.00014845513423756928,472.89568977173843,950.2234790141052,18.04533400076381,951.7913795434769,0.897511675,1.0,1.0018392561334617
STX12,2,0.00029340117159649606,3132.1299547887616,6268.246045540129,37.42785453443485,6270.259909577523,0.722372925,1.0,1.0041823573028181
STX17,2,0.0004290939013328164,2852.134364792046,5708.700970607537,38.06028382604771,5710.268729584092,0.726637175,1.0,1.0049042999738487
STX18-AS1,2,8.541669276923766e-5,278.59081379918285,560.1720906387313,13.683960475695752,563.1816275983657,0.928133325,1.0,1.003347642698442
STX18,2,0.00028720831505308963,2671.055393420629,5346.573984896935,38.01329095692617,5348.110786841258,0.736079525,1.0,1.0050840488846065
STX19,2,9.621574319302436e-5,292.557380211113,588.2079029956935,14.076267366881728,591.114760422226,0.92463875,1.0,1.0009734966896615
STX1A,2,0.00017109620725921988,1149.4018675802045,2302.7264819950437,29.280447945874386,2304.803735160409,0.83910015,1.0,1.003351485775791
STX1B,2,1.420492962439505e-5,131.63229874124553,266.1555152315417,8.871273868852544,269.26459748249107,0.9478571,1.0,1.0016880941264654
STX2,2,0.0009554315098680009,3348.78975047098,6702.7241711848965,37.41285989137112,6703.57950094196,0.68043155,1.0,1.006141108672361
STX3,2,0.00017719735487440444,2236.6872848262706,4477.830660318315,37.245221206078995,4479.374569652541,0.7524961,1.0,1.00251752637868
STX4,2,0.00028927651943412883,1539.9299284090553,3085.2388055587094,33.29448951295994,3085.8598568181105,0.798129,1.0,1.0069892860615115
STX5,2,0.0016045046646754892,4058.9446455170296,8121.156935327992,33.35491090802827,8123.889291034059,0.694555875,1.0,1.0088065899723189
STX6,2,0.0010737736065294737,2350.111100927739,4704.965288974593,37.54850033251101,4706.222201855478,0.7513091,1.0,1.0009476596553124
STX7,2,0.0015365699774689229,3909.9173458352197,7826.125155854259,35.1475619862347,7825.8346916704395,0.66514585,1.0,1.0109682149790413
STX8,2,0.0009076921033014192,4976.199594774449,9979.82688362842,27.777753265940635,9958.399189548898,0.562016125,1.0,1.0092270308799278
STXBP1,2,0.00042339938923588905,2494.819884467937,4999.970535268607,37.76323946260732,4995.639768935874,0.7394791,1.0,1.0041755566293322
STXBP3,2,0.0006214133710865792,3260.0895655725667,6524.645076571647,37.19756486151969,6526.179131145133,0.703257375,1.0,1.0070557334461645
STXBP4,3,4.5170955856460656e-5,945.323976409957,1894.681453809313,26.846935919703174,1896.647952819914,0.856264775,1.0,1.00480651179338
STXBP5,2,4.876275497561177e-6,324.7272363980035,652.795912506019,14.847663766770404,655.454472796007,0.9164654,1.0,1.0009397478455435
STYK1,2,1.3196190816661687e-5,560.2489505070859,1123.820937467317,20.314743997493995,1126.4979010141717,0.8921211,1.0,1.0060298986307725
STYXL1,2,0.0010957670558987302,2917.741864152896,5841.507910468521,37.87308286734847,5841.483728305792,0.700941975,1.0,1.0045540354442162
STYX,2,0.0010366973535831914,2834.6678270119187,5673.191311201937,37.8275205988554,5675.335654023837,0.743302475,1.0,1.0057619134629698
SUB1,2,0.016057250644941914,13866.4224435829,27737.610010899316,4.9091105548058085,27738.8448871658,0.264552275,1.0,1.0065918898670578
SUCLA2,2,0.0024557131096756175,3861.7396956957014,7736.6100391135105,35.01061217088841,7729.479391391403,0.6386221,1.0,1.0045509395879646
SUCLG1,2,0.003213633889843452,6931.777998279184,13933.802897973648,17.049133091045768,13869.555996558369,0.4606134,1.0,1.0031870273842103
SUCNR1,2,8.869795476433003e-7,39.839546151523315,82.0368891390804,4.551253386030021,85.67909230304663,0.969163275,1.0,1.0013496591269317
SUCO,2,0.0003149166007926519,2656.5140453816443,5317.925991415648,38.15083178161827,5319.028090763289,0.7207894,1.0,1.0019276609568333
SUDS3,2,0.0021643939061953494,7070.0438382795965,14146.999495354492,17.663414986853173,14146.087676559193,0.485965575,1.0,1.0034497803597853
SUFU,3,0.00019452480856728944,1196.1588427763077,2396.2587139880006,29.830237434076132,2398.3176855526153,0.833652425,1.0,1.0059867760503323
SUGCT,2,1.3072491588250348e-5,784.4896438480745,1586.7372642685534,24.34088850117388,1574.979287696149,0.85744065,1.0,1.0021579657056847
SUGP1,2,0.0001929537581144029,2764.1090972621487,5532.246799491964,37.91180718899395,5534.218194524297,0.742356625,1.0,1.0029654993451549
SUGT1,2,0.0024073986419917157,8441.379224609405,16887.537577309435,12.064003769736455,16888.75844921881,0.458508575,1.0,1.0024519161184675
SULF2,2,4.905147264941426e-5,697.7616755657023,1404.6899639649605,22.695222655340647,1401.5233511314045,0.867560425,1.0,1.004656011185736
SULT1A1,2,0.0006835371653983455,4415.218671198642,8836.778174448156,33.055253421505434,8836.437342397285,0.61299575,1.0,1.0014016412179234
SULT1A2,2,0.00024849342376517125,1301.0235607088048,2606.072054007173,30.97768478523044,2608.0471214176096,0.824898575,1.0,1.0039606147719744
SULT2B1,2,7.513715050433645e-5,2186.7092420667614,4379.172366349467,37.00486412813606,4379.418484133523,0.74938575,1.0,1.0057070979134592
SUMO1,2,0.008407620933718893,11498.905415131336,23010.44828442643,7.49878875774763,23003.81083026267,0.306940225,1.0,1.0024870536304697
SUMO2,3,0.01947564407676234,16618.259317112115,33247.35247118177,2.9089721117441436,33242.51863422423,0.2082738804229036,1.0,1.0177998197796794
SUMO4,2,1.718932086200992e-5,142.6987027273941,288.0846501236457,9.294081708221132,291.3974054547882,0.9468679,1.0,1.003660331439764
SUN1,2,0.0013625496821332152,4052.0049203037065,8130.246362872916,33.54491101730323,8110.009840607413,0.617970125,1.0,1.0077461339043807
SUN2,2,0.000714574769451338,1560.528131990723,3166.7617042567426,33.284155182253265,3127.056263981446,0.781623,1.0,1.003204645532684
SUN3,2,0.0006323842762889022,2262.83988193856,4530.52444358434,37.45872824392828,4531.67976387712,0.74298955,1.0,1.002001311299997
SUOX,2,0.00024461898287204156,1493.3423740269593,2989.886825707366,32.91186277977842,2992.6847480539186,0.82371695,1.0,1.0050046170616793
SUPT16H,2,0.007481403534299231,9677.954245802586,19362.99875135002,10.321674446359175,19361.908491605172,0.377453475,1.0,1.0078509590108646
SUPT20H,2,0.0003497968820670435,3184.2491496577736,6372.447049353664,37.36975900528506,6374.498299315547,0.7290203,1.0,1.0080886603063313
SUPT3H,2,0.00016068343923770614,2108.2524964193562,4221.378970767011,36.73223465472915,4222.5049928387125,0.753085125,1.0,1.0049127628605357
SUPT4H1,3,0.004805507915109803,9661.528283558482,19331.838202985684,9.992121252654568,19329.056567116964,0.40007865,1.0,1.0128788107927182
SUPT5H,2,0.002035210518950994,5100.928896299784,10209.043608865628,28.208850603290045,10207.857792599569,0.577714,1.0,1.0044025940568742
SUPT6H,2,0.0009212782178794448,4381.176409247909,8767.38604080749,33.53999006160334,8768.352818495818,0.627167175,1.0,1.0051152191347745
SUPT7L,2,0.0005205589425187976,2784.422723559764,5573.092724711566,37.9503847575345,5574.845447119528,0.73281165,1.0,1.0035338332883468
SUPV3L1,2,8.955533226874529e-5,2351.1453486366586,4706.601143652731,37.49835792986866,4708.290697273317,0.759262225,1.0,1.0050124637870501
SURF2,2,0.0015243297412164405,5985.77796289749,11976.642461523947,24.514433350965785,11977.55592579498,0.56280965,1.0,1.0122051742095501
SURF4,2,0.0016695574486076054,5922.119829607176,11850.567292477386,22.994798640283726,11850.239659214352,0.528450925,1.0,1.0042896651877362
SURF6,2,0.0016851172971342808,3999.6139515683362,8004.366208159973,34.63741767254528,8005.2279031366725,0.697187025,1.0,1.0038327405565173
SUSD1,2,6.424698582951017e-5,754.169218772675,1517.7795438269738,23.64664257685762,1514.33843754535,0.86147415,1.0,1.002207191528106
SUSD2,2,0.0005251081769437272,980.928990129302,1978.1512691535754,26.76636402327912,1967.857980258604,0.839634225,1.0,1.0052054694846204
SUSD3,2,0.0006105649885003424,2759.4635538376133,5524.002919016442,38.04353056053637,5524.927107675227,0.73764875,1.0,1.0078751076599324
SUSD4,2,6.958080991661521e-6,97.13605870469038,197.41777466654858,7.4527458735486825,200.27211740938077,0.95473715,1.0,1.0051109463276569
SUV39H1,2,0.00012166566394042486,852.457561099202,1709.2330290872721,25.164768005484497,1710.915122198404,0.85781885,1.0,1.0027512025299758
SUV39H2,2,0.0005040638263094689,2350.781953679434,4705.875541834915,37.70569821922136,4707.563907358868,0.74400305,1.0,1.0028992958770209
SUV420H1,2,0.0019096595539160124,3621.9976649129017,7248.32017427778,36.46739719454439,7249.995329825803,0.708154725,1.0,1.0149174410316677
SUV420H2,2,0.00024782623455217644,1674.3944702174472,3351.6515457840674,34.4436033257322,3354.7889404348944,0.845014225,1.0,1.0026694708915993
SUZ12,2,0.002422524116979876,5062.2915102757115,10129.162685933958,29.842137143517718,10130.583020551423,0.598513825,1.0,1.0077835586340835
SV2A,2,8.873192506693524e-7,39.838604457827756,81.95123616988168,4.549702868995228,85.67720891565551,0.969520125,1.0,1.0030021668131452
SVEP1,2,5.680665104626138e-7,32.7642122592669,67.71878556298753,4.11247260414463,71.5284245185338,0.9717581,1.0,1.0031864288420382
SVIL,2,0.0004987178226819676,3080.034152327753,6164.600124390521,37.87406929868739,6166.068304655506,0.72167325,1.0,1.0023860260528257
SVOP,2,1.7386959828634917e-6,53.420059029324705,109.2239395690841,5.32867512393402,112.84011805864941,0.965569075,1.0,1.0034247033450183
SWAP70,2,0.00018762188864455482,2262.9863327890075,4530.615948471919,37.28470582045656,4531.972665578015,0.76322335,1.0,1.0026912130238528
SWI5,2,0.0019262538756590238,5271.160661575322,10547.229317516329,27.132440262925993,10548.321323150643,0.599891375,1.0,1.0044646322921
SWSAP1,2,0.0007227535973582003,2137.519002054706,4277.9979702312985,36.88944822448519,4281.038004109412,0.81362445,1.0,1.0037367938738122
SWT1,2,3.4549428379637485e-5,872.1957492402928,1747.5121937856952,25.66442991498979,1750.3914984805856,0.86411945,1.0,1.0034322009130079
SYAP1,2,0.0018043646616432627,7579.005061323266,15164.268897744218,14.649810965819304,15164.010122646532,0.4909921,1.0,1.0068052761952426
SYBU,3,8.099979694138234e-5,1124.69195361512,2252.3520149242554,29.104319087482533,2255.38390723024,0.85230175,1.0,1.0042892008881426
SYCE2,2,0.00011564333401845481,315.4548635071673,634.3500680159423,14.701641210489049,636.9097270143346,0.918559225,1.0,1.0020561160599768
SYCP2L,2,8.748916581045707e-6,609.8898072654439,1224.9759211529229,21.22616769892387,1225.7796145308878,0.8795859,1.0,1.0029362980957297
SYCP2,2,9.005904775880356e-7,39.83958228854232,82.73898421976065,4.545472189329161,85.67916457708463,0.969090075,1.0,1.003105965894966
SYCP3,2,2.2201107654188633e-5,158.96178237376853,320.67679657295906,9.891447038264085,323.92356474753706,0.945275175,1.0,1.0019122654717485
SYDE1,2,1.2952106079375233e-5,453.53529914913366,910.32748178698,17.928065529879728,913.0705982982673,0.905254975,1.0,1.002716203330771
SYDE2,2,0.00010664447731008014,781.3948145270492,1567.0307054111286,24.029546466259024,1568.7896290540984,0.86625165,1.0,1.0017424487867934
SYF2,2,0.0070398874611595896,9737.305372229725,19479.573452701192,9.922378344057499,19480.61074445945,0.39815045,1.0,1.0036509036353
SYK,2,8.22024129990173e-5,956.7281701099284,1918.5687989280225,26.81059241667102,1919.4563402198569,0.84463215,1.0,1.0016555728959657
SYMPK,2,0.0001250256987649468,2478.8357470935543,4962.602919364045,37.748833485014174,4963.671494187109,0.759253325,1.0,1.0022436545385114
SYN1,2,5.118574559869212e-6,85.10930584106269,174.19409852795997,6.912083289863361,176.21861168212538,0.9572286,1.0,1.0031817900218758
SYNCRIP,2,0.00409781431705556,7602.93940857285,15211.071351513996,16.959741025983153,15211.8788171457,0.465841275,1.0,1.005367933246072
SYNC,2,4.819086030209045e-5,694.1695543520023,1392.1316843386564,22.63720964115133,1394.3391087040045,0.87695985,1.0,1.00236538360388
SYNE1,2,1.3930069631652365e-5,764.0044831374097,1531.09146033678,23.995697132215643,1534.0089662748194,0.874776,1.0,1.0023320207516302
SYNE2,2,0.004256514040885658,4724.193464176292,9453.148737151416,33.97528805611225,9454.386928352584,0.5995427,1.0,1.0047669759615412
SYNE3,2,1.4204298602122693e-5,131.6322970658814,265.9939044541171,8.871402730962645,269.2645941317628,0.948416,1.0,1.0025201732139402
SYNE4,2,0.0018499659573194254,6236.686554947462,12478.538600559206,22.133116618337624,12479.373109894925,0.55851205,1.0,1.0052127234127408
SYNGR1,2,0.0016666472074772943,3915.8832632818467,7842.740027956949,35.16896480372838,7837.766526563693,0.6323012,1.0,1.0026417626694493
SYNGR2,3,0.004130725404171149,8540.525139646174,17152.927668757144,12.39551433409532,17087.050279292347,0.413746925,1.0,1.0061319103757236
SYNGR3,2,0.00021282842823729814,1414.59170706159,2832.935558897706,32.19086520776816,2835.18341412318,0.81820715,1.0,1.0023847015536023
SYNGR4,2,2.2201393285135066e-5,158.96178313211868,321.4861570223914,9.890366107291433,323.92356626423737,0.94235945,1.0,1.0032722590102572
SYNJ1,2,1.634879135819993e-5,368.57971365200814,740.7786136299247,15.902471799419178,743.1594273040163,0.9120449,1.0,1.0042488599217199
SYNJ2BP,2,0.0012226332121212167,3577.2513461779376,7159.65732344063,36.755215531242804,7160.502692355875,0.6727232,1.0,1.0038302364041982
SYNJ2,2,2.6661340895555055e-6,493.93018413269476,990.7778469409725,18.909009214696216,993.8603682653895,0.903096375,1.0,1.0026711235690315
SYNM,2,1.8890103881262245e-5,571.6593454769816,1146.627081635279,20.548133758604397,1149.3186909539631,0.891770175,1.0,1.0017795635849471
SYNPO2L,2,2.2722408493484718e-6,59.98324798585088,122.43278630891092,5.67969033696201,125.96649597170176,0.96388215,1.0,1.0034000793558628
SYNPO2,2,1.1504418749398895e-5,120.36555763991956,243.37942444009119,8.42667035275347,246.73111527983912,0.950654625,1.0,1.0025641544288129
SYNPO,2,2.1006693841954274e-5,575.4757920991337,1154.3171591442454,20.62518258423954,1156.9515841982675,0.889770025,1.0,1.0023468567484248
SYNRG,2,0.0011973560322014406,3750.323082099623,7505.5920227254255,35.84129107532427,7506.646164199246,0.69348615,1.0,1.001388521814177
SYPL1,2,0.0012181472022723793,6428.624332359386,12870.429500525588,18.99544641243793,12863.248664718772,0.50175145,1.0,1.0104889821011436
SYP,2,1.0726495606186455e-5,529.7592101201016,1062.614927043802,19.597281740095863,1065.518420240203,0.8948907,1.0,1.0025712050804585
SYS1,2,0.00035713236673749445,2778.502735748403,5560.379976484309,37.86617052359946,5563.005471496806,0.76060365,1.0,1.003369406319702
SYT11,2,8.875921763637626e-7,39.83954777805256,82.55551324498761,4.547251802514201,85.67909555610512,0.9690565,1.0,1.0018054314561236
SYT12,2,0.00026373330576968755,440.5779839665558,884.4950036572233,17.810868299567627,887.1559679331116,0.90703775,1.0,1.0034508296123905
SYT13,2,4.98372377353604e-5,867.7000918913737,1738.6101409889575,25.71373829130355,1741.4001837827475,0.87606605,1.0,1.0045852627276675
SYT15,2,7.17545383383208e-5,862.7693221304515,1729.211408529768,25.416341973807956,1731.538644260903,0.863621225,1.0,1.0021403999104719
SYT17,2,0.0006658423617350125,1864.018540815529,3731.5472568956557,35.533982121253075,3734.037081631058,0.8030017,1.0,1.003815476362311
SYT1,2,0.007771823275488223,10942.868832909024,21891.489574766336,8.237027554452812,21891.737665818047,0.394471125,1.0,1.001842126473143
SYT3,2,0.00011974395392922254,319.9804377391166,643.47194567178,14.822615631564778,645.9608754782332,0.917781375,1.0,1.0036611359783625
SYT5,2,3.3283927649164737e-6,437.074285811756,877.2312425965875,17.626360373487692,880.148571623512,0.903161125,1.0,1.00397114409265
SYT7,2,0.00047957699712302955,1534.10696358654,3073.193304218102,33.50864805879435,3074.21392717308,0.812262075,1.0,1.0074477034411102
SYTL1,2,0.0011645911677547632,4684.271536692092,9443.105647226983,31.658094003563974,9374.543073384184,0.573363375,1.0,1.0029280438993606
SYTL2,2,9.625066372695489e-5,292.54758275950246,588.3864863369635,14.075833928335353,591.0951655190049,0.9223218,1.0,1.0021078758580242
SYTL3,2,0.0011914836699027716,3552.6233342466335,7109.9568825611095,38.730361902114424,7111.246668493267,0.664371225,1.0,1.0054799681961144
SYTL4,2,1.4424747588606312e-5,753.678602821029,1511.9703190142222,23.815335529619468,1513.357205642058,0.865581275,1.0,1.0019836236903499
SYVN1,2,0.0001921602989354724,1565.5387133515583,3134.184275563315,33.60409863484605,3137.0774267031165,0.8304198,1.0,1.0027928609374595
SZRD1,2,0.003269617666185024,5409.621989952872,10828.473258381404,26.25971297934524,10825.243979905745,0.558923475,1.0,1.0041496785106698
SZT2,2,0.00021601510815959522,728.0327738302475,1459.6589616940403,23.51030560869042,1462.065547660495,0.87995205,1.0,1.0028632063272649
TAB1,2,8.169979333061629e-5,1273.0025448041736,2549.2044248417615,30.8855519460604,2552.005089608347,0.84334555,1.0,1.0071330008747321
TAB2,2,0.0008857562543002249,1975.8690448078003,3955.944579074496,36.11477486130308,3957.7380896156005,0.78060235,1.0,1.0053639565309158
TAB3,2,0.00011172159426632842,916.0801302045053,1836.4513688078828,26.465772678329607,1838.1602604090106,0.85658455,1.0,1.0050172998191667
TAC3,2,9.089341338650349e-6,108.87613676387063,220.41173384398093,7.955711197195529,223.75227352774127,0.9527573,1.0,1.002994043909537
TACC1,2,0.0011472737268604072,3520.9772603354095,7046.831959062546,36.7995682258095,7047.954520670819,0.68095365,1.0,1.0033266876318954
TACC2,3,0.0005416071958073479,1708.3140955733163,3420.5778073289252,34.53271973373987,3422.6281911466326,0.798469375,1.0,1.0025228309289778
TACC3,2,0.003196142772353105,3067.584545966088,6141.572582180898,40.4414820989213,6141.169091932176,0.7102952,1.0,1.0010666451954524
TACO1,3,0.0021365808987312213,4240.666653601827,8486.199524185657,32.85519247264482,8487.333307203655,0.6628804,1.0,1.007152102612047
TACR2,2,1.7398559342100609e-6,53.42006210899553,110.01517811114832,5.326308610630421,112.84012421799106,0.9651903,1.0,1.0037432790687428
TACSTD2,2,0.0008224131071223951,1012.7312114035163,2030.9973721670112,25.910843120594855,2031.4624228070327,0.852568975,1.0,1.0049581274905388
TADA1,2,0.0002606337538257577,1449.5436360757649,2902.3444763002326,32.48742281502802,2905.0872721515298,0.837760375,1.0,1.0042067542570574
TADA2A,2,0.0003834262393207767,1628.7286390033912,3260.9018663160714,33.982186994496445,3263.4572780067824,0.8132812,1.0,1.0031799286703784
TADA2B,2,3.614226833078389e-5,609.9455502129013,1223.6414177427316,21.0985763417648,1225.8911004258025,0.8844826,1.0,1.0012613978783091
TADA3,2,0.0032686601050446844,6915.112439766925,13843.71027612018,17.236935876388664,13836.22487953385,0.49889655,1.0,1.0149646879211154
TAF11,2,0.0027344600659043377,5572.675358454576,11151.024216297266,26.383294527448935,11151.350716909152,0.61111385,1.0,1.0073802124393412
TAF12,2,0.0036230586686083156,8007.950615563117,16021.181424733115,13.119852567504465,16021.901231126234,0.48727135,1.0,1.0099485359619114
TAF13,2,0.001005362010775436,2091.3335064039,4186.22287682944,36.64078482323304,4188.6670128078,0.790369125,1.0,1.007807109333968
TAF15,2,0.0025158327434222196,5564.005045551766,11664.795313376131,28.45320720929913,11134.010091103532,0.538481875,1.0,1.0036209678519583
TAF1A,2,0.0003822657988024199,1131.0740012002875,2266.943244026227,28.882435671319726,2268.148002400575,0.8311522,1.0,1.002224039529852
TAF1B,2,0.00019977545148499941,2787.1678571991315,5577.9266185501165,37.89737343774677,5580.335714398263,0.756573325,1.0,1.006378566755944
TAF1C,2,0.0012196721037973507,1960.6712871412317,3932.958008027079,36.00398927060852,3927.3425742824634,0.754944425,1.0,1.0020956874877314
TAF1D,2,0.007700364341881165,10907.78501908704,21821.363695860375,8.264124229865708,21821.57003817408,0.340163875,1.0,1.0050893185790986
TAF1L,2,5.696165285817715e-7,32.76421637456501,68.496130552498,4.1063104363749865,71.52843274913002,0.971107,1.0,1.0027497147581939
TAF1,2,0.0005352206487270353,1983.3814612858073,3970.394506323722,36.319421884320455,3972.7629225716146,0.798310475,1.0,1.0023956002323122
TAF2,3,0.0014554250574086614,3613.9980929889803,7234.362937861322,36.80155105177933,7233.9961859779605,0.657167675,1.0,1.00743093868689
TAF3,2,0.0006334877766764724,3296.4008393906383,6597.60053830006,37.51131141746889,6598.801678781277,0.7148044,1.0,1.0056437457294831
TAF4B,2,0.0002100355432191983,1422.3312566085378,2847.9623259213568,32.26864394544102,2850.6625132170757,0.8254464,1.0,1.0039655610138802
TAF4,2,2.1243921992929655e-5,725.2330769928355,1453.6305068689642,23.38595241856984,1456.466153985671,0.883102775,1.0,1.0025330649163797
TAF5L,2,0.00016663082618828044,1044.2698528000208,2092.7245470401526,27.919165051951968,2094.5397056000415,0.844764675,1.0,1.0035025035204697
TAF5,3,0.0002662130270974121,1170.1384728348314,2344.649795452979,29.455172089758584,2346.276945669663,0.8312041,1.0,1.0029011013438036
TAF6L,2,0.00051254435305435,1949.093157821907,3901.37472952874,36.07257479902879,3904.186315643814,0.801682175,1.0,1.003158081190661
TAF6,2,0.0013093782804891503,3785.995462638093,7601.5435320471815,35.63027117853994,7577.990925276186,0.62573905,1.0,1.0061917694996816
TAF7,2,0.001963031128624983,7110.397886963809,14225.661393612507,17.376188385431636,14226.795773927617,0.516914675,1.0,1.0078605093053599
TAF8,2,0.000593956955329955,1847.0903716707016,3697.4279624262613,35.44574429257587,3700.1807433414033,0.8133433,1.0,1.0022071049455714
TAGLN3,2,5.802308184822246e-8,0.00015405128230703064,14.280031378204832,1.1441223993092332e-14,6.000308102564614,0.9813599,1.0,1.0031126434152773
TAGLN,2,0.00022813340920843324,415.62564660221017,836.194431504128,17.226426435122743,837.2512932044203,0.90276685,1.0,1.0029658436019513
TAL2,2,2.8744690054721098e-6,66.42110311590113,135.28674884494566,6.011743946612097,138.84220623180227,0.96239415,1.0,1.002279735909138
TAMM41,2,0.0003058776614691644,1647.1710715579327,3297.840111855694,34.18303512623354,3300.3421431158654,0.8063862,1.0,1.0072092435481306
TANC1,2,0.00013304998215995161,1204.1670438837627,2411.63183802269,29.993354577415175,2414.3340877675255,0.8434842,1.0,1.003464803171703
TANC2,3,0.00040294359120756593,1882.082055691096,3767.2909580293367,35.75829672689492,3770.164111382192,0.818287225,1.0,1.0019154268858115
TANGO2,2,0.00016438969874146015,1392.428327296555,2788.984257676645,32.02002037122448,2790.85665459311,0.815211825,1.0,1.0027443097707398
TANGO6,2,0.00010079334460599978,1125.1365941630609,2253.5843185728877,29.07147891463728,2256.2731883261217,0.845306,1.0,1.0028494937353374
TANK,2,0.015171172787905926,8533.513115589607,17073.939339404795,17.327266394011183,17073.026231179214,0.45868055,1.0,1.000894538073936
TAOK1,2,0.0011534808801578556,3550.8337656840745,7106.110601563991,36.319110254779154,7107.667531368149,0.724699675,1.0,1.0057513589748746
TAOK2,2,0.0003327822932586203,1515.124813125204,3034.041578103842,33.049927236235916,3036.249626250408,0.81009095,1.0,1.0055577041528165
TAOK3,2,0.001054679040539815,3833.035827876687,7669.906206298775,34.8353791290857,7672.071655753374,0.7006973,1.0,1.0115138860195523
TAPBPL,2,3.28234641344916e-7,25.436228322407786,53.33368853722045,3.6381680745965044,56.87245664481557,0.973480525,1.0,1.0069347494271066
TAPT1,2,4.366372428886967e-5,956.0786560128925,1915.7581402104054,26.898119373354753,1918.157312025785,0.85352855,1.0,1.0039684915531322
TARBP2,2,0.0008556301385888181,3619.5662800983278,7244.123562182919,36.0838592217277,7245.1325601966555,0.698113825,1.0,1.0031058837023878
TARDBP,2,0.0008328465814127303,4666.8682302595325,9338.352357310227,31.503428671466207,9339.736460519065,0.61862645,1.0,1.0057838252528022
TARS2,2,0.00043031813152999133,1358.2242258170352,2720.0361063956743,31.90958637242122,2722.4484516340704,0.841130825,1.0,1.003687219496778
TARSL2,2,0.002844196027350907,3888.338518551809,7784.178499584176,35.04051602641469,7782.677037103618,0.665059625,1.0,1.0069901497012623
TARS,2,0.004376460390381291,7025.018450872555,14055.948839636018,17.436373395254112,14056.03690174511,0.528045825,1.0,1.0103519120259579
TAS2R10,2,3.193057172903179e-7,25.436204616114424,53.03313624107789,3.6427543390053,56.87240923222885,0.97387,1.0,1.000910776848448
TAS2R14,2,0.0001076568895694142,306.350766647523,616.0107237090077,14.455209839617957,618.701533295046,0.920963875,1.0,1.0019516898806338
TAS2R19,2,5.750585144018604e-7,32.76423082303736,67.82002757108279,4.114260790180278,71.52846164607472,0.97143815,1.0,1.0016863386837598
TASP1,2,0.0012667353068180883,2379.8416624544916,4768.79527284946,37.66421258288571,4765.683324908983,0.7503633,1.0,1.0042636178939746
TATDN1,3,0.004145544416589408,10417.682101518967,20842.810146472963,9.011743251742026,20841.364203037934,0.350466,1.0,1.006901190580154
TATDN2,2,1.4079543865679958e-5,760.5687495219987,1524.5110651338118,23.935982303153438,1527.1374990439974,0.871819175,1.0,1.0045185132332282
TATDN3,2,0.00017298147737319138,2988.244830668511,5980.166480589023,37.605985898077506,5982.489661337022,0.745411275,1.0,1.0022422157797104
TAT,2,5.691652668140007e-7,32.763461241349816,68.899888118055,4.107965749219896,71.52692248269963,0.971020625,1.0,1.0029633581586082
TAX1BP1,2,0.007010074742696944,8153.603178317082,16314.798788724649,13.20565088426008,16313.206356634164,0.4458891,1.0,1.0095724254765976
TAZ,2,0.00024554163716917983,1213.616939998363,2435.2039202479114,29.979124251290237,2433.233879996726,0.817727025,1.0,1.0054776039736124
TBATA,2,2.874454854122126e-6,66.4211030783293,136.23426451408025,6.010094623419963,138.8422061566586,0.961885875,1.0,1.0017641130565909
TBC1D10A,2,0.0008948184047410293,1866.1069809581998,3736.4877759196993,35.51815789677953,3738.2139619163995,0.804877675,1.0,1.003076221625489
TBC1D10B,2,0.00017730463036205645,2458.429565771149,4921.244940422649,37.73081943243687,4922.859131542298,0.761353475,1.0,1.003274043571229
TBC1D10C,2,2.6278499393794805e-9,6.97694158905252e-6,4.440296008617178,8.090167070589817e-15,6.000013953883178,0.981753175,1.0,1.0064386326428585
TBC1D12,2,0.0006836085359666433,2081.222324222537,4165.418923717468,36.66858955128063,4168.444648445074,0.8069422,1.0,1.0025994554713906
TBC1D13,2,8.224416087345697e-5,979.7807811805856,1963.1872375099376,27.356655624287313,1965.5615623611711,0.85613075,1.0,1.00761079547595
TBC1D14,2,0.00046933405648279583,1738.5118542560779,3480.57506768621,34.77206104757368,3483.0237085121557,0.805964325,1.0,1.0013143528847424
TBC1D15,2,0.0001578406354123225,2567.419311730765,5139.522675502457,37.867754924173,5140.83862346153,0.7404727,1.0,1.0052128492415664
TBC1D16,3,0.0001963208783501555,1471.8125976970357,2948.06573402396,32.76109804375684,2949.6251953940714,0.808961925,1.0,1.0048981981424903
TBC1D17,2,0.0004942544881270483,3130.950506409197,6266.441426793899,37.50475822338648,6267.901012818394,0.719581675,1.0,1.0036416889704316
TBC1D19,2,0.0031823948002790703,4315.55666460496,8636.260811945667,36.76705895588053,8637.11332920992,0.625008175,1.0,1.0053383148125647
TBC1D1,2,0.000646822622395764,2035.4199503515808,4076.574528884897,36.404262215972764,4076.8399007031617,0.760874475,1.0,1.0023602021892983
TBC1D20,2,0.0002018346908116686,2752.7725563337954,5509.446293756862,37.927846884439944,5511.545112667591,0.7474775,1.0,1.001934644447769
TBC1D22A,2,0.00011646080785423494,2382.5261992596525,4768.93915427889,37.54780257892968,4771.052398519305,0.758673625,1.0,1.0046864663741306
TBC1D22B,2,4.6568790575990413e-5,924.3049149865292,1851.7823589337559,26.421385871770745,1854.6098299730584,0.86063995,1.0,1.0044523127933092
TBC1D23,2,0.0007079377313682373,2100.257599186144,4203.825730311035,36.73958078393146,4206.515198372288,0.7939068,1.0,1.0032068169501753
TBC1D24,2,0.0004480436737995184,544.1909983449027,1091.836779964672,20.07531535490457,1094.3819966898054,0.897519125,1.0,1.00255830012094
TBC1D25,2,0.0002059630309886334,1559.2829426894268,3121.8325346747756,33.60756148645377,3124.5658853788536,0.833692175,1.0,1.0026637848563527
TBC1D2B,2,8.45288339188672e-5,934.4331299862379,1872.7830679383178,26.481318523023504,1874.8662599724757,0.850486275,1.0,1.0028755411184456
TBC1D2,2,5.4547211063994507e-5,1129.2792549478336,2261.74823658259,29.255528874109626,2264.558509895667,0.854061025,1.0,1.003801378003003
TBC1D30,2,0.00015872045443744023,1410.8034563971457,2824.446415176754,32.2081994008808,2827.6069127942915,0.84835375,1.0,1.0053542787856964
TBC1D31,3,0.00048328671992798646,1218.8612362889899,2442.702412204235,29.913159693661946,2443.7224725779797,0.82083085,1.0,1.0014217548232895
TBC1D32,2,6.884705940224986e-5,1194.0359912575193,2404.3984229730695,29.979871862723314,2394.0719825150386,0.817125475,1.0,1.002782842142567
TBC1D4,2,0.00019771089287819865,2165.304151548205,4335.1439892352,36.933612463918884,4336.60830309641,0.7636955,1.0,1.0055196208118573
TBC1D5,2,0.0003618441989613468,1792.729880369009,3591.0201367218788,35.20039520176781,3591.459760738018,0.784076,1.0,1.0023167655997203
TBC1D7,2,0.00014723224263852385,2533.7341463438133,5072.1904244902535,37.83726223350221,5073.468292687627,0.74436245,1.0,1.0062662069050887
TBC1D8B,2,0.000177783191472031,1238.9260327907136,2482.436627973549,30.344268907286242,2483.8520655814273,0.8227129,1.0,1.0023038454278714
TBC1D8,2,0.0007406013120115113,1771.6888383227044,3548.029377147394,34.92813148740403,3549.377676645409,0.78783065,1.0,1.003729458024108
TBC1D9,2,0.0001579384162758713,696.3702540650626,1396.3899389784474,22.942760685442124,1398.7405081301251,0.881039275,1.0,1.002801460344914
TBCA,2,0.014235105389722946,14389.184905773458,28787.883911248253,4.490098146969893,28784.369811546916,0.238760125,1.0,1.0118436309623327
TBCCD1,2,5.676001729505033e-5,957.9412805763045,1919.1026658992348,27.035737383548074,1921.882561152609,0.8693271,1.0,1.003742121282585
TBCC,2,0.0005140079487854764,4407.635077093647,8819.197315769712,31.43609123201354,8821.270154187294,0.706530675,1.0,1.0040115386401842
TBCEL,2,1.2822592777272221e-5,791.2696890255329,1585.712011052595,24.46236883547308,1588.5393780510658,0.874935575,1.0,1.0032844205873523
TBCE,2,0.0007814877971326742,2031.276867751006,4066.8656777405336,36.409276442566295,4068.553735502012,0.778673075,1.0,1.0040162762435036
TBCK,2,0.0005291238334640067,1501.034938899402,3007.6217772366235,32.83288262812827,3008.069877798804,0.799218725,1.0,1.002569077676837
TBK1,2,0.00022440097268712166,2442.8021428385387,4889.537926865014,37.67636719494746,4891.604285677077,0.7641699,1.0,1.0083930112933082
TBKBP1,3,1.181323159557108e-5,704.1442045819953,1412.192613829837,23.007235081543257,1414.2884091639905,0.87401675,1.0,1.0052345930771167
TBL1XR1,2,0.0031346363994821636,5312.960169137921,10630.716310902571,28.500796489789607,10631.920338275842,0.614992775,1.0,1.0076526907088312
TBL1X,2,0.0003344761973201808,2775.0173127698044,5554.6555964513955,38.21015315054523,5556.034625539609,0.721644025,1.0,1.001382301062149
TBL2,2,0.0009077555944270513,3487.023150263178,6978.986034024653,37.03603594461857,6980.046300526356,0.694912675,1.0,1.0024055260105698
TBL3,2,0.0003403688947620965,3274.1467859576737,6552.499861936829,36.96224463999549,6554.2935719153475,0.715919,1.0,1.0043953003191974
TBPL1,2,0.0011779094013024103,3802.1370924125213,7609.040272740313,35.462558777403736,7610.2741848250425,0.711855325,1.0,1.0062764942848157
TBP,2,0.0004307624199155664,1798.718934414138,3600.4239771761927,35.20199828609635,3603.437868828276,0.8169844,1.0,1.0016521276461376
TBRG1,2,0.0008073315570353366,4228.815062400151,8483.9291392269,35.219498871882394,8463.630124800302,0.61584785,1.0,1.010565607065205
TBRG4,2,0.0009247504259044519,4986.502997277188,9977.609198705963,27.841952603470887,9979.005994554376,0.63053845,1.0,1.0011352106799343
TBX18,2,0.00017130459151415208,762.8326484349162,1529.9845302469291,23.624727104503602,1531.6652968698324,0.86675745,1.0,1.003235788143012
TBX19,2,4.5838841758627615e-5,497.12422449612285,998.4851456379643,18.764619178118167,1000.2484489922457,0.894536575,1.0,1.0011249520335304
TBX1,2,1.6261532916282195e-5,708.2604335617325,1419.8033964906197,23.00959467138315,1422.520867123465,0.875456075,1.0,1.0023615492744264
TBX2,3,9.088637730518313e-6,108.87613489579104,220.59887082792835,7.955118837123348,223.75226979158208,0.9524255,1.0,1.0015885130293056
TBX3,2,0.0005128131436279034,1599.9151505057084,3203.827681829934,33.6993612860094,3205.830301011417,0.8254853,1.0,1.001851591436189
TBX5,2,5.676466599531177e-7,32.764211144563795,67.76722426925834,4.119908117573248,71.52842228912759,0.971649425,1.0,1.0061150449266936
TBX6,2,1.8788886482529328e-5,148.16261740349296,299.26248635701785,9.497137513944276,302.3252348069859,0.94466845,1.0,1.0039362037737205
TBXA2R,2,1.708402190568069e-5,686.8845601799899,1376.7528194190875,22.621539040725935,1379.7691203599798,0.883558375,1.0,1.0040124827947101
TBXAS1,2,4.922383896575625e-5,612.9687986364027,1244.2967190314375,21.366876351361576,1231.9375972728053,0.8761024,1.0,1.0028422433959263
TC2N,2,2.124401704985334e-5,725.2330772452117,1454.0146434662934,23.387093440584838,1456.4661544904234,0.875353225,1.0,1.0027142984806334
TCAIM,2,0.0007079686238629533,2057.936984798909,4119.047584558063,36.55397906322145,4121.873969597818,0.79575625,1.0,1.0050089964531446
TCAP,2,7.98963401170338e-6,103.03945975683718,209.56346113831583,7.707931902851577,212.07891951367435,0.95340555,1.0,1.0036006677963758
TCEA1,2,0.00680501911552861,9691.65887784321,19389.44198629227,10.20045329901723,19389.31775568642,0.380649625,1.0,1.0057023434429988
TCEA2,2,0.000791847746403063,4543.99083498957,9115.141358520636,32.05777263774171,9093.98166997914,0.58430035,1.0,1.002822087497661
TCEA3,2,0.0007847799306171458,1885.4366717063338,3777.365691011637,35.62802757551648,3776.8733434126675,0.769137,1.0,1.0040137421061224
TCEAL2,2,5.711804443586527e-7,32.76422052676139,70.41725100353524,4.10594778618688,71.52844105352278,0.97092445,1.0,1.0015402893338587
TCEAL3,2,3.2017730315155136e-7,25.436206930174883,61.925180013272616,3.619256424735406,56.872413860349766,0.9729721,1.0,1.0022564644508496
TCEAL4,2,0.0029266157815666712,7534.85953446665,15075.162747050485,14.56122527725354,15075.7190689333,0.489125425,1.0,1.0095270690192735
TCEAL7,2,4.297429818850188e-6,78.97397845931825,160.649596863949,6.626086931432976,163.9479569186365,0.95902715,1.0,1.0018925478817104
TCEAL8,2,0.0046957780932930775,8019.129000252798,16042.841908855375,12.916470692023578,16044.258000505595,0.481758875,1.0,1.008661764242104
TCEANC2,2,4.674256874388548e-5,864.4334843732304,1732.1260656073055,25.662062844395983,1734.8669687464608,0.8736531,1.0,1.002085763814267
TCEANC,2,9.254404856316869e-5,287.92159686671147,578.8438965398939,13.94707962001784,581.8431937334229,0.92979615,1.0,1.0038381111052033
TCEB1,3,0.013360889563218133,12082.869895802272,24176.231456282454,6.872944304302646,24171.739791604545,0.315431275,1.0,1.0072280772789195
TCEB3,2,0.0008162639232371098,3268.62893192668,6541.614936299847,37.45731734498171,6543.25786385336,0.71311485,1.0,1.0038209828848652
TCERG1L-AS1,1,2.401476043236877e-5,164.30051653999809,331.44660686967313,10.081651043763376,334.60103307999617,0.942693525,1.0,1.0020156842576096
TCERG1,2,0.0032764004673493984,5180.860639274592,10366.807905691348,30.255796676772174,10367.721278549185,0.6097367,1.0,1.0052840718338736
TCF12,2,0.00044074909378908483,2113.374023936765,4231.4236823656975,36.725065046830004,4232.74804787353,0.767953625,1.0,1.0067446314647794
TCF20,2,0.0006182909377858952,1815.0567767890618,3633.630250976355,35.23889979418732,3636.1135535781236,0.810933825,1.0,1.0021889572127642
TCF3,2,0.0004711613615623601,2760.7962669704975,5529.820004581189,38.067946318852556,5527.592533940995,0.7065447,1.0,1.0044902813338255
TCF7L1,2,0.00045577478693799143,1759.6645775481302,3522.508627111461,34.92574875629654,3525.3291550962604,0.809061625,1.0,1.005358844963185
TCF7L2,3,0.005965250392288071,8137.194154385165,16279.28695738655,15.60840741882316,16280.38830877033,0.45657345,1.0,1.0029765238675652
TCF7,2,0.00046506116386494463,1617.2855308988544,3239.571437263785,33.85332692054315,3240.571061797709,0.792843375,1.0,1.0030173331145187
TCFL5,2,8.668499434126755e-5,1113.9529750581796,2232.4468124014898,29.102801854698907,2233.9059501163592,0.8403986,1.0,1.0017934499164185
TCHH,2,9.091898969845311e-6,108.87312099236283,220.318120058572,7.955794309746711,223.74624198472566,0.953321325,1.0,1.0017193065215406
TCHP,2,0.0001692123154298714,2279.7687935959034,4564.045216470966,37.37607654841438,4565.537587191807,0.748321425,1.0,1.0055853019529415
TCOF1,2,0.0014609677780708578,3121.653155808564,6249.897651500111,38.64908257119309,6249.306311617128,0.6878299,1.0,1.0021221524337312
TCP10L,2,4.108651005608489e-5,205.7335444352326,414.5903824506361,11.481494324040636,417.4670888704652,0.9346445,1.0,1.001549056686591
TCP11L1,2,0.00014238844894087267,1028.920466770561,2061.900381836868,27.739426705929134,2063.840933541122,0.844421675,1.0,1.0060631067747146
TCP11L2,2,8.288824504171723e-5,947.2019874699824,1898.02426046498,26.67377950493912,1900.4039749399649,0.854470925,1.0,1.0015029323514844
TCP1,2,0.008219519978411124,10145.287466582497,20296.378332918215,9.359875788372749,20296.574933164993,0.37838295,1.0,1.0100405484418484
TCTA,2,0.0002638169368178407,2431.1245102054972,4875.615973239099,37.63802568692265,4868.2490204109945,0.725813475,1.0,1.002608365876672
TCTE1,2,4.875018172869153e-9,1.2943173248967603e-5,1.3328810358182568,8.090167070589817e-15,6.000025886346498,0.98233005,1.0,1.00257559834481
TCTEX1D2,2,0.0007544848049651295,4126.542582801969,8259.824692783852,35.18193153261412,8259.085165603938,0.6228175,1.0,1.0064062928448707
TCTN3,2,0.0013879073759283597,5167.939204939303,10342.838448534007,27.852129708160213,10341.878409878605,0.574826875,1.0,1.0065170958815606
TDG,2,0.0021257211400258743,5412.799689247273,10829.927016162816,25.785473130779508,10831.599378494546,0.61846435,1.0,1.0130648321808908
TDP1,2,0.0003519880800821436,1688.8360630665547,3380.9498272752776,34.469375318960154,3383.6721261331095,0.809788925,1.0,1.009735001307305
TDP2,2,0.0010286633740455781,3460.661265302292,6926.6444498208675,36.812592566370704,6927.322530604584,0.7078436,1.0,1.0023647048364075
TDRD3,2,0.0002929428622716839,2230.442572144414,4465.247020618929,37.22431144332127,4466.885144288828,0.755992375,1.0,1.003589047396325
TDRD5,2,2.271009727719137e-6,59.98324471722295,123.51341649636305,5.678324297662531,125.9664894344459,0.9635481,1.0,1.0010430769887988
TDRD6,2,1.5664928415236015e-5,137.18932831786043,278.58730179124814,9.084514906431378,280.37865663572086,0.946137125,1.0,1.005663676073631
TDRD7,2,0.00015793831281040048,696.3702537903617,1396.299218656362,22.943112391783316,1398.7405075807235,0.881565075,1.0,1.0038419423309177
TDRKH,2,2.878901788475944e-5,729.6870735952389,1463.6807524719864,23.329313910867373,1465.3741471904777,0.868634325,1.0,1.0068239024322745
TEAD1,2,0.0027357121419253243,3571.360060102158,7147.897635990667,37.97328391174023,7148.720120204316,0.679005275,1.0,1.008472657303523
TEAD2,2,0.00021375180279823268,2641.58676921677,5291.831495978454,37.98999693187991,5289.17353843354,0.7104661,1.0,1.0030546085599197
TEAD3,2,9.021913009796669e-5,1169.793320536302,2342.9119851593937,29.770981789559844,2345.586641072604,0.8516642,1.0,1.0027725092679116
TEAD4,2,0.00028401804245597003,2742.7718141774717,5490.34308707556,38.14897332020547,5491.543628354943,0.73407855,1.0,1.0024284734191289
TECPR1,2,2.7761603556950577e-5,735.6931271019322,1478.0289779695743,23.57011007888772,1477.3862542038644,0.8662246,1.0,1.0037154162156074
TECPR2,2,8.726080598738694e-5,1071.1447350543338,2145.5284192461095,28.395664034024573,2148.2894701086675,0.853347375,1.0,1.0027037153820004
TECTA,2,2.2715856351310755e-6,59.98324624625713,122.50728879255969,5.679499294511672,125.96649249251426,0.96375825,1.0,1.0023501156086811
TEC,2,1.6847263919382737e-5,567.8793238268971,1138.817778077948,20.47147721430418,1141.7586476537942,0.90025735,1.0,1.0026888391000466
TEFM,2,0.00013249169821727885,2745.534605241504,5494.243956723323,37.87498559012022,5497.069210483008,0.777034625,1.0,1.0043614930699951
TEF,2,8.068499213976585e-5,788.5992861426449,1581.148245015247,24.19940439790724,1583.1985722852899,0.871520075,1.0,1.0047608379294417
TEKT3,2,2.8745362693376908e-6,66.4211032944867,135.2343104236501,6.011398379775319,138.8422065889734,0.962370225,1.0,1.0018931036900123
TEKT4,2,5.40971530727921e-5,230.6302894488872,464.52898930287256,12.266211910492528,467.2605788977744,0.93065145,1.0,1.006267980000861
TEKT5,2,2.393284607047224e-8,6.35417063171038e-5,1.9503604522589009,8.090167085658927e-15,6.000127083412634,0.98223375,1.0,1.0031879771876393
TELO2,2,0.0002033471513108969,1451.0967370781539,2913.5190949082476,32.55196118480589,2908.1934741563077,0.79720625,1.0,1.011137460041166
TENC1,2,7.582300395307276e-5,1148.0469504258604,2299.3146444763033,29.408003251169713,2302.0939008517207,0.842111075,1.0,1.0024974953736296
TENM3,2,0.00018986978690294467,385.9427999317959,775.2501487765221,16.511725606542957,777.8855998635918,0.91275415,1.0,1.0035097479222297
TEP1,2,1.1061488707058033e-5,517.9771677642924,1039.3285212989083,19.345227883631406,1041.9543355285848,0.8928133,1.0,1.001886168768819
TERF1,3,0.0030069060122700796,7088.921748629244,14183.16702564725,17.445264978950085,14183.843497258487,0.478448825,1.0,1.005012765364222
TERF2IP,2,0.00526915556372285,7190.1770450715885,14386.210014519122,15.339966188507475,14386.354090143177,0.540325325,1.0,1.0134052105000648
TERF2,2,0.0011639358512022325,4165.656274790102,8335.951598365982,33.92221912161029,8337.312549580203,0.656534,1.0,1.0032858736602395
TERT,2,2.8758855264213287e-6,66.42110687676424,136.94470572422185,6.0104408912768035,138.84221375352848,0.96176515,1.0,1.002443560719721
TESC,2,0.0015475503490506753,5401.3375869019665,11030.909350547887,31.066122099200715,10808.675173803933,0.55610355,1.0,1.0071180238998125
TESK1,2,0.0002367555646048661,1430.7419586333433,2864.8292246925944,32.327516941528565,2867.4839172666866,0.826341375,1.0,1.001963300667785
TESK2,2,4.2530417988745485e-5,764.638036162627,1532.8024707548093,23.8871876147153,1535.276072325254,0.870929825,1.0,1.003172287102761
TES,2,0.003116033060811588,6307.899798655939,12620.564244961066,22.33290700615495,12621.799597311878,0.52586525,1.0,1.007457735815715
TET1,2,0.0003519927140124709,2333.50400186284,4671.376268796644,37.530310603508454,4673.00800372568,0.7891399,1.0,1.0078038180182998
TET2,2,0.0001651174301093811,1050.4536217126567,2105.0196147430706,28.00549706297106,2106.9072434253135,0.8538645,1.0,1.003805440706772
TET3,2,3.884010070983571e-6,390.7325863289836,784.3368091019333,16.526628538007444,787.4651726579672,0.9147616,1.0,1.0033103294113048
TEX10,2,0.0007615780411358935,3092.2744139536685,6188.920190493536,37.7916185450335,6190.548827907337,0.7135969,1.0,1.0034904770006217
TEX13B,2,4.5983847893465575e-9,1.2208711615715111e-5,1.2539977612299504,4.364480588185246e-20,6.000024417423232,0.982451225,1.0,1.0030314374634437
TEX14,3,1.4209753599630987e-5,131.62853049859433,265.9856673749587,8.87123452856871,269.25706099718866,0.94814145,1.0,1.0043569700468407
TEX19,3,3.678581813823227e-5,371.89108666142204,747.9803638945426,15.915316881064848,749.7821733228441,0.91086375,1.0,1.0039384875569912
TEX22,2,1.1503991680424413e-5,120.36555650605143,243.30819419784794,8.42701088231849,246.73111301210287,0.952043925,1.0,1.0040285880200834
TEX261,2,0.001192407661922863,2124.8734307853247,4263.005629984318,36.75599637249923,4255.746861570649,0.741854125,1.0,1.0053295214182314
TEX264,2,0.0017606418042105689,6259.003985138405,12523.07438746093,21.373002827636792,12524.00797027681,0.553686375,1.0,1.0139521376530254
TEX29,2,2.8747170433726973e-6,66.42110377444175,137.6011694759792,6.009934245329096,138.8422075488835,0.96161515,1.0,1.0025518626535168
TEX2,3,2.6951633325362057e-5,774.7643377084113,1553.2340648706142,24.116488849123858,1555.5286754168226,0.86548105,1.0,1.0024224249487272
TEX30,2,0.0018204980547792244,4472.6015328676995,8951.095355110005,35.563379952835135,8951.203065735399,0.628466575,1.0,1.0138162279363672
TEX36,3,3.550249672705357e-6,72.74573704538129,149.240307041911,6.32487077517493,151.49147409076258,0.96034005,1.0,1.001605855853514
TEX40,2,4.1086416387307696e-5,205.733544186542,414.7669107558799,11.481341229089551,417.467088373084,0.934438825,1.0,1.0042143282526221
TEX9,2,0.0002655456316105029,1436.4043341403622,2876.308055124375,32.36083508325171,2878.8086682807243,0.823201475,1.0,1.0022890869474488
TFAM,2,0.004070480591064348,6775.977165090337,13558.607872939958,19.571025167418245,13557.954330180673,0.522968925,1.0,1.0070756079264118
TFAP2A-AS1,2,4.108672471913815e-5,205.733545005163,414.3340845005808,11.482198049440264,417.467090010326,0.937489725,1.0,1.0032805273467715
TFAP2A,2,0.001110214631504751,3281.637747159701,6567.430067293306,37.772499640519584,6569.275494319402,0.72023285,1.0,1.0089064972204171
TFAP2C,2,7.807238759284778e-5,809.1118951020703,1622.0481936662002,24.543379736448575,1624.2237902041406,0.871473925,1.0,1.00334980489712
TFAP2E,2,1.0935979924037982e-5,521.9144429068782,1046.8765674511649,19.431136911322735,1049.8288858137564,0.897238225,1.0,1.0025086150824423
TFAP4,2,0.000198856578928017,2362.3416914644176,4729.029423173536,37.648691282903215,4730.683382928835,0.751598025,1.0,1.0038905037033012
TFB1M,2,0.0006732670466772461,4629.932270912326,9264.428882219492,31.8216461940186,9265.864541824652,0.635231425,1.0,1.0060993183306126
TFB2M,2,0.0003501215123681795,3011.730082424118,6028.042909283639,37.91715792068039,6029.460164848236,0.723910775,1.0,1.0052256916660705
TFCP2L1,2,0.0001898697921274885,385.94279994566705,775.3028364744972,16.511404436005982,777.8855998913341,0.91060875,1.0,1.0035882340340927
TFCP2,2,0.0002509318758864099,2508.281040827695,5020.761631143132,37.79887930187665,5022.56208165539,0.744487675,1.0,1.0021622690441627
TFDP2,2,0.0020081502460725597,7269.328145344381,14544.283437588052,17.356268329270062,14544.656290688761,0.52141625,1.0,1.0092190390883922
TFE3,2,0.0001837497931388648,937.4855389148435,1922.172164978676,26.38993224298735,1880.971077829687,0.840272225,1.0,1.0020518116568327
TFEB,2,0.0004088028010020085,524.7834520488649,1052.8239133804605,19.668981523793786,1055.5669040977298,0.9052188,1.0,1.0063049540720275
TFG,2,0.0040238983922725735,8291.2058189066,16587.980001165757,12.262881706500687,16588.4116378132,0.4915172,1.0,1.012485130170837
TFIP11,2,0.0006456276955624486,1888.8302345692032,3780.9594147177186,35.685698067055306,3783.6604691384064,0.80986105,1.0,1.0037492539094754
TFPI,2,0.0017331324374532488,3966.2502398241936,7938.232269434221,34.955253091756255,7938.500479648387,0.660255825,1.0,1.0062797806086883
TFPT,2,0.000140703633376766,1383.812337767836,2770.656164383975,31.96365821808169,2773.624675535672,0.837659575,1.0,1.0042734345275164
TFR2,2,0.00022655299983841528,1372.0651615693753,2750.4838604291576,31.745763662045096,2750.1303231387506,0.80732715,1.0,1.0033659092355462
TF,2,5.694654128602943e-7,32.76421597335276,68.22369739272264,4.104745185618078,71.52843194670552,0.97132585,1.0,1.0016480764862625
TGDS,2,0.0006810650946707,2864.203591755254,5733.00007927818,38.193238711476944,5734.407183510508,0.711249775,1.0,1.0025630262507885
TGFA,2,0.0002166949843882816,1306.411686454446,2616.848815074113,31.062462801780153,2618.823372908892,0.8216163,1.0,1.0033764737259956
TGFB1I1,2,0.000194774536001277,2422.67353559965,4850.666496084686,37.74749349644947,4851.3470711993,0.738828775,1.0,1.0036765127610545
TGFB1,2,0.0009761677201337581,4282.1527483046575,8575.391794326002,33.13205820848042,8570.305496609315,0.60530685,1.0,1.0078785819288305
TGFB2,2,3.1341942399309786e-9,8.321285707016748e-6,1.2927209853752253,1.401258040798223e-14,6.000016642571414,0.9825301,1.0,1.0019008991749334
TGFB3,2,3.6390778998644456e-5,195.57156016179238,394.1527351878718,11.149986301500373,397.14312032358475,0.93677415,1.0,1.0048446207687094
TGFBR1,2,0.00017887162596617285,1233.268083137135,2470.812126689501,30.276875531241227,2472.53616627427,0.825416075,1.0,1.0031504274250262
TGFBR2,2,0.0001324188999684047,1207.0197651622425,2417.198292492176,30.026214349667818,2420.039530324485,0.855747,1.0,1.0018245173738336
TGFBR3L,2,0.00293397351939951,6351.260816679147,12707.222729277915,21.813986710799227,12708.521633358294,0.5235087,1.0,1.004691223186576
TGFBR3,2,4.311254738064666e-6,360.36930386164227,723.8362074416324,15.769404566757952,726.7386077232845,0.912942075,1.0,1.0026909415559193
TGFBRAP1,2,0.000673863613701992,1018.4117332647776,2040.5209971331283,28.018301370092754,2042.8234665295552,0.860089625,1.0,1.005397499250466
TGIF1,2,0.006664810468438389,9131.54172686788,18268.675554595262,12.512348106396226,18269.08345373576,0.44936835,1.0,1.0009921226875351
TGIF2,2,0.00011311427306573225,1183.6515329646265,2370.421752912978,29.77644010719097,2373.303065929253,0.846782875,1.0,1.0070560541685212
TGM1,2,6.000777782789782e-6,91.16117652973355,186.13088708414213,7.18745920195029,188.3223530594671,0.9559475,1.0,1.0063375747583996
TGM4,2,7.209255871946499e-9,1.9140574340017954e-5,1.3088221944672316,0.0,6.00003828114868,0.982498575,1.0,1.0018384690598916
TGOLN2,2,0.0016051996057272193,3951.107167491045,7947.522885395143,34.648804839552724,7908.21433498209,0.61247865,1.0,1.0048297824903663
TGS1,2,0.004377420040753651,5266.883737760827,10538.546524151294,29.448271776985898,10539.767475521654,0.600674175,1.0,1.004765713255296
THADA,2,0.0006715298429012217,1801.852332162866,3607.6530274714187,35.14233493062973,3609.704664325732,0.79964195,1.0,1.001985884404822
THAP10,2,1.666876990343657e-5,364.18247391148384,732.08943901471,15.795639479456241,734.3649478229677,0.912526125,1.0,1.0047218016487702
THAP11,2,0.0017386551969455694,4026.2311001397666,8057.564095943546,34.38161480037855,8058.462200279533,0.702633275,1.0,1.0032460543469663
THAP1,2,0.00025386396807217223,2715.176179865045,5434.13093408903,37.9145858203934,5436.35235973009,0.76319,1.0,1.0038989469047004
THAP2,2,0.00024033570900987349,1581.7909212510258,3166.4004114942554,33.69162181221359,3169.5818425020516,0.839065425,1.0,1.002312962670121
THAP3,2,0.0003010005575550207,2807.822652058182,5620.181662986152,38.10584953984893,5621.645304116364,0.75898565,1.0,1.0032778756675078
THAP4,2,0.0016354862716843404,4114.102793832828,8232.91679525754,33.45436783391222,8234.205587665656,0.68274355,1.0,1.010069681509502
THAP5,2,0.0014583032530918476,3401.3334693160436,6807.022722904306,37.048623795951144,6808.666938632087,0.70806655,1.0,1.0022224755871902
THAP6,2,0.0006408512784933971,2001.7556153821936,4006.623725897118,36.433962816073794,4009.511230764387,0.8245492,1.0,1.0011324822669017
THAP7-AS1,2,0.000551666383120513,1848.8169165039837,3700.98655926541,35.474109545324744,3703.6338330079675,0.8008126,1.0,1.0063652807417682
THAP7,2,0.0009498395046310648,4284.665619348129,8573.968353674287,34.58602644131781,8575.331238696259,0.650120125,1.0,1.0067996216240522
THAP8,2,0.0001486540093155793,997.8247611718458,1999.7783730165581,27.2998717591202,2001.6495223436916,0.84940885,1.0,1.0016929587987817
THAP9-AS1,2,0.0009415522815675665,3140.475792979307,6285.259141140735,37.89483787895947,6286.951585958614,0.71126535,1.0,1.0089017765541506
THAP9,2,0.0004480435214479984,544.1909979404095,1091.649024424756,20.075220742343365,1094.381995880819,0.903533075,1.0,1.001553191285028
THBD,2,1.4204846471911408e-7,17.768400310894766,37.6780867909534,3.14433198034289,41.53680062178953,0.976313775,1.0,1.0028909016279242
THBS1,2,5.474398694710936e-5,624.5446132709543,1253.1352451140892,21.326214547840745,1255.0892265419086,0.881355125,1.0,1.004676741738903
THBS4,2,1.2818929699657711e-5,126.02525574150702,255.20536158065218,8.651709486130411,258.050511483014,0.948777875,1.0,1.003015256772818
THEM4,2,0.002306938423651209,3495.1989081486863,6995.535064400968,36.41091036859746,6996.397816297373,0.6781347,1.0,1.0023732378788084
THEM6,3,0.00015459060068756346,2311.964157251877,4627.841657295508,37.38518950416081,4629.928314503754,0.771686975,1.0,1.0044117194734967
THEMIS2,2,0.00014970599779578383,1349.0392873689534,2701.057261535571,31.591172384236163,2704.078574737907,0.842784425,1.0,1.0044241734736452
THG1L,2,0.0029579367778386494,5617.958679342984,11241.01534552595,24.699701378570328,11241.917358685969,0.5820432,1.0,1.0083631401521784
THNSL1,2,0.00022522874464393162,1374.7451734749227,2752.9483616844523,31.778512900129993,2755.4903469498454,0.8327132,1.0,1.0036236651776722
THOC1,2,0.0005438465946121923,2010.441664702773,4024.4395005877054,36.433406824334035,4026.883329405546,0.798111425,1.0,1.005567105737811
THOC2,2,0.0033913964502465606,6314.743918235525,12634.434600401122,21.410831355846852,12635.48783647105,0.5219644,1.0,1.0054216014178425
THOC3,2,0.003862880962872103,5450.478902013718,10937.56202520556,26.934140798106508,10906.957804027435,0.540646725,1.0,1.0074670765084968
THOC5,2,0.0005761923390755165,3422.4071438084766,6851.152752957633,36.7380360346007,6850.814287616953,0.68171145,1.0,1.007022129538416
THOC6,2,0.0023812482437827695,5302.861886855438,10611.494628119719,27.48173993244064,10611.723773710875,0.57461245,1.0,1.0076437485086045
THOC7,2,0.0038002829891516272,8640.137454900441,17295.744478929344,11.982362129767345,17286.274909800883,0.4103692,1.0,1.0139376744343453
THOP1,2,0.0012290706532406854,4537.806730672833,9082.086306423782,32.69360855803832,9081.613461345665,0.599528925,1.0,1.0053573327702192
THPO,2,3.19295612552301e-7,25.43620458928634,53.07667226123045,3.641915360313763,56.87240917857268,0.973825,1.0,1.0020091650401328
THRAP3,2,0.004528853479743351,9815.764190165906,19636.575395125587,9.906193878908464,19637.528380331813,0.372348925,1.0,1.0040683898814924
THRA,2,0.0003005892905332401,2767.1939278305194,5539.757761179443,38.05402159461906,5540.387855661039,0.720451325,1.0,1.0024722988614325
THRB,2,4.5811725901223846e-6,342.68100277737426,688.4689155785367,15.317492683914473,691.3620055547485,0.915132925,1.0,1.0030790488836645
THSD1,2,7.207697493391567e-5,259.6638568946082,523.6162362281133,13.137558607421377,525.3277137892164,0.925306725,1.0,1.0019653434433737
THSD4,2,7.804514681695609e-6,643.0864191773438,1290.0374063390698,21.87034365905489,1292.1728383546877,0.878848275,1.0,1.0035384323489034
THTPA,2,1.2783753914616868e-6,46.71352884870899,95.87728028292511,4.951307092879013,99.42705769741798,0.967368975,1.0,1.0022378022939287
THUMPD1,2,0.0017016853845574372,3959.2725079999664,7923.352652490676,34.838748465089985,7924.545015999933,0.690429775,1.0,1.003548928242598
THUMPD2,2,0.0031870400163680752,4242.337824375395,8490.53579222868,33.26901600455974,8490.67564875079,0.691078475,1.0,1.005374943830009
THUMPD3,2,0.0015897763868592452,5580.866441181373,11166.45066678272,27.82349900890297,11167.732882362747,0.561808825,1.0,1.0033001384854687
THYN1,2,0.0006228630028189201,6162.11854693984,12329.683779841042,20.665600510208062,12330.23709387968,0.570413275,1.0,1.0114309529973873
TIA1,2,0.00021057624082868558,2568.934033820075,5145.977243221973,37.89234210536211,5143.86806764015,0.717571125,1.0,1.0056449758552488
TIAF1,2,1.4135102027736057e-8,3.752869588363923e-5,1.3398904543392332,1.6180334141179634e-14,6.000075057391768,0.982425525,1.0,1.003242343512084
TIAL1,3,0.0014796102879257613,6296.125649213362,12598.937512831466,21.26891779776614,12598.251298426723,0.53714905,1.0,1.0070851686898405
TIAM1,2,0.0008156730133444916,3609.382795686824,7223.563243900479,38.40543138180221,7224.765591373648,0.67052465,1.0,1.0026001354252863
TIAM2,2,2.3772834381217065e-5,537.4413923982034,1078.412105989241,19.691271297328232,1080.882784796407,0.8948167,1.0,1.0047769601013992
TICAM1,2,0.0002578957780731549,2401.0012914174076,4806.163067693203,37.7659751071807,4808.002582834815,0.7630345,1.0,1.0046001921121703
TICRR,2,2.7952501698688767e-5,465.338343504788,934.4621806351586,18.126829755171187,936.676687009576,0.90184925,1.0,1.004245409825247
TIFA,2,0.0007266568712014981,3148.492141095072,6301.780401271157,38.081195543846796,6302.984282190144,0.732799975,1.0,1.0020942463828297
TIGD1,2,3.43000899952312e-5,636.0413900129658,1275.6459269932843,21.606669191499467,1278.0827800259317,0.89264655,1.0,1.0030337382098697
TIGD2,2,5.630423403964136e-5,620.3731129658933,1243.798782678367,21.515703353522863,1246.7462259317865,0.901928725,1.0,1.0032900160103935
TIGD3,2,2.3307198497909325e-5,579.2387032856517,1161.4392656447228,20.70203689567629,1164.4774065713034,0.9075342,1.0,1.003416590333493
TIGD4,2,7.86071475919801e-5,269.16952809916955,541.3391305775912,13.41462270567697,544.3390561983391,0.92948275,1.0,1.0034370114607587
TIGD5,3,2.426619327226801e-5,910.419429309824,1823.748887810632,26.317864502864033,1826.838858619648,0.879544475,1.0,1.0036138039991427
TIGD6,2,0.0002977344272656234,902.6197096816418,1808.2506799266441,26.319604801784298,1811.2394193632836,0.89004565,1.0,1.00315154663579
TIGD7,2,2.874414480853604e-6,66.42110297113827,135.23820692410084,6.012528872781275,138.84220594227654,0.962847025,1.0,1.0031679194688825
TIMM10B,2,0.0016209601245564201,3430.780700399858,6867.007890100296,36.981890521170754,6867.561400799716,0.7177056,1.0,1.0063682802158376
TIMM10,2,0.004523070569816083,6634.729222303135,13274.676381584,21.049674881653385,13275.45844460627,0.5505109,1.0,1.0050379270854546
TIMM13,2,0.009146232808262655,10975.738319011823,21956.659459147308,8.253970032569311,21957.476638023647,0.3600277,1.0,1.0048692128245549
TIMM17A,2,0.0051129545307163436,9203.009187574507,18411.981250359335,10.858600176908316,18412.018375149015,0.428750425,1.0,1.0081203687026916
TIMM17B,2,0.0006167092793299361,2513.7540794218557,5034.25277158299,37.76165222064413,5033.5081588437115,0.7443492,1.0,1.0042435654747444
TIMM21,2,0.00021661660173466003,2231.4004990034928,4468.058268826429,37.27344439034455,4468.8009980069855,0.750384275,1.0,1.0027339859585434
TIMM22,2,0.001886188589624336,4946.995830303022,9898.381355321562,28.73535196709704,9899.991660606043,0.648015275,1.0,1.0052122898033322
TIMM23,2,0.00030944863111055394,4195.1853958486045,8394.96714615412,34.31143909281029,8396.370791697209,0.650334825,1.0,1.0073417541045098
TIMM44,2,0.0029435726361601213,6080.464776423102,12166.141023774257,24.259109596697694,12166.929552846204,0.530091375,1.0,1.002555416318377
TIMM50,2,0.0011802841138475984,6091.081868229667,12188.133278036845,22.225344508339,12188.163736459333,0.541831375,1.0,1.0033526944352484
TIMM8A,2,0.002994083559761211,5044.303550211296,10093.402856400193,31.44484455166967,10094.607100422592,0.6157773,1.0,1.0031332356088212
TIMM8B,2,0.008245018700059333,10694.660440394682,21394.253547943987,8.559671711939382,21395.320880789364,0.365217975,1.0,1.0034846670546524
TIMM9,2,0.0013196366289025,5781.140446578764,11567.141607463613,25.950088981067584,11568.280893157527,0.592508625,1.0,1.0035487170067963
TIMMDC1,2,0.0012475442251966345,6385.900098413113,12800.351831940474,19.42233188491254,12777.800196826225,0.48963095,1.0,1.0021979969080486
TIMP3,2,0.00034978150726810547,493.240498199633,990.080149496677,18.99171190850524,992.480996399266,0.89948085,1.0,1.0044604243989466
TINAGL1,2,0.0012887163306150088,3097.567890681567,6200.602551867608,38.03138271092747,6201.135781363134,0.684431225,1.0,1.0019043866652628
TINCR,2,0.00012349049064249752,692.7388191464024,1390.1070787070978,22.45906517134984,1391.4776382928048,0.8714022,1.0,1.005934143230182
TINF2,2,0.0004565189556614895,3311.713225477862,6626.604248506087,36.87161130048955,6629.426450955724,0.732802575,1.0,1.0034811359309694
TIPARP,2,0.0007259165497100435,1730.8619027418242,3465.890973354702,34.65247210772372,3467.7238054836484,0.8229696,1.0,1.0046205052490806
TIPIN,2,0.00047059117829768415,4585.6497058386885,9176.080424662712,31.46234170294937,9177.299411677377,0.64617955,1.0,1.0025388444002408
TIPRL,2,0.002524860501397382,5594.750980890016,11194.221826085397,24.027838822965503,11195.501961780032,0.584983225,1.0,1.00289503259122
TIRAP,2,3.8376640176909516e-5,1012.0047917481968,2026.950207798929,27.71092855590533,2030.0095834963936,0.869079425,1.0,1.0014415803688728
TJAP1,2,0.0009318591860249528,1509.51876033429,3022.5464548022132,33.380529147685756,3025.03752066858,0.839470775,1.0,1.0009862396239013
TJP1,2,0.001645683333140484,7024.407602622821,14053.859842119382,18.545676093673134,14054.815205245643,0.512193425,1.0,1.0055279407962836
TJP2,2,0.0008970660939113503,1698.2145484116977,3402.1848801610995,34.386167211400526,3402.4290968233954,0.7831686,1.0,1.007140602532566
TJP3,2,0.0016621980494785607,3806.4296008658234,7618.143055962312,35.54923704021988,7618.859201731647,0.658712475,1.0,1.0044235131370507
TK2,2,0.00020338578249222118,1443.3770512476124,2890.1763529108744,32.481879566800316,2892.7541024952247,0.820286675,1.0,1.003071203077234
TLCD1,2,0.0008901712094653941,4746.101669557921,9497.419650364132,31.781686376722927,9498.203339115842,0.638405175,1.0,1.0081135041931923
TLCD2,2,5.681418090949904e-7,32.76421245918477,68.37571518725817,4.107754734070345,71.52842491836954,0.971135625,1.0,1.0030111707419775
TLDC1,2,5.270893562769131e-5,2424.7655510567047,4852.550079177099,37.62343191438729,4855.531102113409,0.782854725,1.0,1.0119431811924735
TLDC2,2,2.053882842634088e-9,5.4530589471935045e-6,1.392831856854387,0.0,6.000010906117894,0.982430625,1.0,1.0015793551160836
TLE1,2,0.00021541332048482064,2883.384374787573,5769.735663200452,37.746664441985544,5772.768749575146,0.763459775,1.0,1.003574724580106
TLE3,2,0.0004182497278024079,2383.872301936206,4772.2224797755325,37.624736224498896,4773.744603872412,0.768665225,1.0,1.0061567702903877
TLK1,2,0.0015373935578042724,3833.6204957698196,7671.756470087016,35.19357731042858,7673.240991539639,0.689100225,1.0,1.003823835384408
TLK2,3,0.0011408678414294227,4083.664940006814,8172.428490502847,35.34005095691045,8173.329880013628,0.64866835,1.0,1.0061070352469974
TLL1,2,5.1109665876175835e-6,85.10928564189636,172.87348723617376,6.912636202565002,176.21857128379273,0.957782125,1.0,1.0032640103201862
TLL2,2,2.7856730227375145e-5,174.86399945584208,353.0817265785521,10.45059708200019,355.72799891168415,0.939540475,1.0,1.0026207123703308
TLN1,2,0.0028902031532978037,6783.769072315452,13617.324266498075,17.773609168845017,13573.538144630904,0.47085865,1.0,1.0108979680012111
TLN2,2,0.00010115739890336097,978.9554666226109,1961.8736510706767,27.099846388633082,1963.9109332452217,0.846879,1.0,1.0028350127553014
TLR10,2,5.676308951942848e-7,32.76421110270836,67.78750510272052,4.116443065489787,71.52842220541672,0.97142245,1.0,1.0018375786513445
TLR1,2,2.045927931007209e-5,153.58303901315173,309.9392950452499,9.696371411414287,313.16607802630347,0.94443135,1.0,1.002877253528625
TLR3,2,7.202222888535506e-5,259.6808082201844,522.4251384172641,13.138282494406335,525.3616164403688,0.927815575,1.0,1.002184116760701
TLR5,2,3.1829771150681746e-5,415.1825775266065,834.3536339550685,16.964968471804106,836.365155053213,0.9050356,1.0,1.0040964204562848
TLR6,2,5.141648617113069e-6,306.489412027563,616.0605736450631,14.362257629789127,618.978824055126,0.9211761,1.0,1.003437893675161
TLX1,3,6.001053089142984e-6,91.15872281633051,184.89938192813952,7.188212115067766,188.31744563266102,0.95641485,1.0,1.0042392619383622
TLX3,2,6.813785275250949e-5,1061.7432759198841,2126.468369514204,28.309567920154414,2129.4865518397683,0.858967525,1.0,1.004647444323673
TM2D1,2,0.0013103785273221094,5072.677032407155,10203.93935715784,28.749089094886223,10151.35406481431,0.55198665,1.0,1.0025844221094045
TM2D2,2,0.0010995315592444391,5826.995325275351,11658.417170410015,23.869262191911933,11659.990650550702,0.57300285,1.0,1.0070015175926998
TM2D3,2,0.0011788131207543934,5224.724115032856,10453.423520284097,25.633408833590966,10455.448230065713,0.6322039,1.0,1.0091891362288454
TM4SF18,2,0.0006347754631653915,475.42940304371564,963.1405897460731,17.77964614172104,956.8588060874313,0.8989447,1.0,1.0009194163098596
TM9SF1,2,7.962387892481924e-5,1127.6230524132675,2260.924015565904,29.140516199915453,2261.246104826535,0.829430925,1.0,1.0025998908865148
TM9SF2,2,0.0008444614195825188,4566.510383985188,9205.193463681991,31.99627176008902,9139.020767970376,0.577562075,1.0,1.0038610019026049
TM9SF3,2,0.002200254777870414,5062.615207412201,10134.741764534368,28.016764679242005,10131.230414824402,0.594257225,1.0,1.0030929263082156
TM9SF4,2,0.00024296198574937658,2802.156736573416,5608.9764460167125,37.839186502297764,5610.313473146832,0.748244825,1.0,1.0072890147194098
TMA16,2,0.00491893676682463,7999.508442464601,16004.031743032818,14.903910058626835,16005.016884929202,0.45258475,1.0,1.0031581976113604
TMC5,2,0.0001227561803198576,2303.9968436884064,4612.59657868071,37.44646175324396,4613.993687376813,0.7554857,1.0,1.0013877854253437
TMC6,3,0.0015225636093274026,3833.6928789366075,7673.474609501292,35.43938323164104,7673.385757873215,0.651023575,1.0,1.005808712056227
TMC7,2,4.1127180540965915e-6,373.4710865853827,749.8786597518099,16.09937146302672,752.9421731707654,0.913294325,1.0,1.0026751356189754
TMC8,3,0.0006272088439003265,2660.901547629279,5326.752855617757,38.09594467118102,5327.803095258558,0.718163625,1.0,1.0025979971255157
TMCC1-AS1,2,1.006397010011595e-5,552.5840952497707,1108.0918129613694,20.157231967851935,1111.1681904995414,0.906144175,1.0,1.0063088888728953
TMCC1,2,0.0011579790602348444,1810.7994117288652,3626.2432292941216,35.159840339554606,3627.5988234577303,0.797380875,1.0,1.0022925691473494
TMCC2,2,0.00015988021954256115,359.96785099897915,723.1620729445688,15.863649542150192,725.9357019979583,0.916901775,1.0,1.005348206943669
TMCC3,2,2.997939629882745e-6,465.77942850609764,934.4028654447452,18.2840985010007,937.5588570121953,0.90716785,1.0,1.003623794066266
TMCO1,2,0.003706862173882293,7939.749191633215,15949.380386620322,13.237677897195288,15885.49838326643,0.412302325,1.0,1.0046529488808262
TMCO3,2,0.0008521760756406418,3742.0800371142227,7509.279149926931,35.16498141646556,7490.160074228445,0.637101275,1.0,1.0060523381152784
TMCO4,2,0.00010101866201430045,978.9550982761704,1961.8622405378048,27.099283206723317,1963.9101965523407,0.847309525,1.0,1.005751714808575
TMCO6,2,0.00022104601140730023,1591.9298444472843,3191.0580476142986,33.8680964537643,3189.8596888945685,0.798287175,1.0,1.00206787770442
TMED10,2,0.002746361470544891,8472.708939614186,16950.914110443344,12.07001803411367,16951.41787922837,0.423033975,1.0,1.0118371708525125
TMED1,2,0.0016248091921305544,4658.377158037994,9321.617881662378,31.503981706143165,9322.754316075989,0.602345625,1.0,1.0059283024189092
TMED2,2,0.0053525257264131374,10609.757605594456,21237.448509364214,8.61220570932272,21225.51521118891,0.35612265,1.0,1.007491240820308
TMED5,2,0.001311707488669174,3294.620009255094,6596.640539562943,37.7846740962365,6595.240018510188,0.6873145,1.0,1.0048186708336255
TMED8,2,0.0004962462288814869,2459.7343297770085,4924.482228303127,37.77499426929402,4925.468659554017,0.7479257,1.0,1.0071729314112354
TMEM102,2,0.0005527710605861553,2000.009266737278,4002.9580176557183,36.32557007753069,4006.018533474556,0.817674975,1.0,1.0027039267631848
TMEM104,3,1.495702126883126e-5,564.0684095181017,1131.6544081838265,20.393023690883048,1134.1368190362034,0.890194075,1.0,1.0024883143233592
TMEM105,3,4.0230019017011936e-5,822.524009593394,1657.5514666765025,24.85476952287819,1651.048019186788,0.85491015,1.0,1.0037419570078576
TMEM106A,2,1.0846546290330613e-5,525.8418176643007,1054.8231940669364,19.514115369279317,1057.6836353286014,0.894687925,1.0,1.003402654233417
TMEM106B,2,0.00042810362845750803,3238.4320937947077,6482.039564882195,37.338879772439675,6482.864187589415,0.6968313,1.0,1.003793292272884
TMEM107,2,0.0015961021814825918,4174.19574973102,8353.873430591619,35.3898159982673,8354.39149946204,0.624797725,1.0,1.012930479184405
TMEM109,2,0.000505705665935378,2402.774265484297,4810.228353245089,37.82082951955581,4811.548530968594,0.73430345,1.0,1.0018011131434106
TMEM115,2,0.00028211746016320894,2830.770115924288,5665.752443235881,38.01036766566763,5667.540231848576,0.75123585,1.0,1.0026431642939682
TMEM116,2,3.775390188621279e-5,829.1796249374509,1661.675838408417,24.971116821417503,1664.3592498749017,0.86507475,1.0,1.001503931714022
TMEM117,2,9.883502830249174e-6,560.7530623475345,1124.6186615726228,20.241855826864622,1127.506124695069,0.89071195,1.0,1.0049935413289552
TMEM11,2,0.002262037868364531,5472.56470383297,10949.842010910015,26.539814276571065,10951.12940766594,0.631850775,1.0,1.0098342598361136
TMEM120B,2,0.00019411848202520796,2426.162698387346,4858.464173011638,37.64540476911999,4858.325396774692,0.73312435,1.0,1.0072578305657376
TMEM121,2,0.0007858483904981028,3116.4308889023923,6238.126857690443,38.06636983711163,6238.861777804785,0.7223999,1.0,1.0057630679265535
TMEM125,2,0.0005188194686127685,2221.8920981503834,4448.11207489249,37.24917105763009,4449.784196300767,0.752923625,1.0,1.0051845579870062
TMEM126A,2,0.0026296190453050927,6247.177485452974,12499.280582907159,22.45432141451729,12500.354970905948,0.52947855,1.0,1.0072827090729597
TMEM126B,2,0.0036873038638614015,6611.251202560847,13228.1627430708,19.656874562471863,13228.502405121693,0.522014325,1.0,1.018891502660766
TMEM127,2,0.0007068114588941279,2014.9563753054092,4032.9897920347144,36.342709007809,4035.9127506108184,0.804676375,1.0,1.004731637450352
TMEM128,2,0.0012199041766052378,3700.530339161086,7422.346734366183,35.711830125830296,7407.060678322172,0.63549055,1.0,1.0028932357619682
TMEM129,2,0.0006510325281401058,3155.450600285429,6319.458909048245,37.99394506530966,6316.901200570858,0.6809106,1.0,1.0084364775832158
TMEM130,2,1.2830158971430971e-6,46.71354116925158,95.86859647772962,4.950266398727455,99.42708233850315,0.967266475,1.0,1.0030512698289276
TMEM131,2,0.001014966545607034,3109.66540963468,6224.205515722884,37.65634087033302,6225.33081926936,0.700855525,1.0,1.0024991240061334
TMEM132B,2,3.6390402096742826e-5,195.57155916111782,394.56385831615665,11.149728035505238,397.14311832223564,0.9359782,1.0,1.001802671019836
TMEM133,2,3.197979704527105e-5,185.28449252674625,373.4131101407623,10.806915484439251,376.5689850534925,0.9393464,1.0,1.0033387926852584
TMEM135,2,0.0003686909836313618,1657.8666228784327,3319.629272285576,34.22077147858533,3321.7332457568655,0.7984802,1.0,1.0039169725632653
TMEM136,2,0.0006476886219794404,3537.1510107599943,7077.319927521868,36.06903524156817,7080.302021519989,0.745324925,1.0,1.001739849134737
TMEM138,2,0.00045569029213416253,2707.0389908952616,5418.753061482653,38.42518703689798,5420.077981790523,0.7294557,1.0,1.0060344617919204
TMEM139,2,6.375150216022498e-5,547.9926453447694,1100.1377715838532,19.786790777537508,1101.9852906895387,0.889428425,1.0,1.0038552543423434
TMEM140,2,2.8752495338114085e-6,66.42110518820387,135.37808585654187,6.011024104271421,138.84221037640773,0.962168025,1.0,1.002999561458836
TMEM141,2,0.003024441098716557,8026.715527168587,16087.408042664154,15.02005395295614,16059.431054337174,0.445686875,1.0,1.005060332850489
TMEM143,2,0.00022821226798096998,1047.1222345621222,2100.5465145051085,27.888930389900423,2100.2444691242445,0.834077725,1.0,1.0033440833241882
TMEM144,2,0.0003208708879427179,1683.5610339867105,3371.281499355289,34.44906763643174,3373.122067973421,0.798001175,1.0,1.0048535129613867
TMEM147,2,0.0074498345142676265,11482.306808921547,23003.04250078089,7.5279079985694635,22970.613617843093,0.330497375,1.0,1.014074278150781
TMEM150A,2,0.00017959031436523657,2231.0071438092145,4466.290809567896,37.14674383469324,4468.014287618429,0.76587255,1.0,1.0058742294016012
TMEM150C,2,3.197979131570749e-5,185.28449251153427,373.41699397037553,10.807216012121238,376.56898502306854,0.940395875,1.0,1.0018665429092177
TMEM151A,2,0.0005354978740321383,1430.0039566632918,2863.34546779521,32.613242982565005,2866.0079133265835,0.845234925,1.0,1.0058829070975743
TMEM154,2,0.00044005074184682766,540.327672950074,1084.0182330946623,19.995048406123733,1086.655345900148,0.900466925,1.0,1.001538828456516
TMEM158,2,0.00012314539020499957,699.9972795637622,1405.8037607671968,22.58918903262084,1405.9945591275243,0.8687382,1.0,1.0027793528267672
TMEM159,2,0.0023649053062832297,3978.1273574337474,7961.369818823116,34.47238076095681,7962.254714867495,0.65179365,1.0,1.005193780501252
TMEM161A,2,0.002008167717764472,4170.8260450839825,8348.249032588554,32.92105626503719,8347.652090167965,0.6444319,1.0,1.0051854350565728
TMEM161B-AS1,2,0.0014824858616492313,3729.7846772895973,7464.52141807959,36.320517255589095,7465.569354579195,0.6855282,1.0,1.0085741502972316
TMEM161B,2,0.000199086859975371,1456.1155782426067,2915.2248019935687,32.60463853370697,2918.2311564852134,0.836996,1.0,1.0025712286385564
TMEM163,2,2.271068756393211e-6,59.98324487394408,122.34783725716424,5.680004139175884,125.96648974788816,0.9641468,1.0,1.003591551148655
TMEM164,2,2.1509740901087555e-5,900.7922925024687,1805.890175833004,26.170315649403303,1807.5845850049375,0.85495975,1.0,1.0040622758076667
TMEM165,2,0.0014540696895011254,6348.5654620526375,12703.027662824374,20.69348600760777,12703.130924105275,0.532214075,1.0,1.0037263480069385
TMEM167A,2,0.0052431191528831645,9813.717023138232,19632.506714977248,9.781530954093379,19633.434046276463,0.394902825,1.0,1.0041998114248096
TMEM167B,2,0.0008737115886017651,2258.618683567045,4520.83351672698,37.30398824598809,4523.23736713409,0.783437775,1.0,1.0016959933421576
TMEM168,2,9.042491586022123e-5,1186.0875024270192,2375.278374260307,29.845334953416934,2378.1750048540384,0.84379015,1.0,1.004634380444207
TMEM169,2,2.271253184052077e-6,59.983245363599515,122.31318056886425,5.6808277825726075,125.96649072719903,0.964433975,1.0,1.00483284241754
TMEM170A,2,0.000513971183192752,4690.652058611627,9385.864986492306,30.830067412776515,9387.304117223253,0.65401165,1.0,1.0124848175588346
TMEM170B,2,0.00011974406042198135,319.98043802185487,643.1713741414382,14.823131449636092,645.9608760437097,0.9195295,1.0,1.0058427797895235
TMEM171,2,0.00023290507845326103,1350.4992888149734,2704.5772272397235,31.51935746907719,2706.998577629947,0.83258005,1.0,1.0052719116013282
TMEM173,2,0.00047575894995695035,3282.631366168893,6571.052218313716,37.23038985982779,6571.262732337786,0.690322475,1.0,1.0040840427917526
TMEM175,2,0.00011745469227098132,1169.2984487040217,2345.306909381811,29.59320127612346,2344.5968974080433,0.823188475,1.0,1.0053190027657164
TMEM176B,2,1.8788627353172832e-5,148.1626167155045,299.12215802999475,9.497263406357137,302.325233431009,0.9450416,1.0,1.0023820592602237
TMEM177,2,0.0015977759305889378,3902.4681849187973,7809.365112378887,34.98008974505882,7810.936369837595,0.7057926,1.0,1.007335178156364
TMEM179B,2,0.004500279135488584,8799.723379913361,17607.08998768878,11.601732833319579,17605.446759826722,0.426499925,1.0,1.008796548735163
TMEM17,2,0.00016354354118163487,1059.6266217829232,2123.5357532790754,28.128285313636383,2125.2532435658463,0.840135875,1.0,1.0022655580421327
TMEM180,3,0.001363573661693401,4746.651758744396,9501.3906876422,33.073868368418324,9499.303517488792,0.610848,1.0,1.0097915541930906
TMEM181,2,0.00019975460635560249,2326.59499491681,4663.725571722434,37.56229696072516,4659.18998983362,0.728650975,1.0,1.0028460481137242
TMEM182,2,9.05402019641417e-6,594.925078077661,1193.1024723704634,20.931827395071533,1195.850156155322,0.885170775,1.0,1.001663828858904
TMEM183A,2,0.0014522952707546565,7086.122388113029,14178.871238189453,18.067632814826347,14178.244776226058,0.5039986,1.0,1.0046908963067487
TMEM184A,2,0.00017837829271798218,1271.7432058440459,2547.547790647274,30.954010648992227,2549.4864116880917,0.834086075,1.0,1.0035307574522445
TMEM184B,2,0.00037639805449470065,2775.2885930866446,5555.771744708523,37.92426806527866,5556.577186173289,0.72323825,1.0,1.0058998955646163
TMEM184C,2,0.000544649342585535,1744.2555971273916,3492.2230620501173,34.786387519815165,3494.5111942547833,0.80312975,1.0,1.002590724679351
TMEM185A,2,0.00021495745853497108,1571.2587401168087,3146.0701901256193,33.632944499278835,3148.5174802336173,0.812276925,1.0,1.0070368983886206
TMEM185B,2,0.00015356200932482319,2471.324722125533,4947.2938396884065,37.83091561335517,4948.649444251066,0.745909825,1.0,1.0031545623480949
TMEM186,2,0.00036376557382510283,3035.5646427404936,6075.40449572941,37.79861844804115,6077.129285480987,0.756611675,1.0,1.0015276633629844
TMEM187,2,0.00035279528491532954,1620.820622466879,3244.9564048453444,33.93726202636297,3247.641244933758,0.81484155,1.0,1.0031235063231099
TMEM189,2,0.0015715541453854328,3556.2267968167016,7117.578538848126,37.00169192528688,7118.453593633403,0.667601225,1.0,1.0058207289031718
TMEM18,2,0.0023992526590338103,6591.559663126338,13188.970161400759,20.116841406930764,13189.119326252676,0.539894875,1.0,1.0066171541182225
TMEM192,2,0.0005754112265585079,2799.127376419308,5602.922373015301,38.01204902825016,5604.254752838616,0.71919675,1.0,1.0023483410108518
TMEM194A,2,3.3206282352264155e-5,415.18623216384674,841.8985535128302,16.969362108506395,836.3724643276935,0.901939475,1.0,1.003314108728946
TMEM194B,2,3.29972637419467e-6,525.4766031530733,1054.8446331694122,19.58794335124576,1056.9532063061465,0.8922211,1.0,1.0052773584699668
TMEM198,2,5.087340869220513e-6,311.0766311690391,625.6527305240168,14.484133232624062,628.1532623380782,0.9181966,1.0,1.0021047217291934
TMEM199,2,0.0009648669099707543,3207.9068769661694,6420.031355574179,37.330740745434916,6421.813753932339,0.731278025,1.0,1.0030229402603288
TMEM19,2,0.00016700302893608407,2163.922143846513,4334.715444776746,36.992833940924356,4333.844287693026,0.74312395,1.0,1.0069533609850505
TMEM200A,2,1.1504396439672389e-5,120.36555758068724,243.43735323634456,8.42647035094378,246.73111516137448,0.9505216,1.0,1.0057759531009354
TMEM200B,2,0.0002947052696629255,1055.901773671064,2116.436737969661,27.959394071225574,2117.803547342128,0.839102575,1.0,1.0032209374069554
TMEM201,2,3.344858346045926e-5,650.7763005086128,1305.0235845296017,21.88573655163521,1307.5526010172257,0.8833981,1.0,1.0036700532157745
TMEM203,2,0.0017693015996733887,5813.494217010998,11631.969081408593,23.961867863358666,11632.988434021996,0.5515333,1.0,1.0042094708896323
TMEM205,2,0.0034370073322615986,6394.915560505077,12815.958159320646,21.021856959871496,12795.831121010155,0.495569575,1.0,1.0058271015413316
TMEM206,2,0.0003723175571769293,1650.43668979799,3304.1451770174112,34.158001434990396,3306.87337959598,0.8131557,1.0,1.002695154834526
TMEM208,2,0.0025117511554508917,7244.276929780315,14493.858400558198,16.412330268080314,14494.55385956063,0.494766325,1.0,1.00429493375844
TMEM209,2,0.00015440497574085435,1224.4518762943128,2453.0873774053866,30.203854094943747,2454.9037525886256,0.82506265,1.0,1.00318788255909
TMEM214,2,0.0002021820328965778,2716.0119962434305,5437.0421255613055,38.01049090046581,5438.023992486861,0.72338545,1.0,1.0072519514779683
TMEM216,2,0.0004447051017005901,3311.0029075069638,6625.041939949631,36.8674045352681,6628.0058150139275,0.739289575,1.0,1.001840764794606
TMEM217,2,2.589882102005323e-5,169.60077736168878,342.0105015872175,10.268363960424976,345.20155472337757,0.941984125,1.0,1.002797135706061
TMEM218,2,0.0009293708466662225,3784.3278498329933,7573.757743694387,35.13458698987617,7574.6556996659865,0.675155775,1.0,1.0033810066998057
TMEM221,2,0.00013517085290198802,1195.5874050915686,2394.782321261446,29.88706422244883,2397.174810183137,0.8332625,1.0,1.0030903954834167
TMEM222,2,0.00011968462309003202,2771.4673934177504,5546.034910751603,37.848275737267926,5548.934786835501,0.758709175,1.0,1.002596422603505
TMEM223,2,0.0029307174966995654,5694.146952615344,11393.779922710419,25.09588340520921,11394.293905230688,0.621349825,1.0,1.0027645644992313
TMEM229B,2,2.589870635180909e-5,169.60077705724458,342.022950298029,10.268200669458677,345.20155411448917,0.94165785,1.0,1.00382381908793
TMEM231,2,1.2895429975164447e-5,787.8825156583473,1580.743251726946,24.402766028619194,1581.7650313166946,0.862489175,1.0,1.0035499781356314
TMEM232,2,7.990416648320283e-6,103.036628716547,208.61393038768352,7.709005192409873,212.073257433094,0.9550752,1.0,1.0024332891661867
TMEM234,2,0.0002481469607523977,1251.6138484968308,2506.623931103023,30.761412844899958,2509.2276969936615,0.8491772,1.0,1.0031930809023042
TMEM237,2,0.0026935292914205757,3365.8189583077956,6743.366441153035,38.75974736635872,6737.637916615591,0.672940825,1.0,1.0028259575612593
TMEM241,2,0.0004404866110741201,1130.1159390252305,2264.4773606747003,29.411180295883387,2266.231878050461,0.8440408,1.0,1.0062648809165777
TMEM242,2,0.0008840330800707092,5108.560165665934,10221.98034259869,27.121481660039425,10223.120331331867,0.6100227,1.0,1.0049919773994809
TMEM243,2,0.0008534930954626569,4278.649084252028,8562.076326748722,33.15844238306403,8563.298168504056,0.649474175,1.0,1.0037824162619298
TMEM245,2,0.0011867470527541866,1912.556253650794,3845.3296340982124,35.72674591513674,3831.112507301588,0.7544077,1.0,1.0033542494512884
TMEM246,2,0.0010293207783297342,3056.045399293009,6116.532915986587,37.85625424018193,6118.090798586018,0.71548385,1.0,1.0019533054072824
TMEM248,2,0.0011537833803872395,3839.0274612963126,7683.0898453264235,35.12264157234782,7684.054922592625,0.683220475,1.0,1.0019522699830434
TMEM249,3,9.820162227158348e-5,862.7366356716251,1731.5086441235524,25.36532775757515,1731.4732713432502,0.85178505,1.0,1.0025123836976673
TMEM251,2,0.0013437696002455046,4271.187924765538,8547.342894116651,33.40660294207384,8548.375849531076,0.6449512,1.0,1.0026781988471007
TMEM253,2,3.639099717451001e-5,195.5715607410493,394.05546038438524,11.14997175838651,397.1431214820986,0.93730575,1.0,1.0045585193800435
TMEM254-AS1,2,0.0001156434428756047,315.4548637961831,634.9859821800438,14.701137198497722,636.9097275923662,0.91749325,1.0,1.0022360726320871
TMEM254,2,0.0005430820579769245,1781.2162006295005,3589.7089651650176,35.278584752464496,3568.432401259001,0.767652025,1.0,1.003862819881333
TMEM255B,2,0.0001277029705874743,1010.3113377059503,2041.4718114016757,27.49703651392781,2026.6226754119007,0.83312895,1.0,1.003297602873528
TMEM25,2,0.00011136185369358168,2787.8625407468103,5584.9772589809445,37.8434456006711,5581.725081493621,0.71814835,1.0,1.0030122985360308
TMEM260,2,3.694449400056479e-5,839.2171315627053,1681.5796969788253,25.13561349314277,1684.4342631254106,0.865822975,1.0,1.0033341247748246
TMEM261,2,0.0035335448440161356,7806.586640763459,15618.434813145554,14.306145443405157,15619.173281526919,0.492464175,1.0,1.010838178550149
TMEM27,2,2.7856149355284717e-5,174.8639979136267,353.5357981770317,10.450531585298585,355.7279958272534,0.9392636,1.0,1.0039268582400627
TMEM2,2,5.811670048931378e-5,798.9815697317697,1601.6633631812467,24.419161305462914,1603.9631394635394,0.866783375,1.0,1.0045790486014157
TMEM30A,2,0.0014756766876342705,3936.7304947022367,7928.112591495342,34.62850467017828,7879.460989404473,0.61234695,1.0,1.0032161625641494
TMEM33,2,0.0011382803949997165,3446.84096717434,6899.782604767879,37.077360125656426,6899.68193434868,0.689143025,1.0,1.0065222890504428
TMEM37,2,2.9911826267239937e-5,923.1908934991558,1849.5138369134906,26.51465866220391,1852.3817869983116,0.868932375,1.0,1.0023915307142854
TMEM39A,2,0.0007891309529522509,2285.5068808000974,4576.1362207738675,37.42054968814286,4577.013761600195,0.760477425,1.0,1.0049545885011473
TMEM39B,2,0.0005464267532815379,2646.971268522004,5297.254545744462,37.84683427750394,5299.942537044008,0.75678175,1.0,1.0016221079409884
TMEM40,2,0.00010339508537647327,2123.422570980714,4251.18201712648,36.774796776706914,4252.845141961428,0.7673502,1.0,1.006784535955774
TMEM41A,2,0.00023322341975696518,2195.7335756687025,4396.177263473575,37.09884692257488,4397.467151337405,0.766769475,1.0,1.002819356783202
TMEM41B,2,0.0008546195182230689,4854.910471959965,9716.4954859016,29.028878903206365,9715.82094391993,0.591628225,1.0,1.0040934121366116
TMEM42,2,0.0007765297664917713,3312.0752800436426,6628.987842143314,37.17912167481229,6630.150560087285,0.71805855,1.0,1.0058598494204638
TMEM43,2,0.0008447126302278684,2104.435599479594,4214.546801185182,36.72810279680573,4214.871198959188,0.7622628,1.0,1.0041833912650804
TMEM44-AS1,2,0.00016064364070436941,1195.8501845689827,2395.3030275014257,29.858947169302947,2397.7003691379655,0.839221275,1.0,1.0084569845573959
TMEM44,2,0.000609258467866255,1711.319052973887,3428.035670954944,34.52666396803432,3428.638105947774,0.78563825,1.0,1.0044126388903887
TMEM45A,2,0.0009467996157844176,2099.264678121975,4202.4414186113145,36.68460803837241,4204.52935624395,0.77330385,1.0,1.004658770568812
TMEM50A,2,0.003874256254492434,8866.846081787919,17744.748536104285,11.320714753658109,17739.692163575837,0.413682725,1.0,1.0109209294400154
TMEM51,2,0.0003334995819543035,1512.6518189928547,3028.82230969013,33.02584143946015,3031.3036379857094,0.833009075,1.0,1.0043151790145102
TMEM52,2,0.0010299416174608237,4668.37260647565,9341.427993685777,31.645066945589708,9342.7452129513,0.620487025,1.0,1.0091741220732273
TMEM53,2,0.000544548996744208,3444.959984329088,6893.993055337207,36.61148812044209,6895.919968658176,0.715382275,1.0,1.0079569962659602
TMEM55A,3,0.0005315712141639399,2876.673992341041,5759.435402787048,38.009076771601116,5759.347984682082,0.70835445,1.0,1.004452168629359
TMEM55B,2,0.0008260193383326166,4381.597224934496,8767.593953157842,33.80924222305875,8769.194449868992,0.641341975,1.0,1.0099356584071961
TMEM56,2,0.0003421220625762952,1329.2401292088819,2664.285268020589,31.215787055130285,2664.4802584177637,0.80965445,1.0,1.0025286918963934
TMEM57,2,0.00021830450362814684,2694.1335710220173,5392.270775642064,37.95231852659031,5394.267142044035,0.750261025,1.0,1.0017936457194159
TMEM5,2,0.002194548783558529,4916.714913941053,9838.17136878723,30.50452560963842,9839.429827882106,0.597039875,1.0,1.0038377997164623
TMEM60,2,0.0012534259963608272,4508.754196384826,9021.86061327815,33.221381303946224,9023.508392769652,0.64381635,1.0,1.0070156198814146
TMEM61,2,0.0003859136090068108,2799.108971230243,5602.834116660104,37.98883201026502,5604.217942460486,0.740321175,1.0,1.0047767306609539
TMEM62,2,4.094579221936109e-5,857.8853923030942,1720.4878543820407,25.556132894506842,1721.7707846061885,0.857968,1.0,1.0025313206370776
TMEM63A,2,5.256777133908532e-5,859.3554178318647,1723.1352838893506,25.40574733864816,1724.7108356637293,0.855463425,1.0,1.0026246223501145
TMEM63B,2,0.00017768717090715024,2613.8687092657515,5238.18075036796,37.88847911802439,5233.737418531503,0.7119186,1.0,1.0028171249144513
TMEM63C,2,5.977273280602507e-5,240.41477833107447,483.931729799384,12.565187679127996,486.82955666214895,0.929754825,1.0,1.00465244275599
TMEM64,3,0.00035323336720297636,3052.196863749044,6109.618968898442,37.641663503353634,6110.393727498088,0.70915485,1.0,1.0055319847875472
TMEM65,3,0.0001352167952415996,1316.14767161528,2637.396073650417,31.26284303661189,2638.29534323056,0.81676425,1.0,1.0064550193786554
TMEM68,2,0.002299723871914902,2618.390911635138,5240.361673487131,37.82912320384397,5242.781823270276,0.758714725,1.0,1.0027240483385624
TMEM69,2,0.0011709900412519728,3864.847820464472,7733.674778155867,34.69990674355784,7735.695640928944,0.696658375,1.0,1.0050867093706923
TMEM70,3,0.0027363839645618737,7035.659798294818,14076.569876600577,16.996045066806158,14077.319596589636,0.48941575,1.0,1.0093853704616178
TMEM74B,2,0.0001678681211731958,1506.1053905731812,3017.212216236242,33.15266316218588,3018.2107811463625,0.810964375,1.0,1.0025847568056778
TMEM79,2,3.857279996581515e-6,529.3764630021402,1061.8672860978518,19.67194780602706,1064.7529260042804,0.89695015,1.0,1.0041630326877031
TMEM80,2,0.0004628444684734686,3436.2381514290537,6875.802841323102,36.49205236878204,6878.476302858107,0.727265875,1.0,1.0014429406041196
TMEM81,2,3.639027257139625e-5,195.57155881722804,394.23842088200837,11.149766167264048,397.1431176344561,0.9363972,1.0,1.004237850370216
TMEM82,2,5.677861961639843e-7,32.764211515032436,68.50210667941343,4.11076517772682,71.52842303006487,0.971194325,1.0,1.0020279638065586
TMEM86A,2,2.9881378424802986e-5,180.09148753787395,362.9783217523879,10.630916202721957,366.1829750757479,0.94089655,1.0,1.0025867729308584
TMEM86B,2,1.5961631036855885e-5,381.6804232793253,770.144418727931,16.22474836027527,769.3608465586506,0.90669345,1.0,1.0033149113845214
TMEM87A,2,0.0013157455616169735,4629.290873996993,9265.346217668462,31.846458273633502,9264.581747993985,0.5942563,1.0,1.0040873738195113
TMEM87B,2,0.00017395363276790371,1360.4526756102987,2727.373158497314,31.67985596784805,2726.9053512205974,0.810128,1.0,1.0018295707163374
TMEM88,2,3.640412440656067e-5,195.56553222364872,395.53406840165843,11.149124047637514,397.13106444729743,0.935445425,1.0,1.001981450197386
TMEM8A,2,0.00014052476858149405,1288.6879188113282,2584.9974663370203,30.950811250634267,2583.3758376226565,0.81342135,1.0,1.0059834572072088
TMEM8B,2,1.8616743111050067e-5,654.3800931752465,1313.2171873110058,22.01228102989083,1314.760186350493,0.876257025,1.0,1.0040617081561687
TMEM92,3,0.0007183756072673433,3362.70236720712,6730.015992152446,37.251222614834994,6731.40473441424,0.697569,1.0,1.0040977633856059
TMEM97,2,0.0019462700151270718,6020.566221228289,12046.734974512083,28.998778964711974,12047.132442456577,0.54851285,1.0,1.0023492372838407
TMEM99,2,0.0009999628335003326,6069.589582688649,12143.894843426398,22.3079729902562,12145.179165377298,0.5600749,1.0,1.0071794122993047
TMEM9B,2,0.002851803031071626,5550.04058734456,11114.869516344554,24.83482034663178,11106.08117468912,0.53887845,1.0,1.0027262009358549
TMF1,2,0.0012480836982804938,4878.78995558692,9761.97712287411,29.60248826302054,9763.57991117384,0.6309918,1.0,1.0034620772086067
TMIE,2,2.5898595169648366e-5,169.60077676205594,341.96904367909394,10.2685150069619,345.2015535241119,0.943449925,1.0,1.0015532459053664
TMIGD2,2,3.1941673965091895e-7,25.43620491087879,53.031262397730224,3.6445495411821627,56.87240982175758,0.9740722,1.0,1.0027196661637536
TMLHE,2,0.00021160149685967134,1503.0560753524442,3010.2250948690566,33.030938895628445,3012.1121507048883,0.8092092,1.0,1.0056380438439012
TMOD1,2,7.900840331379904e-6,639.4292760683207,1283.3859370501227,21.800037290816707,1284.8585521366415,0.878069275,1.0,1.004754814357126
TMOD2,2,6.128258297805831e-5,959.6368178244351,1922.9131129082602,26.901711716701058,1925.2736356488701,0.848790725,1.0,1.0037314335076388
TMOD3,2,0.001359438622687439,5899.602739911095,11804.01933657254,23.7753451403522,11805.20547982219,0.566994375,1.0,1.0074283933368557
TMOD4,2,5.731956253129687e-7,32.76422587706683,70.40806970686276,4.103791611432342,71.52845175413366,0.970802775,1.0,1.0024349457176296
TMPO-AS1,2,0.0004037334265692243,904.5175608547929,1813.8385241888034,25.70732777419034,1815.0351217095858,0.8513347,1.0,1.002753193231602
TMPO,2,0.006864054878784569,5695.3293767059895,11396.058344099461,35.02888519406845,11396.658753411979,0.58211455,1.0,1.0017128222114393
TMPPE,2,2.2713465349190928e-6,59.98324561144607,122.48366438086886,5.679417650582576,125.96649122289215,0.963729625,1.0,1.0023032182372242
TMPRSS13,2,6.887836176508161e-5,254.89064201469427,512.8926659297499,12.997704145896469,515.7812840293885,0.928108425,1.0,1.0086106114624789
TMPRSS4,2,8.196120847740396e-5,273.89501413755397,551.9715312458341,13.548844146863363,553.7900282751079,0.9231515,1.0,1.001856487215029
TMPRSS6,2,1.7517354365882209e-6,53.42009364907434,111.75499715406153,5.325952777761336,112.84018729814868,0.9652048,1.0,1.0032134286424441
TMPRSS7,2,5.694582599321726e-7,32.76421595436174,75.24306651841813,4.104726361499748,71.52843190872348,0.9708301,1.0,1.0025979120549162
TMPRSS9,2,5.730057975639735e-7,32.764225373074154,67.90225048657382,4.110019523655594,71.52845074614831,0.9712443,1.0,1.0023215937011818
TMSB15B,2,3.871727271146673e-5,200.66149011363572,404.22658677740685,11.317468489137015,407.32298022727144,0.937133775,1.0,1.0025453420646127
TMTC1,2,2.0465108963903297e-5,153.58305449088266,310.3113290766037,9.695921304274398,313.1661089817653,0.943622425,1.0,1.0104974088765093
TMTC2,2,0.00014889971268406847,834.1150808464929,1672.2101045439717,25.23810304382683,1674.2301616929858,0.86758545,1.0,1.002448574640687
TMTC3,2,0.00034964804928088605,1812.1461698728326,3627.9179325434884,35.38100138505097,3630.2923397456652,0.80590145,1.0,1.0046563574691476
TMTC4,2,0.0002541350814757727,1380.467704680751,2766.069675222172,31.80806687101511,2766.935409361502,0.8099283,1.0,1.0017980092477494
TMUB1,2,0.0020400671395674297,6268.114904863829,12540.930960679481,21.54243121101461,12542.229809727658,0.539644175,1.0,1.0049001551166636
TMUB2,2,0.00017845446227435986,2650.5333942442317,5305.60033916139,37.96118486889176,5307.066788488463,0.737476325,1.0,1.0032060778401495
TMX1,2,0.0017489522313056454,5614.390263414647,11244.935389093282,23.52623061751782,11234.780526829294,0.53909475,1.0,1.0110807411804645
TMX3,2,0.0008746990609667468,1893.3040509660743,3803.4524868828553,35.64823983694887,3792.6081019321487,0.7571695,1.0,1.0043566575065608
TMX4,2,0.0010873364933569156,2185.0362992659166,4374.1132297514305,37.18754900398551,4376.072598531833,0.793638675,1.0,1.002562600483112
TNFAIP1,2,8.447029008549651e-5,2424.560317228869,4852.938053330503,37.62952730102834,4855.120634457738,0.765588825,1.0,1.0014661467602648
TNFAIP2,2,0.0007438320081128761,2154.0372158110085,4314.319052509911,36.900949066190634,4314.074431622017,0.751749675,1.0,1.0036386442755538
TNFAIP3,2,5.133638103560763e-5,225.71091898181152,454.2460351815402,12.114772716793738,457.42183796362303,0.9380473,1.0,1.0027498734449984
TNFAIP8L1,2,0.0028259144926284863,2879.599559393143,5763.860307189851,39.01947223453671,5765.199118786286,0.707667975,1.0,1.0050328656049832
TNFAIP8L3,2,2.2710855732687693e-6,59.98324491859289,122.61490081614828,5.679107661676357,125.96648983718578,0.963694825,1.0,1.0020155308234366
TNFAIP8,2,0.000305950986371605,1323.6678646406192,2651.5673797356053,31.184352838635387,2653.3357292812384,0.827352475,1.0,1.0015579947705795
TNFRSF10A,2,0.0007863791898517302,2026.546962673389,4056.214014917959,36.37677969799088,4059.093925346778,0.8010535,1.0,1.0064117275552409
TNFRSF10B,2,0.0004195491220550324,2799.3066448761897,5603.855700007827,38.37632521886541,5604.613289752379,0.721331125,1.0,1.0066244475752621
TNFRSF10C,2,5.4831406507503444e-5,836.0988702823391,1675.817983006488,25.031605501626057,1678.1977405646783,0.861572075,1.0,1.0046520864043527
TNFRSF11A,2,6.577944307594417e-5,250.0862234672962,503.2847680619029,12.85544647252783,506.1724469345924,0.928728,1.0,1.006229975530939
TNFRSF12A,2,0.005580574568166643,9988.435917965791,19982.625821583388,13.09036705014823,19982.871835931583,0.43053305,1.0,1.0008520955396818
TNFRSF13C,2,3.5490445735747026e-6,72.74762081335031,157.67157733549996,6.323922925956233,151.49524162670062,0.959879175,1.0,1.0028968724606548
TNFRSF18,2,0.0033422607998209674,6915.575240385958,13851.353957354999,17.076401812057664,13837.150480771916,0.478604625,1.0,1.0034736468802294
TNFRSF19,2,6.958185501061227e-6,97.13605898216284,196.89540239242254,7.453173091112345,200.27211796432567,0.955246,1.0,1.003118656278977
TNFRSF1A,2,0.0016773857944795145,3983.721018406002,7971.905181811068,34.372067072801514,7973.442036812004,0.706881625,1.0,1.001730668182246
TNFRSF1B,2,3.196476402135783e-7,25.43620552391978,53.07707230080945,3.651837745710271,56.87241104783956,0.973839225,1.0,1.0050781462577387
TNFRSF21,2,0.0004640251557410598,1747.7003935316543,3499.1676248167214,34.83517688518403,3501.4007870633086,0.79756805,1.0,1.0039281933094657
TNFRSF4,2,4.566218514933671e-10,1.2123310157148896e-6,1.12876804574012,1.1441223993092332e-14,6.000002424662031,0.982657975,1.0,1.0014923632994797
TNFRSF8,2,6.611134761682585e-9,1.7552562792267264e-5,1.338404515673747,1.4012580408118172e-14,6.000035105125584,0.982466825,1.0,1.0067866405505101
TNFRSF9,2,3.1928291214619636e-7,25.436204555566764,53.064526456182456,3.644759082890776,56.87240911113353,0.973840175,1.0,1.0040698031949222
TNFSF10,2,2.2709735820054604e-6,59.983244621256084,122.3242579471313,5.680152620261016,125.96648924251217,0.964087425,1.0,1.0017168434308463
TNFSF18,2,1.8802894833979627e-5,148.15395243782956,299.0388454679901,9.497341017593355,302.3079048756591,0.945765525,1.0,1.0035549941152768
TNFSF4,2,5.137422301750484e-5,225.6966012864225,454.3584466770851,12.114679478212569,457.393202572845,0.933888625,1.0,1.0034744811463276
TNFSF9,2,1.0895572058781847e-5,521.914335623996,1046.8407066342115,19.431868634991325,1049.828671247992,0.90255815,1.0,1.0027397989197941
TNIK,2,0.0011619320679989024,2904.3099384942107,5813.398651064366,38.597709002078474,5814.619876988421,0.704242625,1.0,1.0079633712290885
TNIP1,2,0.001028424108765084,3346.581524694947,6697.6511113952365,37.304236423651666,6699.163049389894,0.6936169,1.0,1.002857641144043
TNIP2,2,0.0016626002041861378,5250.3006688322685,10505.595079435723,27.48185876871543,10506.601337664537,0.60127225,1.0,1.0124072763032728
TNK1,2,5.089411086357673e-5,875.8010535187326,1754.8448156863055,25.669212806866547,1757.6021070374652,0.86757545,1.0,1.0040978936751106
TNK2,2,5.1010190498065525e-5,1020.4911733106343,2045.1352653071156,27.884068125858875,2046.9823466212686,0.847780925,1.0,1.0016620361971578
TNKS1BP1,2,0.00016475438959057134,1053.51612853651,2111.183380327891,28.04505898907607,2113.03225707302,0.8431363,1.0,1.0040632347755545
TNKS2-AS1,2,2.168870684743387e-5,579.9005789526365,1163.3872563573238,20.56054114181799,1165.801157905273,0.885459975,1.0,1.0042892408959108
TNKS2,2,0.0007038357322986218,2061.9960078615486,4127.236446198424,36.566298038661145,4129.992015723097,0.79251915,1.0,1.0048658603244747
TNKS,2,5.4758356677701575e-5,2242.8537685802967,4490.088139246914,37.18269254108844,4491.707537160593,0.759417425,1.0,1.0033172792394822
TNNC1,2,0.00017036368131981156,2127.016174842755,4266.924846246425,36.82753476089991,4260.03234968551,0.742641475,1.0,1.0058470734435445
TNNC2,2,1.1503970177939487e-5,120.36555644896234,243.4542571462637,8.426774021942352,246.73111289792467,0.950375825,1.0,1.0018112556288887
TNNI3,2,0.004308338456884414,6966.035540940432,13944.668625424698,17.57774644919518,13938.071081880864,0.503192175,1.0,1.0156240076357763
TNPO1,2,0.000593765249815447,3347.621410067551,6705.398664035279,37.136056702335125,6701.242820135102,0.6640531,1.0,1.004345557039376
TNPO3,2,0.0006487365471167426,2077.952732198741,4159.308833748204,36.66181152243909,4161.905464397482,0.79163,1.0,1.0037111320065213
TNRC18,2,6.916302649737529e-5,1191.1891422448712,2385.536091997353,29.948899109258093,2388.3782844897423,0.84575485,1.0,1.0033323961598979
TNRC6A,2,0.0004161899658094994,2814.3021462360925,5632.808807907237,37.98068285185866,5634.604292472185,0.7473714,1.0,1.001554395550477
TNRC6B,2,0.0025641268063441884,7517.412449569674,15040.130077747033,15.523315847724959,15040.824899139348,0.528747975,1.0,1.0062081040891029
TNRC6C,3,0.00039733510202219724,2834.9267489249833,5674.576539889763,38.27399989751131,5675.8534978499665,0.720342825,1.0,1.0084109208556866
TNS1,2,3.577446115359543e-6,416.2060306590595,835.3385946553749,17.137813736737943,838.412061318119,0.908395025,1.0,1.0024792499172444
TNS3,2,3.944796439540292e-5,568.0917062575152,1140.2415466558355,20.26120046748943,1142.1834125150303,0.886821525,1.0,1.003289314721984
TNS4,2,6.5598591596498e-5,365.98142537950486,736.4475211767442,15.688889227632407,737.9628507590097,0.910879125,1.0,1.001399060641134
TOB1,3,0.0019774605271106536,5280.306871045538,10565.255731603234,28.309728798718602,10566.613742091076,0.620240825,1.0,1.01432896895917
TOB2,2,0.001731102908044848,5181.305228205683,10366.887535963944,28.10550165403962,10368.610456411367,0.643477675,1.0,1.006598283088628
TOE1,2,0.00010574789941342716,1331.709612053562,2666.3247603819136,31.469567934445248,2669.419224107124,0.853545725,1.0,1.0041358574597214
TOLLIP-AS1,2,6.376867091939624e-5,747.1749200389355,1498.668035942434,23.529618318629343,1500.349840077871,0.865935775,1.0,1.0035539171921966
TOLLIP,2,0.00064848018778913,3300.9882784775546,6606.93738182149,37.24394247291109,6607.976556955109,0.708002325,1.0,1.0020809021187136
TOM1L1,3,0.0005801450811175558,4455.688074214739,8929.66245829731,31.873226316943505,8917.376148429477,0.596288125,1.0,1.0074741457703715
TOM1L2,2,0.00032753220477109836,1094.8897524499012,2193.191594875084,28.951592805952234,2195.7795048998023,0.858192825,1.0,1.003174217041556
TOM1,2,0.00019940571479180126,1587.632499799623,3179.0102008948797,33.80078224570726,3181.264999599246,0.81570495,1.0,1.00852935412709
TOMM20L,2,8.871641385847291e-7,39.83954664161226,81.94004526593604,4.551725821081884,85.67909328322452,0.969471825,1.0,1.001506530056022
TOMM20,2,0.005813501639322829,11201.825821763354,22411.13333251594,7.694723564515227,22409.651643526708,0.347860075,1.0,1.012961820832278
TOMM22,2,0.00849436210010898,11949.29433942105,23906.652233315468,6.924692191195263,23904.5886788421,0.3183271,1.0,1.0072882700957022
TOMM34,2,0.0006984238706667682,4158.796773943159,8362.425964920953,34.98667172252999,8323.593547886318,0.607456725,1.0,1.0052782106832137
TOMM40L,2,8.764805820798512e-5,1068.1834230026645,2139.600786368843,28.355133913396237,2142.366846005329,0.8509955,1.0,1.00277931948192
TOMM40,2,0.002809902810193719,7929.591072173525,15866.95278988244,17.02828507600886,15865.18214434705,0.492982675,1.0,1.0020344175781342
TOMM5,2,0.003286653737416976,7143.560940844204,14294.545573677944,18.256916253795612,14293.121881688408,0.4798069,1.0,1.0043657147200558
TOMM70A,2,0.0013028991404458283,3888.28174729598,7781.331060653226,34.83269081226185,7782.56349459196,0.68869055,1.0,1.0056168982637042
TONSL,3,0.0003829537028687066,1073.7040396610328,2158.411869824474,28.136090432660218,2153.4080793220655,0.82953345,1.0,1.00123011369472
TOP1,2,0.0068066764037562925,9596.576968557698,19198.256799861516,10.724533514907604,19199.153937115396,0.397533025,1.0,1.003463764632242
TOP2A,2,0.006995077888133484,4390.272678602405,8786.880348076147,43.920394239255565,8786.54535720481,0.66582265,1.0,1.0024836866990254
TOP2B,2,0.0006961220398156058,3290.1716415957267,6586.622822414288,37.6535938594944,6586.343283191453,0.684883525,1.0,1.0028264513378267
TOP3A,2,0.00013667258849027348,918.2202601316982,1840.6362514965263,26.15743991497574,1842.4405202633964,0.852579725,1.0,1.0031046782421176
TOP3B,2,0.00010234796393336869,1240.4482376248404,2483.928679734107,30.465175625572126,2486.896475249681,0.84443025,1.0,1.0044688724132733
TOPBP1,2,0.002034964713933369,2806.8399117960416,5618.412101882135,38.95028667627644,5619.679823592083,0.715038025,1.0,1.0095125939986385
TOPORS-AS1,2,0.0007712692617659646,3517.0802986105427,7039.083732297644,36.58881883537174,7040.1605972210855,0.6898974,1.0,1.0049452719335166
TOPORS,2,0.0012727402139068463,3778.3089555935753,7561.356179876085,35.79256340509737,7562.617911187151,0.722325275,1.0,1.0097592726612166
TOR1AIP1,2,0.00010155642778266667,2375.619801449742,4754.688914888979,37.53104684049922,4757.239602899484,0.76944975,1.0,1.0028981902630794
TOR1AIP2,2,0.000865293991389062,4782.007849044732,9568.33100528794,29.892187378231277,9570.015698089464,0.652602275,1.0,1.0092384760827573
TOR1A,2,0.0010546376369538343,3750.297311440598,7505.713338449431,35.62126635608291,7506.594622881196,0.688307075,1.0,1.0040708575686275
TOR1B,2,0.00010309746743799229,1227.240998483434,2457.9365636671796,30.431310369540167,2460.481996966868,0.846483625,1.0,1.0034266708902595
TOR2A,2,0.0002599782325101489,2654.713553630484,5314.540751661148,38.15721792048833,5315.427107260968,0.724315625,1.0,1.0052415396230123
TOR3A,2,0.0005568867083212974,2729.3989370982185,5465.7692922283,38.21233547123331,5464.797874196437,0.70435765,1.0,1.0018172893085977
TOR4A,2,8.357456381527391e-5,1163.9898762689097,2331.079755953063,29.697827134821996,2333.9797525378194,0.86113925,1.0,1.004115386548014
TOX2,2,0.0005075434814434915,2270.8357938122463,4546.277577387455,37.295712668695,4547.6715876244925,0.75546065,1.0,1.004160819258869
TOX4,2,0.001119745734478852,5236.64670458875,10477.719776791691,25.882559440323135,10479.2934091775,0.6221063,1.0,1.0048491026894613
TOX,2,2.2740681482286163e-6,59.98174383081266,123.82263368578279,5.6781499428742475,125.96348766162532,0.9634617,1.0,1.0031923293783664
TP53AIP1,2,1.7471467344270461e-6,53.4200814660701,109.36019535355076,5.328028176814839,112.8401629321402,0.96543645,1.0,1.0041261066435618
TP53BP1,2,0.00023469805326548817,2801.079150334667,5606.2192467552595,37.890083499458385,5608.158300669334,0.738039725,1.0,1.002465088765486
TP53BP2,2,0.00040440280529902,1782.1281943453284,3567.209561107049,35.10292682139043,3570.256388690657,0.81685555,1.0,1.0037954883864548
TP53I11,2,0.0030165626263375716,2379.8504499435076,4777.442179119562,37.64375255659526,4765.700899887015,0.719133875,1.0,1.0019216610880506
TP53I3,2,0.0041173947881326094,5284.094671072818,10576.894729629414,30.817927766522086,10574.189342145635,0.561844675,1.0,1.007511883869866
TP53INP1,3,0.0004437816597233545,1381.3136615522567,2767.0256238563807,31.722435310162496,2768.6273231045134,0.81644615,1.0,1.0042436802322166
TP53INP2,2,8.752901979454493e-6,606.1608850932271,1215.715952194015,21.15408424965697,1218.3217701864542,0.884462725,1.0,1.0036692520699102
TP53RK,2,0.0018472296765868958,4058.3987150118796,8121.292245630557,34.01020051147332,8122.797430023759,0.702157925,1.0,1.0040576242149244
TP53TG5,2,1.4376286435235543e-8,3.8169040485550364e-5,10.168693731954178,8.090170928281172e-15,6.000076338080971,0.9815168,1.0,1.0019732397777206
TP53,2,0.0006654537813603482,4733.905763653338,9474.876339728258,30.46928195338567,9473.811527306676,0.59524175,1.0,1.008552761776088
TP73,2,2.2592564293857874e-5,835.4633910675882,1673.8526428536268,25.13199250604243,1676.9267821351764,0.874198575,1.0,1.0025707409243778
TPBGL,2,1.2819116824680774e-5,126.02525623832396,254.79862449144488,8.652026365044994,258.0505124766479,0.94936305,1.0,1.0072622730602638
TPBG,2,0.0005357815221546233,3048.195800772495,6100.439792349107,37.70755632583375,6102.39160154499,0.733537975,1.0,1.0046260366054385
TPCN1,2,0.00019796793369676168,1272.9120463843656,2550.828646733773,30.707595184297485,2551.824092768731,0.8182562,1.0,1.0029168375812891
TPCN2,2,0.00018916590693235851,714.0239780097155,1431.5241086066349,23.261791892958268,1434.047956019431,0.8817388,1.0,1.0032235624585235
TPD52L1,2,0.0022041015897071134,6979.488557635062,13966.517468015923,17.738781673792797,13964.977115270123,0.478634025,1.0,1.0033123384123377
TPD52L2,2,0.003031861959725931,5658.460251602177,11330.909413291483,24.412177889439135,11322.920503204354,0.538282325,1.0,1.0040580495762337
TPD52,3,0.003962737275907323,6869.426728279362,13756.583254431594,17.52901917197298,13744.853456558723,0.4789964,1.0,1.0031844460598158
TPGS1,2,0.002892404261986604,6690.309175647377,13385.216871774552,17.72470955029378,13386.618351294754,0.540393975,1.0,1.0069859975234199
TPK1,2,6.159571537523054e-5,764.6025940852285,1533.1051386079312,23.83528332925515,1535.205188170457,0.868068975,1.0,1.0109372488478798
TPM1,2,0.0013850827970740792,5258.03639668814,10524.479822895815,26.793814073339234,10522.07279337628,0.563610175,1.0,1.0066656822484121
TPM3,2,0.006644220384446904,10355.57348923843,20766.666161032732,9.146065363940192,20717.14697847686,0.351419475,1.0,1.0092780532680001
TPMT,2,0.0009444868538868792,3349.900062963025,6716.013596021396,37.377115427835214,6705.80012592605,0.6572907,1.0,1.006676716045063
TPP2,2,0.0007924849609504273,2259.123888242193,4523.910915365039,37.26965132603772,4524.247776484386,0.741205075,1.0,1.0026191900822479
TPPP3,2,9.621435449772501e-5,292.557376524127,588.2046185912562,14.076043941691294,591.114753048254,0.92443675,1.0,1.0030532861859105
TPPP,2,6.577907633682768e-5,250.08622249378723,503.2415401262543,12.855634626370835,506.17244498757447,0.929261925,1.0,1.002098204914232
TPRA1,2,0.0010529346687371435,4634.171918387593,9272.96182697942,32.243054236946705,9274.343836775186,0.641928475,1.0,1.0158615765302212
TPRG1L,2,0.00026080843335080615,2942.4918606051633,5892.74888113735,37.82153718733946,5890.983721210327,0.699329375,1.0,1.0027335551363956
TPRG1,2,3.2271180175640185e-5,669.0202315551842,1341.468280860095,22.228937829355935,1344.0404631103684,0.88000035,1.0,1.0016819075859735
TPRKB,2,0.006103812120594633,8688.788236345517,17382.68482019636,13.940795495988125,17383.576472691035,0.437464025,1.0,1.00420262553369
TPRN,2,3.239346495673977e-5,989.7703289819142,1982.6930544460122,27.445717524609798,1985.5406579638284,0.864368825,1.0,1.007112684100919
TPR,2,0.006596863072301436,10232.246645281146,20469.565452675022,9.143182251015348,20470.49329056229,0.376536125,1.0,1.0081234243059969
TPST1,2,0.00033017900762879733,1735.5141869396632,3474.337225216581,34.91897623244152,3477.0283738793264,0.82335215,1.0,1.0047100216806384
TPST2,2,0.0005404023136854872,2008.0809944558698,4019.470187396388,36.41401372078919,4022.1619889117396,0.80408545,1.0,1.0091864729891662
TPX2,2,0.010978399410580751,5377.999169608817,10764.035194588656,43.360367114219386,10761.998339217635,0.634361475,1.0,1.0026423370095319
TRA2A,2,0.0022139566702441887,5653.018251929483,11314.66148243735,24.140796039273297,11312.036503858966,0.567273925,1.0,1.0114761544063464
TRA2B,2,0.005161887468711421,8710.251595440657,17425.50144202825,11.915069516930625,17426.503190881314,0.437894875,1.0,1.0061244405705305
TRABD2A,2,2.60414980014178e-6,517.6487574263623,1038.4795654713969,19.421887041496337,1041.2975148527246,0.89563245,1.0,1.0028538094604365
TRABD2B,2,8.899436217949989e-7,39.83955402114019,81.99489912169511,4.55095663515659,85.67910804228038,0.969285375,1.0,1.0024770203865248
TRABD,2,0.002496902398454752,5647.299255702938,11305.626827885688,24.469256193367507,11300.598511405877,0.550417875,1.0,1.0047337833616838
TRADD,2,0.00099396386889745,4288.943093493424,8582.608594725894,33.57773332848095,8583.886186986849,0.627472925,1.0,1.0050824107600433
TRAF1,2,2.8757842536353687e-6,66.42110660788501,136.84375281996373,6.010152214661555,138.84221321577002,0.961790975,1.0,1.0031335898684295
TRAF2,2,0.00048146517520794715,1585.080590645855,3174.297883089588,33.58902806070378,3176.16118129171,0.81299,1.0,1.0014294339485696
TRAF3IP1,2,0.0015303153720821125,3347.114853561927,6698.781687060475,37.4696242552952,6700.229707123854,0.68140325,1.0,1.0030953025659592
TRAF3IP2,2,0.00027716090327361024,1639.1232489667884,3281.1605610495358,34.132237054074636,3284.246497933577,0.832506875,1.0,1.0055733442864045
TRAF3,2,0.0004403411234963461,1661.2558716910044,3326.9821870029314,34.21221215235055,3328.5117433820087,0.79249005,1.0,1.0014701952596339
TRAF4,2,0.0010991307485046934,5087.349139379131,10179.728987187911,29.04788157207721,10180.698278758262,0.64715575,1.0,1.0111150212532436
TRAF5,2,3.093894254985692e-5,844.729002653396,1692.7328049858852,25.346046140151614,1695.458005306792,0.87153035,1.0,1.0059461786882697
TRAF6,2,7.632011905886573e-5,997.5014653642726,1998.2161965574342,27.40826514052865,2001.0029307285452,0.8672653,1.0,1.0042388414305254
TRAFD1,2,0.0004427314843578751,1890.1081258879617,3783.4706593742767,35.77155146744331,3786.2162517759234,0.803679675,1.0,1.003518305232265
TRAIP,2,0.00020530052843987116,769.0868935667052,1542.8005304984918,23.691359291752384,1544.1737871334103,0.864272075,1.0,1.003469355635094
TRAK1,2,0.0002658063233230563,1142.3839865038171,2288.3319707654355,29.518798677974186,2290.7679730076343,0.852076025,1.0,1.0030914209498691
TRAK2,2,4.7508550835807393e-5,759.8881827034792,1523.181129069376,23.994528395606405,1525.7763654069583,0.876409075,1.0,1.0050464875240146
TRAM1,3,0.0022106367001487473,7461.442421735976,15020.944948596036,15.151993470572226,14928.884843471951,0.440371825,1.0,1.0046446650512713
TRAM2-AS1,2,0.00021390414843003888,1095.96762739077,2196.4037047854117,28.555528161179605,2197.93525478154,0.83530915,1.0,1.0045160299018503
TRAM2,2,7.284609946531463e-5,852.8200882673489,1709.4205133070716,25.255856732750917,1711.6401765346977,0.862182625,1.0,1.0033531244588145
TRANK1,2,6.9586672619586555e-6,97.13606026123801,197.03923648965974,7.452978862397665,200.27212052247603,0.954973075,1.0,1.0018364149812278
TRAPPC10,2,0.0015429677476453928,2364.9780978571603,4735.008243767914,37.65193609036691,4735.9561957143205,0.73501655,1.0,1.0037093065333582
TRAPPC11,2,7.43568581881881e-5,1155.4003765133757,2314.965274679484,29.592063951743015,2316.8007530267514,0.8355647,1.0,1.0028962455365829
TRAPPC12,2,0.0004765447951642011,2270.4543521581986,4544.468508797315,37.26351245257139,4546.908704316397,0.7772011,1.0,1.0032191983850904
TRAPPC13,2,0.00019730932049876528,1461.5087840989574,2926.6775135601993,32.66112468842797,2929.017568197915,0.815791675,1.0,1.0027057165028441
TRAPPC2,2,0.00027034522551108297,2291.058646476296,4586.243789979748,37.33296529077714,4588.117292952592,0.7664165,1.0,1.0027682509083207
TRAPPC3,2,0.004883938072213859,7928.902640568016,15862.43443666195,13.46692352236713,15863.805281136032,0.4535544,1.0,1.0096368174141155
TRAPPC4,2,0.0017913752415472416,6346.132777762041,12697.979534250164,20.448114097249345,12698.265555524082,0.57735225,1.0,1.012502446683665
TRAPPC5,2,0.000831199596286651,933.7679969346264,1872.8766473850815,26.85366865560472,1873.5359938692527,0.853764525,1.0,1.0019748489633742
TRAPPC6B,2,0.00010377505721670878,2140.9472789839247,4286.897683971782,36.87621483172717,4287.894557967849,0.75631935,1.0,1.0025102858052366
TRAPPC8,2,0.00010456068281766079,1353.2630062688838,2709.779431242704,31.707937927244288,2712.5260125377677,0.83458325,1.0,1.0036437506320126
TRAPPC9,3,9.209235832673035e-5,1312.1374919211942,2633.716273426635,31.290999017952256,2630.2749838423883,0.8125567,1.0,1.0022783736479972
TRDMT1,2,7.576915896505672e-5,1044.7801713884858,2093.7773811141633,28.224175509677732,2095.5603427769715,0.84531705,1.0,1.0019879815227906
TRERF1,2,6.739043026662886e-5,1067.761865894067,2138.642998553316,28.392350341892676,2141.523731788134,0.852550125,1.0,1.0053655328944588
TREX1,2,0.0003558799304389134,1540.6564082590794,3084.9243559746205,33.25994810918612,3087.312816518159,0.81909815,1.0,1.002791352280495
TRHDE,2,1.4205811108578008e-5,131.63230108158604,266.6157716188933,8.870922674502468,269.26460216317207,0.94747725,1.0,1.0026030513412718
TRIAP1,2,0.003982620353694837,7236.3844308168,14477.850185070822,19.27309956031304,14478.7688616336,0.502368275,1.0,1.0063224493689338
TRIB1,3,0.004091207994897979,6055.994427572696,12118.834401688762,26.47995399701415,12117.988855145391,0.5638727,1.0,1.0040194505798303
TRIB2,2,2.722127476124919e-5,754.0927335309592,1511.2480232637186,23.761650859413045,1514.1854670619184,0.8775775,1.0,1.0033082958497301
TRIB3,2,0.0013371815466689616,3235.170113489989,6474.530913736831,38.01402493845739,6476.340226979978,0.71255945,1.0,1.0047327408602105
TRIM11,2,0.00012019191583391145,2394.2366800628206,4792.264545416075,37.57779145759248,4794.473360125641,0.7899962,1.0,1.0018330173008057
TRIM13,2,0.00042340742994618276,3082.3457007143024,6168.260476480833,37.57714896370148,6170.691401428605,0.764435025,1.0,1.0028279508493338
TRIM14,2,0.00039779531297186684,1793.4042174072565,3593.494998782103,35.18452194773246,3592.808434814513,0.777405875,1.0,1.005297155119019
TRIM16,2,0.0009314387989299175,2357.9902518982153,4720.129084540243,37.49345586816346,4721.980503796431,0.768676675,1.0,1.0025020627396017
TRIM21,2,9.582173712717389e-5,1154.3714975573384,2311.87651467554,29.446779025636825,2314.742995114677,0.845031975,1.0,1.003633141766599
TRIM23,2,0.00022652250638465616,1541.4906655241589,3086.1071230759912,33.362991990073795,3088.9813310483178,0.823267525,1.0,1.003541779811777
TRIM24,2,0.0006445526035939754,2032.243390212661,4067.7846742027064,36.5520731013406,4070.486780425322,0.812168425,1.0,1.0029792656425054
TRIM25,3,0.0016578522534566144,3681.507976196413,7372.743167552918,36.577843057462886,7369.015952392826,0.6454113,1.0,1.003391850327047
TRIM28,2,0.003967403713508268,8622.881321897816,17264.651214353336,11.6961298362443,17251.76264379563,0.473732425,1.0,1.0159524069417056
TRIM29,2,8.957108892625732e-7,39.83956933323531,84.03850635995734,4.545736366977894,85.67913866647062,0.96871305,1.0,1.0025524126603873
TRIM2,2,0.002398533890074932,4909.664384161206,9824.170811237007,30.113873105296452,9825.328768322412,0.5924576,1.0,1.00664027098061
TRIM32,2,0.00022469267613474584,2396.0614558223806,4795.207178424247,37.56412484962131,4798.122911644761,0.79119015,1.0,1.0019227713825154
TRIM33,2,0.0003889183161295781,2928.965413455964,5862.312928379887,37.95374139003009,5863.930826911928,0.7265421,1.0,1.0044069838633125
TRIM35,2,3.2348955559793766e-6,445.3348713635632,893.5769022602268,17.81871965463306,896.6697427271264,0.9063717,1.0,1.0055694257294383
TRIM36,2,0.0003427291618906153,489.25320347661864,981.809419981684,18.904568303120378,984.5064069532373,0.90537725,1.0,1.0034760373611276
TRIM37,3,0.0018715056252737868,3630.39320257092,7276.45123973152,37.14573244176871,7266.78640514184,0.644830925,1.0,1.002711015622849
TRIM38,2,0.0016508613290334977,3572.605690524797,7149.761315204492,37.20833639360936,7151.211381049594,0.6923361,1.0,1.0039845749127745
TRIM3,2,2.15097470553725e-5,900.7922925188084,1805.2242377765804,26.17120521846312,1807.5845850376168,0.85888165,1.0,1.0018620610147846
TRIM41,2,0.00029814891035447836,1748.8150735534712,3501.729171602198,34.97420688078024,3503.6301471069423,0.8015939,1.0,1.0014376967614136
TRIM44,2,0.0010027469742194294,3463.3658785775333,6933.267500252107,37.32588977176499,6932.731757155067,0.67867625,1.0,1.0023468657156192
TRIM45,2,5.35189889335705e-6,311.07733357059317,626.7110109499422,14.48016375966267,628.1546671411863,0.917178375,1.0,1.0026737466303726
TRIM46,2,3.3005275371849385e-6,441.210676938364,886.2925144962023,17.72105957393728,888.421353876728,0.90011195,1.0,1.0019382934856338
TRIM47,3,0.0016407354962785024,5109.802460713685,10224.283573576315,29.383033509272522,10225.60492142737,0.62387895,1.0,1.00364215488217
TRIM4,2,0.0004903386398037742,3270.5189199609686,6545.598201887672,37.297443023215415,6547.037839921937,0.722785,1.0,1.0019061615176963
TRIM50,2,7.430480244910604e-9,1.9727925050237653e-5,1.4301202097372399,1.1441223993092332e-14,6.000039455850101,0.982293475,1.0,1.0032566015173334
TRIM52-AS1,2,0.0008074661717513305,2859.43621984608,5724.639060496164,37.97117130623092,5724.87243969216,0.71711945,1.0,1.0027016358504939
TRIM52,2,8.698789186791872e-5,915.128541307826,1833.9151818904468,26.190529041116623,1836.257082615652,0.862130625,1.0,1.0019024958218072
TRIM55,2,1.7416941975143601e-6,53.4200669895846,109.44475347406714,5.3270390961769545,112.8401339791692,0.965386125,1.0,1.0029390308788422
TRIM56,2,0.00018052151578009702,1427.107424846497,2857.2214604027818,32.34730738507617,2860.214849692994,0.833171825,1.0,1.006548663579125
TRIM59,2,0.0009085659531489371,1562.6402522405317,3130.016097913143,33.30035159012442,3131.2805044810634,0.804648975,1.0,1.0038930951079537
TRIM5,2,0.00040332944792026654,1839.5600562958134,3682.7590172198043,35.48175813234098,3685.120112591627,0.797689625,1.0,1.0015809325023717
TRIM62,2,2.5670025033318483e-5,583.0389277364945,1169.2492205146368,20.778392036658456,1172.077855472989,0.895762625,1.0,1.002357047583089
TRIM65,3,0.0005155386841657332,1800.004068440389,3603.4339920359657,35.18031369773451,3606.008136880778,0.8005294,1.0,1.0020706953006993
TRIM66,2,3.878350775254226e-5,832.5583759754802,1677.8846268581924,25.01973226298009,1671.1167519509604,0.8525413,1.0,1.001523620046137
TRIM68,2,0.00042428228347970564,532.5739130789896,1068.474835994723,19.832882487119647,1071.1478261579791,0.902041725,1.0,1.0077582207594626
TRIM69,2,0.000804319892410826,1912.391098877069,3828.648907002548,35.78436644981325,3830.782197754138,0.79509565,1.0,1.002927905856059
TRIM6,2,3.1211415404302906e-6,457.6195748665563,918.6655479834383,18.097771900603636,921.2391497331126,0.900025775,1.0,1.0021835346645058
TRIM72,2,3.1022178851386954e-6,457.63643067098684,918.5859372848967,18.09764042847988,921.2728613419737,0.900364875,1.0,1.0029218195965952
TRIM7,2,0.0013510576167658488,5753.636397308228,11512.39984477382,26.296301314039887,11513.272794616456,0.5828503,1.0,1.004485581100559
TRIM8,3,0.00044693824771225075,1905.437185314379,3814.1108661173707,35.92060018368415,3816.874370628758,0.817441825,1.0,1.004942075187727
TRIM9,2,8.199215817903927e-5,273.88597380124287,550.9502627237238,13.549653676110255,553.7719476024857,0.92519295,1.0,1.0035550466784444
TRIML2,2,0.0005745822085839516,1705.7266208250835,3421.0487204156866,34.4872421770498,3417.453241650167,0.77671905,1.0,1.0028231933871015
TRIOBP,2,0.0053321800379589135,7677.651191151873,15363.381062375876,16.799388323136995,15361.302382303746,0.4893956,1.0,1.0081830091468627
TRIO,2,4.9503756298156165e-5,1064.155242616207,2131.470045723809,28.386518824118426,2134.310485232414,0.853032025,1.0,1.0038644918341808
TRIP10,2,0.0013518020557314139,4669.126353244333,9341.598690346122,29.40455240771257,9344.252706488665,0.674573575,1.0,1.0058993233890907
TRIP11,2,0.0006673630045754892,4327.313095140949,8658.892528046063,33.70733623658986,8660.626190281899,0.654282275,1.0,1.004614850044591
TRIP12,2,0.0011416715379725321,3567.4141346200317,7140.298837077758,36.92163475346841,7140.8282692400635,0.6742035,1.0,1.0024273870411828
TRIP13,2,0.0014957739990645316,2974.880517854223,5959.1383843666035,38.577717572326065,5955.761035708446,0.686863775,1.0,1.0031678747437252
TRIP4,2,0.0003998488150795948,2752.3514686273397,5509.079497323517,37.96612462925959,5510.7029372546795,0.730674425,1.0,1.002889570361659
TRIP6,2,0.005850527898714783,8224.388470092097,16453.709987939583,12.646160119324115,16454.776940184194,0.46912805,1.0,1.0059505469769172
TRIQK,3,0.0005907208483871963,2000.2269543476907,4004.457529731817,36.308742167278695,4006.4539086953814,0.786319525,1.0,1.0030451228921047
TRIT1,2,8.297107108790805e-5,2483.283390560487,4970.685908825811,37.719009279995205,4972.566781120974,0.7484339,1.0,1.004888659152991
TRMT10A,2,0.0007855366177850796,2204.9307728371587,4413.584101210742,37.16179773272685,4415.861545674317,0.784090475,1.0,1.0015702148434515
TRMT10B,2,5.8331470419007365e-5,2253.318982025705,4510.250690411777,37.22144129274672,4512.63796405141,0.776411,1.0,1.0026363800165474
TRMT10C,2,0.0045546843470867324,7460.431694700792,14925.798979348452,16.72744445791281,14926.863389401584,0.48326035,1.0,1.00468829671434
TRMT11,2,0.00043083431204782763,3299.9111935443984,6605.951070465478,37.0714556715114,6605.822387088797,0.689488625,1.0,1.0041786850248196
TRMT12,3,0.0005758446171948839,1777.3010616527931,3557.9994675893663,35.00295086259323,3560.6021233055862,0.81263345,1.0,1.0044769630989778
TRMT13,2,0.0006022313960823015,1987.6448876781299,3978.5335019844324,36.24423474392871,3981.2897753562597,0.795880125,1.0,1.0079402475453605
TRMT1L,2,0.0017744805318338907,2871.4759268010303,5747.603185824667,37.97005536960663,5748.9518536020605,0.7278479,1.0,1.0010296784171233
TRMT1,2,0.00038330925000925334,4276.230831295161,8566.385473298813,33.78364439827077,8558.461662590322,0.60619815,1.0,1.002866528710791
TRMT2A,2,0.0003640290397607891,3082.1010596872484,6168.717083789762,37.76090896080258,6170.202119374497,0.7223909,1.0,1.0018346426263645
TRMT2B,2,8.27461796798062e-6,689.9280142683745,1393.6182600568393,22.74419152521541,1385.856028536749,0.868250475,1.0,1.0026953875145688
TRMT44,2,0.0001720500840468354,1019.590383627492,2043.3505386642291,27.576413483665345,2045.180767254984,0.84967115,1.0,1.00259778326947
TRMT5,2,0.00010450638249411425,2462.6573316066333,4929.068848475029,37.69846994189512,4931.314663213267,0.7794093,1.0,1.0014558385198906
TRMT61A,2,0.0007015827163802009,1925.1770926138984,3853.9045557926347,35.88040131749089,3856.3541852277967,0.793793425,1.0,1.0091175459291413
TRMT61B,2,0.000909439415428655,2088.1599984188197,4179.5687342433675,36.64050790580328,4182.319996837639,0.79549465,1.0,1.0058087958368693
TRMT6,2,0.00057966309208412,2887.6321619587807,5779.757168538497,38.287030715979334,5781.264323917561,0.712754525,1.0,1.0050888436192988
TRMU,2,0.00043746623835237166,2906.6914129260326,5817.845437916051,38.126941221281825,5819.382825852065,0.7217266,1.0,1.0023362607321435
TRNAU1AP,2,0.0011952574249014945,3835.6133792906758,7675.71231950576,34.93801843222376,7677.2267585813515,0.68025985,1.0,1.002935977734331
TRNP1,2,0.002722825364731725,5325.271936415881,10661.192751583569,29.389358309203043,10656.543872831762,0.591621375,1.0,1.008336330428399
TRNT1,2,0.0009553317856314419,3126.712668500189,6258.373105534035,37.66502164813769,6259.425337000378,0.72744335,1.0,1.0024916609615888
TROAP,2,0.004283321438327754,4626.0647211527075,9257.899436249338,42.08108404338931,9258.129442305415,0.64371175,1.0,1.001022265600742
TROVE2,2,0.0007658841869206751,4972.4859179837185,9950.317102341525,28.2289834476274,9950.971835967437,0.64344475,1.0,1.0047546625419106
TRPC1,2,1.606097437104846e-5,377.32863329756486,760.2941612661289,16.119251523912375,760.6572665951297,0.9078196,1.0,1.0022440034405615
TRPC3,2,2.5899139711604787e-5,169.60077820781484,342.5321937715355,10.267606333408073,345.2015564156297,0.94053115,1.0,1.001134838146159
TRPC4AP,2,0.00015442399817185783,2828.3442352889433,5671.422117830906,37.83048796806943,5662.688470577887,0.70016455,1.0,1.007440966540613
TRPM2,2,0.00019487695947269294,2534.8049126404712,5073.753729232054,37.87024403246962,5075.6098252809425,0.757907075,1.0,1.002234260328143
TRPM6,2,2.8751855711312785e-6,66.42110501838295,135.2800536526768,6.011800093729002,138.8422100367659,0.96233195,1.0,1.0018855859956057
TRPM7,2,0.000243801025595783,1412.3246230915831,2829.875684465096,32.14058908797774,2830.6492461831663,0.8061339,1.0,1.0023926551978386
TRPM8,2,6.9575950293163284e-6,97.13605741446035,197.0459120027734,7.452861617007935,200.2721148289207,0.955022575,1.0,1.0032113339745792
TRPT1,2,0.0019263762609250895,5965.658109216102,11936.284137716226,23.873979287871343,11937.316218432205,0.544080375,1.0,1.0125723734775858
TRPV2,2,5.38579366609542e-6,537.1484895320954,1081.2385282952514,19.83215271546544,1080.2969790641907,0.8872697,1.0,1.001782945740944
TRPV3,2,4.1104271697474345e-5,205.7271468329737,414.41270692943857,11.481853867084354,417.4542936659474,0.935942025,1.0,1.0022311061276705
TRPV4,2,3.870421114450925e-5,200.66770946356317,404.2722090761494,11.317330116860099,407.33541892712634,0.93645785,1.0,1.0059715732053622
TRPV6,2,1.4204266426163039e-5,131.63229698045424,266.343165178991,8.8710705624786,269.2645939609085,0.947784275,1.0,1.0040068554455854
TRRAP,2,0.0002817337993644787,1298.629427990617,2601.8597385889707,30.926611757184553,2603.258855981234,0.818263925,1.0,1.002240135721139
TRUB1,3,0.00021722449069592337,2515.728618794698,5037.322122983668,37.79895693508734,5037.457237589396,0.73071915,1.0,1.001769291066615
TRUB2,2,0.0016033827855038473,5356.772484511836,10719.234249224548,25.888968470552822,10719.544969023673,0.579649,1.0,1.0092631660805909
TSACC,2,0.00042147075368253214,1554.2387251086975,3112.3326681534177,33.35159201631521,3114.477450217395,0.819858125,1.0,1.0032616577071476
TSC1,2,0.0001588573263089632,1410.8765376910578,2824.9198256045656,32.21273167712691,2827.7530753821156,0.8278124,1.0,1.0025568077698
TSC22D1,2,0.008352650579504354,9454.583733835607,18916.85588538554,11.476851805240184,18915.167467671214,0.40884955,1.0,1.0026871723960828
TSC22D2,2,0.0002998166212258468,1751.8269430615555,3506.494438938985,34.96882983977899,3509.653886123111,0.8420188,1.0,1.0039164222450778
TSC22D3,2,0.0012170868678392233,2779.234169345727,5563.326453054504,38.95050973449155,5564.468338691454,0.72776085,1.0,1.0104486468569462
TSC22D4,2,0.0007713626147127838,4620.775677884214,9245.846895075587,31.011207961482675,9247.551355768428,0.648465625,1.0,1.0034416433987203
TSEN15,2,0.00037036404001172075,2942.9875395089275,5891.701960103309,38.041246327005865,5891.975079017855,0.70634815,1.0,1.00352375203215
TSEN2,2,0.0004443858785163714,1716.6808246973721,3436.705464319916,34.62684299139894,3439.3616493947443,0.810832075,1.0,1.0046824257370535
TSEN34,2,0.0052766256748006885,10228.46541705338,20465.42088480718,9.25156653505722,20462.93083410676,0.362622475,1.0,1.0057296948180017
TSEN54,3,0.0008954182305010586,4936.797313599155,9878.609474000175,29.31221833566594,9879.59462719831,0.60829945,1.0,1.0041763727231245
TSFM,2,0.00302926991193779,5891.994484246805,11791.282099857828,22.73823048803955,11789.98896849361,0.5796042,1.0,1.0051135860518126
TSG101,2,0.0017958118702793707,7283.155865450304,14571.13244511078,15.613899363107713,14572.311730900608,0.491040975,1.0,1.0047721727370615
TSGA10,2,0.0002462653713882338,2251.1151519363075,4506.608514774005,37.249448054460274,4508.230303872615,0.766703625,1.0,1.0039449694946192
TSHR,2,5.676843940733631e-7,32.764211244747884,68.04931486004351,4.112843196062181,71.52842248949577,0.971239325,1.0,1.0043074449993368
TSHZ1,2,0.00013044754212996967,950.4367566328212,1904.926668485698,26.644079659323214,1906.8735132656425,0.854471325,1.0,1.001083398429406
TSHZ2,2,5.683441008239917e-7,32.76421299626931,67.7582260743408,4.1126029501886805,71.52842599253862,0.971613875,1.0,1.0039566714579269
TSKS,2,1.8715250847422654e-5,341.95513331919915,694.2207452119526,15.232372640893047,689.9102666383983,0.91221605,1.0,1.0036482645557967
TSKU,2,0.0006971545800418691,2120.5181862190275,4243.962119385958,36.827695635489434,4247.036372438055,0.81549385,1.0,1.0020453655255408
TSLP,2,2.589857545760439e-5,169.60077670972046,341.9451186362443,10.268430484766544,345.2015534194409,0.94390465,1.0,1.0030402879911282
TSNARE1,3,0.00010173053743602125,909.7262823501051,1822.9779195833619,26.369171028133263,1825.4525647002101,0.863358175,1.0,1.003238817663458
TSN,2,0.001362172523333196,5207.249217738661,10425.71697689893,27.904783553117138,10420.498435477322,0.5694978,1.0,1.0061482608828136
TSPAN12,2,0.00010855996103622788,1080.5355354336289,2165.936715864863,28.47884128687201,2167.0710708672577,0.834945225,1.0,1.008228316076553
TSPAN14,2,0.0020833556763050166,3898.4465663272576,7802.045292486173,35.716635850073324,7802.893132654515,0.6747485,1.0,1.0048594066573193
TSPAN17,2,0.0015972507293832924,4032.890698521067,8095.321689516316,33.893890016246225,8071.781397042134,0.61476555,1.0,1.0043340474899471
TSPAN18,2,0.0004262116152710612,1471.642691533231,2948.064591576267,32.603199682464854,2949.285383066462,0.8033082,1.0,1.0055293257756845
TSPAN19,2,3.87426827262298e-5,200.66781160561266,406.67489402015184,11.316233090263664,407.3356232112253,0.934349,1.0,1.004221580800052
TSPAN31,2,0.00021835088257264967,2567.13323482093,5145.358080732596,37.88891751081143,5140.26646964186,0.713687425,1.0,1.0025468623936125
TSPAN33,2,0.0005592667495532901,1722.7794215785796,3450.8894281436683,34.62517585818849,3451.558843157159,0.7853327,1.0,1.003110182293353
TSPAN4,2,0.0006113916207735643,4332.750856462125,8696.361858708691,33.505225039473174,8671.50171292425,0.59820985,1.0,1.0016076799596876
TSPAN5,2,0.0031305215944184535,6843.108197657533,13691.110585205948,20.131321313487312,13692.216395315067,0.503462075,1.0,1.0030183890306823
TSPAN9,2,9.056408736897909e-5,1186.0878719273749,2376.2814702270857,29.844585606979447,2378.1757438547497,0.8307042,1.0,1.0067086175846032
TSPEAR,2,2.1356680879625763e-9,5.67019877354064e-6,1.233221064369934,1.4012580408016216e-14,6.000011340397547,0.98246975,1.0,1.003779471681958
TSPYL1,2,0.0006674883344014447,4907.560034328241,9821.080384305533,29.19539523146475,9821.120068656483,0.61085245,1.0,1.0024964377341472
TSPYL2,2,0.0010115463656332874,3446.5918287965637,6923.5356064382595,37.09208105740584,6899.1836575931275,0.647389275,1.0,1.004633645948505
TSPYL4,2,0.00019228607866532798,1178.7377248870184,2361.39161573546,29.61916007330972,2363.475449774037,0.8394815,1.0,1.002145200726901
TSR1,2,0.0006251840340911614,4537.439719921681,9080.517310745652,33.02714031241134,9080.879439843362,0.629727775,1.0,1.0088542689202598
TSR3,2,0.0027803498137122635,6872.47779215038,13759.983289244894,17.162469822586285,13750.95558430076,0.48237975,1.0,1.0040674863369046
TSSC1,2,0.0011482006183602175,5121.06343277742,10248.087187890342,27.60246082274372,10248.12686555484,0.5976091,1.0,1.0022646722271504
TSSC4,2,0.001173023759569324,5012.115621386195,10028.540909890624,28.209168103589704,10030.23124277239,0.64951415,1.0,1.0039908941814821
TSSK4,2,1.4365032980268783e-7,17.768404563846563,37.924261092459226,3.1115766773787543,41.536809127693125,0.975952675,1.0,1.0053289075168224
TSSK6,2,2.9881418130756528e-5,180.09148764329325,362.95863940590493,10.631188115404376,366.1829752865865,0.943627325,1.0,1.0023016657783361
TSTD2,2,0.00036701838855116237,1515.568864321391,3035.0300180106237,33.03330891657196,3037.137728642782,0.813856025,1.0,1.0045526647818783
TST,2,0.0007085977591133135,3176.4301970007646,6358.796007640516,37.91810335701248,6358.860394001529,0.683886125,1.0,1.003654835136069
TTBK2,2,2.8463115287193425e-5,952.3548805073984,1907.7485984214657,26.896276800453347,1910.7097610147969,0.867455825,1.0,1.0026659637216353
TTC12,2,0.0001201286239482503,862.5448033520553,1730.0393404797812,25.323480446683813,1731.0896067041106,0.8536576,1.0,1.0030097869505112
TTC13,2,3.9485910544709854e-5,601.8044725643247,1207.2652068953428,21.151115731821097,1209.6089451286493,0.885312675,1.0,1.0033822378203048
TTC14,2,0.0005418867997853105,3143.011342789171,6291.309223348732,37.90326175530466,6292.022685578342,0.7029687,1.0,1.003366245851682
TTC16,2,8.920406854181185e-7,39.839559588844104,82.62996929013957,4.547979876690205,85.67911917768821,0.9690107,1.0,1.001392358816933
TTC17,2,0.00038580855476319997,3069.4828995547264,6147.79090593216,37.71563350275549,6144.965799109453,0.6849171,1.0,1.0028425887788173
TTC18,2,2.550543758276589e-5,579.9107123727388,1205.2439338018594,20.547667981834152,1165.8214247454775,0.8792674,1.0,1.0034914081518147
TTC1,2,0.0017541572259644118,7382.137675564709,14768.894360873635,14.79526051287532,14770.275351129418,0.483566775,1.0,1.0079124455264183
TTC21A,2,1.5943845196373243e-5,381.68037605791886,767.141792335913,16.227977852067895,769.3607521158377,0.90874585,1.0,1.0042801019842724
TTC21B,2,0.0009757116239978172,737.7812524215645,1481.6833511712036,23.75599103965087,1481.562504843129,0.867033625,1.0,1.0024160811532894
TTC22,2,2.7854306258338203e-5,174.86399302020428,352.55325089845223,10.451080688600271,355.72798604040855,0.940745025,1.0,1.0026910889974352
TTC23L,2,5.704485444299147e-7,32.764218583567086,67.76471397427116,4.116179462331339,71.52843716713417,0.9715513,1.0,1.0027874630048188
TTC23,2,0.00010042029700244726,804.069984136867,1611.36696171451,24.74388426449959,1614.139968273734,0.88141505,1.0,1.0040064850453365
TTC26,2,0.00022090446675843587,1124.9733519434071,2254.310296681473,29.295968097230595,2255.9467038868142,0.8412639,1.0,1.0014260863689348
TTC27,2,0.00040050201524512413,1445.3808696945266,2895.323600148999,32.36717625063613,2896.761739389053,0.8080228,1.0,1.0023236180797226
TTC28,2,2.4014189217264365e-5,164.30051502342198,331.34376537663263,10.082035396433891,334.60103004684396,0.945143,1.0,1.0027381340474493
TTC30A,2,3.1979962139965715e-5,185.28449296507267,373.39160210032657,10.806631586680101,376.56898593014535,0.9388102,1.0,1.001255194716959
TTC30B,2,3.5489659325219166e-6,72.7476206045583,147.91351963391023,6.326875842244637,151.4952412091166,0.9613076,1.0,1.0028658746797474
TTC31,2,0.00034865878171146645,1558.4409369054179,3121.2065819895606,33.41933422805666,3122.8818738108357,0.801673875,1.0,1.004752198831792
TTC32,2,0.0002157085459817619,1607.2844671821867,3217.6619141524625,33.96888639658471,3220.5689343643735,0.834403725,1.0,1.0049329841132075
TTC33,2,0.00026098098474344544,1689.3342627482573,3382.461745787733,34.542710914148024,3384.6685254965146,0.80672275,1.0,1.0029958731419126
TTC34,2,3.5493610388956295e-6,72.74762165356573,147.90045295660704,6.326485841799606,151.49524330713146,0.9611723,1.0,1.0026995266669136
TTC36,2,1.8788954252857936e-5,148.16261758342318,299.44063023954897,9.496958552838095,302.32523516684637,0.94460035,1.0,1.001603655573772
TTC37,2,0.0016141399963348893,4034.923525167449,8075.057215845796,34.16125555789609,8075.847050334898,0.672261525,1.0,1.0044476580006763
TTC38,2,0.00032481765347406715,1678.983618049459,3368.1073440399146,34.41011277515915,3363.967236098918,0.78099925,1.0,1.001554711899711
TTC39A,2,0.0003578578398908148,1611.102561332095,3226.1842751833997,33.85606349209273,3228.20512266419,0.801400625,1.0,1.0033092095563312
TTC39B,2,8.348767301203087e-5,896.8807394434185,1798.2436207660724,26.17003225018168,1799.761478886837,0.8566605,1.0,1.005374960596348
TTC39C,2,0.0010513773131498553,3399.6596009240793,6805.018783966862,37.67905150692728,6805.319201848159,0.7007731,1.0,1.01553728321274
TTC3,2,0.0039004741134797453,8312.946016164256,16631.04770769997,12.884559617684491,16631.892032328513,0.442507225,1.0,1.0089499710275747
TTC40,1,2.8976375124192213e-6,457.6358875100973,921.1588229162569,18.094872746832273,921.2717750201946,0.896490875,1.0,1.0046645897267976
TTC4,2,9.969518272851158e-5,1130.9610003369066,2265.09754915621,29.14806769251432,2267.9220006738133,0.85237645,1.0,1.0040819795783504
TTC5,2,0.00020021441930500675,2675.105197559061,5353.565697465336,37.87700153460636,5356.210395118122,0.758868375,1.0,1.0041454901560214
TTC7A,2,0.0007525463481812612,667.088923771454,1337.7964648362856,22.484921434004267,1340.177847542908,0.884373525,1.0,1.0069861158618232
TTC7B,2,0.00012228210600487237,1143.0578148746145,2294.1522424732266,29.2596417817373,2292.115629749229,0.824457475,1.0,1.0039928226227246
TTC8,2,0.00012668420998127226,2393.135049502562,4792.755798372535,37.61959000742216,4792.270099005124,0.7520141,1.0,1.0036017732047307
TTC9B,2,0.0003722892945730114,1505.3271146704678,3015.5069803748056,32.93748824337687,3016.6542293409357,0.80218955,1.0,1.0022204535849557
TTC9C,2,0.001799579673832948,3747.9314004006364,7500.260431337213,36.139811958187785,7501.862800801273,0.693690075,1.0,1.0032674092370517
TTC9,2,2.2003247381112685e-5,572.2636516297047,1147.9852413567564,20.408336780744502,1150.5273032594093,0.8895498,1.0,1.0046708812304477
TTF1,2,0.0008275905142689398,4845.583212441156,9696.234936550405,29.71150540486064,9697.166424882313,0.64475975,1.0,1.0055131859637434
TTF2,2,0.002356401732988314,3142.0269107872105,6293.046754470717,39.01806770440715,6290.053821574421,0.68719885,1.0,1.0069623877406253
TTI1,2,0.0003812024027927006,1402.8582053997527,2810.210619940875,31.960078547069013,2811.7164107995054,0.816322525,1.0,1.0036095664532463
TTI2,2,0.00014611271450275744,1467.84563996766,2938.7829691326046,32.78348308212837,2941.69127993532,0.838537275,1.0,1.0017256996961796
TTK,2,0.0026717820641190076,2078.159898376919,4163.417417016392,36.51790227758348,4162.319796753838,0.766249275,1.0,1.001063782665251
TTLL10,2,3.880004765688347e-9,1.0301412652902561e-5,1.223972629710768,8.09016707064868e-15,6.000020602825306,0.98242715,1.0,1.0019321175904603
TTLL11,2,2.9881468312715542e-5,180.09148777652635,362.96876799792574,10.630875747556473,366.1829755530527,0.941290675,1.0,1.0017387391464567
TTLL12,2,0.0008222327968518406,4374.675625334877,8754.431298668964,32.8267964650158,8755.351250669753,0.620604675,1.0,1.004844412613895
TTLL13,2,4.296290692641405e-6,78.97397543493817,160.5928459485857,6.626042668009223,163.94795086987634,0.9591203,1.0,1.0023437304105778
TTLL1,2,0.00043049107708344257,1678.0398497034978,3360.519615493842,34.34308478831025,3362.0796994069956,0.795708675,1.0,1.0039528841667316
TTLL4,2,0.0005500099561852588,856.4990972845548,1716.2987653989987,25.663508636449762,1718.9981945691095,0.883519675,1.0,1.002110198624818
TTLL5,2,9.945159028895676e-5,1133.9485374088938,2271.7400215090493,29.18475121176044,2273.8970748177876,0.8351002,1.0,1.0014810587535476
TTLL6,3,2.7855144434750015e-5,174.86399524556265,354.14918053133164,10.450277785117121,355.7279904911253,0.9391768,1.0,1.0030989031176323
TTLL7,2,0.0017478429483403445,3806.100697142112,7617.473518030424,35.984703330856156,7618.201394284224,0.671595725,1.0,1.0058411275814367
TTL,2,0.00026366260666871853,1259.3113439980664,2524.8616698325936,30.49752411834564,2524.6226879961328,0.8149221,1.0,1.0034086883514974
TTN-AS1,2,6.181413768762838e-5,953.319891696257,1909.8606720391724,26.807902318293678,1912.639783392514,0.860669325,1.0,1.0059662226004604
TTN,2,1.4352170563890305e-7,17.768404222349407,37.71100312798593,3.127421064117975,41.53680844469881,0.97628715,1.0,1.0033018474503896
TTPAL,2,7.247969194184067e-5,1028.335628894419,2059.9283424012224,27.847169097982604,2062.671257788838,0.85254285,1.0,1.0028235348606815
TTPA,2,5.13354804457562e-5,225.71091659074548,455.1589602620574,12.113911086733038,457.42183318149097,0.930828,1.0,1.003774772420089
TTYH1,2,5.9772480175673714e-5,240.4147776603409,483.775261264191,12.565546670356007,486.8295553206818,0.93425525,1.0,1.0054302820840282
TTYH2,3,1.862292307565899e-5,821.5078603206733,1646.279443308138,24.966159839278074,1649.0157206413467,0.8700805,1.0,1.002522377309804
TTYH3,2,0.00026230626413049733,1446.8637166483381,2899.187433995482,32.45762183999247,2899.7274332966763,0.804170975,1.0,1.0037089444502416
TUBA1A,2,0.005924276458453829,8986.170635447066,17977.20651148155,14.311902952667333,17978.341270894132,0.44159725,1.0,1.0033545321314221
TUBA1B,2,0.23309368158845992,15769.702309656283,31592.007232611886,9.512249056252896,31545.404619312565,0.4537681805676847,1.0,1.0098273305457113
TUBA1C,2,0.029235670953177216,9585.26687743321,19177.653064902006,13.880721431937557,19176.53375486642,0.434248025,1.0,1.0043162979453846
TUBA4A,2,0.0006798074473807729,2893.3079344386515,5791.204545203837,38.464180479479445,5792.615868877303,0.715729825,1.0,1.0061841694968199
TUBA8,2,9.592544538774601e-10,2.5468205750446565e-6,1.245576066939861,1.4012580408050202e-14,6.00000509364115,0.9823878,1.0,1.00201615226324
TUBAL3,2,1.277302009722632e-6,46.71352599888048,95.70621216140547,4.9539188363701365,99.42705199776096,0.967742525,1.0,1.0028824911634506
TUBB2A,2,0.002160183982173174,4858.979873155373,9724.012743273232,32.594661313074646,9723.959746310746,0.63686935,1.0,1.0029547816905482
TUBB2B,2,3.214631686746447e-7,25.436210344147845,53.22930373944348,3.636522378678285,56.87242068829569,0.9734724,1.0,1.0018518091364492
TUBB4A,2,0.0005791709342650984,1812.2896531203335,3628.424011850088,35.227168796018404,3630.579306240667,0.79344445,1.0,1.0017328739254885
TUBB4B,2,0.1524076821391111,11057.08969795495,22124.18888274639,19.287605938723168,22120.1793959099,0.48455702461220557,1.0,1.0018508612640715
TUBB6,2,0.004233556180451331,5706.1280095149805,11417.241211852815,28.591542911750953,11418.256019029961,0.549434425,1.0,1.0037805389247412
TUBB8,2,5.679665561153101e-7,32.76421199388811,67.7819013507799,4.1112472535023,71.52842398777622,0.971467625,1.0,1.0032199301190288
TUBD1,3,0.00036925745603718876,1533.3329107474888,3070.2686495681382,33.194563431272876,3072.6658214949775,0.819075875,1.0,1.0025689099679314
TUBE1,2,0.00012955681905968576,2330.026214841226,4665.832572062277,37.428831404423605,4666.052429682452,0.74145955,1.0,1.00499635318058
TUBG1,2,0.003462458924978691,5859.162231157449,11723.525208920215,31.804675306111914,11724.324462314898,0.560940325,1.0,1.0016466933306685
TUBG2,2,0.00034377191664382593,1562.9345177718512,3129.6814978400203,33.70479705720031,3131.8690355437025,0.8216438,1.0,1.005262316821437
TUBGCP2,1,0.000423014683439887,3111.3293179816847,6227.979714120189,37.479691946075704,6228.658635963369,0.6993828,1.0,1.0035243851715296
TUBGCP3,2,0.0009414749240136179,1920.6025372545928,3846.08073438994,35.81513533633571,3847.2050745091856,0.77448505,1.0,1.0031266461025143
TUBGCP4,2,0.00044311934458496805,1780.4328101709536,3564.8145015575683,35.07620123152685,3566.8656203419073,0.79265995,1.0,1.0038622822241974
TUBGCP5,2,0.0007947240496406586,1704.9465313634869,3415.8125880874463,34.44378076725549,3415.8930627269738,0.782476175,1.0,1.0072355455137567
TUBGCP6,2,1.862310390901224e-5,821.5078608007859,1683.8185108909217,24.95860298256822,1649.0157216015718,0.851427075,1.0,1.0047742984779182
TUFT1,2,0.0005083482344399887,843.3427083542377,1689.9669639758386,25.453461412902055,1692.6854167084755,0.884563375,1.0,1.0052241585266697
TUG1,2,0.0006351876417675385,1672.5302602295822,3349.8060834851403,34.23517005405544,3351.0605204591643,0.79309575,1.0,1.004394312041022
TULP1,2,4.694489691384272e-9,1.2463870130625243e-5,1.2150085603941325,8.090167070589817e-15,6.000024927740261,0.982574325,1.0,1.0022162057683761
TULP3,2,0.0006062258827329056,2548.157275804037,5099.544048747532,37.81516131360715,5102.314551608074,0.776993675,1.0,1.0035276202075316
TULP4,2,3.068022843165448e-5,923.8587134652004,1850.7457521179367,26.46742403358943,1853.7174269304007,0.8664805,1.0,1.0036420483327202
TUSC2,2,0.003043442497008879,7554.0547492465985,15113.045553985416,15.494050147848096,15114.109498493197,0.483688775,1.0,1.008325599982149
TUT1,2,0.00036089023651608465,1672.389666138944,3348.099410240453,34.340312724193495,3350.779332277888,0.80929825,1.0,1.0052547567720929
TVP23A,2,3.2224845279459066e-7,25.436212429077187,53.090039313232644,3.6423489747435385,56.872424858154375,0.973641175,1.0,1.0009746302588882
TVP23B,2,0.00022349732632853073,3028.5058109053816,6061.801897498076,37.61028299738983,6063.011621810763,0.715593725,1.0,1.0038280760600036
TWF1,2,0.0007297611049982643,4951.694146429543,9951.415447378868,27.822768745947588,9909.388292859087,0.558431025,1.0,1.0082171622723166
TWF2,2,0.0028525617219130983,6980.356398202295,13972.5758083434,15.792422698922227,13966.71279640459,0.4800594,1.0,1.009095957668421
TWIST1,2,0.00028844824906476937,1372.494625853895,2748.8876539475787,31.7054547471413,2750.98925170779,0.833868125,1.0,1.003129471223228
TWISTNB,2,0.0022948920094841823,5204.708648257769,10414.81237552251,29.905004610849797,10415.417296515538,0.62027675,1.0,1.0020800384138315
TWSG1,2,0.0009117304710510234,2003.9221136150054,4062.1665802023367,36.501624993613596,4013.844227230011,0.7453529,1.0,1.0033578079310956
TXK,2,3.976818461225462e-6,390.73283273525965,789.2630349860369,16.518996482289484,787.4656654705193,0.905212225,1.0,1.0044594072145272
TXLNA,2,0.00014444542002567924,2219.800884501924,4443.852774408247,37.149669374030594,4445.601769003848,0.76458695,1.0,1.0047713111598389
TXLNG,2,0.0007423774735378621,4124.932528444608,8254.30299142368,35.256558910270186,8255.865056889215,0.6445968,1.0,1.0022170826100918
TXNDC11,2,0.0005314619595046772,1954.282226578986,3911.7524920361216,36.19358734036136,3914.564453157972,0.817241925,1.0,1.003112683210611
TXNDC15,2,0.00038427048128504397,3090.92948197257,6186.641352575773,37.63243098190627,6187.85896394514,0.707029175,1.0,1.0035428403779838
TXNDC16,2,6.935893359266586e-5,780.3982310202788,1567.4932533720842,24.34451991486183,1566.7964620405576,0.862116375,1.0,1.0026296174089748
TXNDC17,2,0.009038383948166466,12564.27509444039,25138.161149739015,6.018456914787891,25134.55018888078,0.315541925,1.0,1.0115477835258608
TXNDC9,2,0.0005947709106844109,3341.15813380227,6687.011409226728,37.067537391246226,6688.31626760454,0.71641375,1.0,1.0029604662157126
TXNL1,2,0.00602234972564359,9039.5662274996,18083.941279574734,11.016952050527236,18085.1324549992,0.43234795,1.0,1.0090691783083097
TXNL4A,2,0.007680361682667511,10959.866717872877,21936.19673643952,8.289797734119698,21925.733435745755,0.35129465,1.0,1.0041261980853615
TXNL4B,2,0.00038474770854983405,1832.2858258183383,3667.638092399266,35.5132680379576,3670.5716516366765,0.82943885,1.0,1.0039746309525706
TXNRD1,2,0.005099844320528711,8005.89367207751,16017.572766455918,15.860015848421364,16017.78734415502,0.4499392,1.0,1.0067433337319038
TXNRD2,2,0.0008146781382437408,2148.0827646935736,4307.639371094571,37.033510490179204,4302.165529387147,0.757985325,1.0,1.0063939434126337
TXNRD3,2,0.00013228593083752227,1318.862736328398,2641.5334245510608,31.294287646303125,2643.725472656796,0.82428595,1.0,1.0020635018963582
TYMP,2,0.0031257790913212726,7520.401217648735,15049.996548136869,15.684183180793498,15046.80243529747,0.47823775,1.0,1.0068479915327868
TYRO3,2,0.0006216731323367678,1633.2537215662257,3273.896296155398,33.92927638610515,3272.5074431324515,0.78363685,1.0,1.007379467956149
TYSND1,2,8.176172526151007e-5,2396.3406860964114,4796.007046921137,37.563881725823386,4798.681372192823,0.77266085,1.0,1.008567927822093
TYW1,2,0.0009307379683744582,3096.241840272069,6196.93537861011,37.75551378425555,6198.483680544138,0.71212925,1.0,1.0017576344746566
TYW3,2,0.0035287544279832632,7447.321754454672,14899.474810832198,15.699375742440058,14900.643508909345,0.471715425,1.0,1.0056097396611468
TYW5,2,0.0006218445466222345,1566.2395884885527,3136.4839165381413,33.79385501050951,3138.4791769771055,0.82407065,1.0,1.0040953450796128
U2AF1L4,2,0.0005581999007533072,1943.2554148373674,3892.1050450552652,36.02413090780862,3892.510829674735,0.773847075,1.0,1.0038045699192124
U2AF1,2,0.019227619079074953,12546.052524594066,25098.67928177855,6.349466650179627,25098.105049188132,0.30747345,1.0,1.0028971839856173
U2AF2,2,0.0012560123144495464,3840.4802925420286,7698.148254459097,35.167305442592124,7686.960585084057,0.627718175,1.0,1.0046173673286465
U2SURP,2,0.004826933336227258,9612.280038736184,19229.33992944618,10.398767884700023,19230.560077472368,0.39083545,1.0,1.0017883091282367
UACA,2,0.0015698027266068783,4804.93453701772,9615.459062706379,32.59055102431641,9615.86907403544,0.622735125,1.0,1.0034645478628952
UAP1L1,2,1.0549092430385252e-5,537.5648299597607,1078.879334457376,19.75860213942537,1081.1296599195214,0.8896164,1.0,1.008076719056017
UAP1,2,0.0007632373660295143,4273.424717710681,8551.87740371833,32.917611165533295,8552.849435421362,0.6311104,1.0,1.0063686767054518
UBA2,2,0.0011502842881661807,4542.242161299214,9089.628506775802,32.91554220614337,9090.484322598428,0.60608615,1.0,1.0035634887514167
UBA3,2,0.00045416396866830946,2986.2072007800402,5978.041407100605,37.720875392119275,5978.4144015600805,0.703965025,1.0,1.0030480881718855
UBA5,2,0.0007390482144475529,3549.598599210967,7103.205355299222,35.80240414932883,7105.197198421934,0.7188372,1.0,1.0112979543304965
UBA6-AS1,2,0.00023437609018104152,1245.0356168779126,2494.071795809883,30.363909893355178,2496.0712337558252,0.8359125,1.0,1.0037255612895244
UBA6,2,0.00017725331433630692,2582.083714454991,5169.466060166157,37.90935465751125,5170.167428909982,0.72562955,1.0,1.0043195032002545
UBA7,2,5.685866219083198e-7,32.76421364016279,68.92997210129464,4.107309986091272,71.52842728032557,0.970964975,1.0,1.00211661203437
UBAC1,2,0.002721486134653935,5355.190429636628,10870.598938140889,28.3388543610417,10716.380859273257,0.541275,1.0,1.003295051250251
UBAC2-AS1,2,0.000889471652311532,2223.9702500855265,4453.214529736125,37.170118937338046,4453.940500171053,0.76705125,1.0,1.0055134044303167
UBAC2,2,0.0010712176077665077,4395.870081696385,8798.337329303224,31.919862067717727,8797.74016339277,0.619603425,1.0,1.004919787846302
UBALD1,2,0.001661268631069346,3824.5697212487084,7654.363773390561,36.07393079602136,7655.139442497417,0.699985025,1.0,1.005812209322839
UBALD2,3,0.013957843498476629,5347.121546143252,10700.888856118365,37.76037349340283,10700.243092286504,0.60363335,1.0,1.0049959778954485
UBAP1,2,0.00023462113975284736,3007.566815433901,6018.017684512731,37.56827624027368,6021.133630867802,0.76915765,1.0,1.0022296523720444
UBAP2L,2,0.0011651268430472378,4284.120623202595,8573.068424960564,33.225737249788466,8574.24124640519,0.640397625,1.0,1.0033223974178023
UBAP2,2,0.0017247397286416911,3896.61775385696,7799.030313888972,35.325658550188216,7799.23550771392,0.6862115,1.0,1.0085325944611707
UBASH3B,2,0.0005192126470320159,1781.422960541431,3566.2382332907678,35.049612738325905,3568.845921082862,0.803973025,1.0,1.0089015634304144
UBB,2,0.02242883493950143,19412.34719948548,38878.77234646519,1.9784269749015686,38830.69439897096,0.1998754015690513,1.0,1.0063861004969028
UBC,2,0.009411709896502961,13892.354453587657,27792.112510232753,4.853879082537487,27790.708907175314,0.27956635,1.0,1.008495410306834
UBE2A,2,0.0023257565113981023,5653.705675211929,11317.756711408587,24.868417829882915,11313.411350423858,0.58003385,1.0,1.0167283483119018
UBE2B,2,0.0026278512728023164,8489.643249340415,16984.947512354203,12.061925158570315,16985.28649868083,0.46593635,1.0,1.0059329848612653
UBE2C,2,0.040356806620637765,7069.856692374684,14157.75298256911,44.642276201514896,14145.713384749368,0.6960906394259663,1.0,1.071699930076609
UBE2D1,2,0.0003598120888720328,4544.75816656345,9094.030221794652,30.608717822110165,9095.5163331269,0.648560325,1.0,1.0045857259695636
UBE2D2,2,0.008094040519894416,9544.444041234217,19093.481330476927,10.429501619118787,19094.888082468435,0.39167485,1.0,1.0093215330662122
UBE2D3,2,0.005012512196694188,10940.802690234801,21886.277583055635,8.18609681219932,21887.605380469602,0.34315645,1.0,1.003176210156021
UBE2D4,2,0.0009406178554433584,2875.3158643717456,5755.414943120434,38.12589632136527,5756.631728743491,0.706689125,1.0,1.0032586516425723
UBE2E1,2,0.0005727840000779136,4916.922487157261,9840.791346888389,28.553602597958033,9839.844974314521,0.592621925,1.0,1.0045346148118044
UBE2E2,2,0.001061862541251534,3604.029210262177,7214.787121756864,36.56428917036741,7214.058420524354,0.661686025,1.0,1.005039752549779
UBE2E3,2,0.0018748857241159909,7756.271669533983,15523.871307680438,13.760519280114337,15518.543339067966,0.472526625,1.0,1.009823409284053
UBE2F,2,0.002040627384878071,4005.596942090391,8016.361841358918,34.42147807106092,8017.193884180782,0.655573325,1.0,1.0025098173233782
UBE2G1,2,0.0015426445831085364,4416.583443010851,8837.958106400478,33.09850273126198,8839.166886021701,0.631967125,1.0,1.0029956301377883
UBE2H,2,0.0025661620947251586,5030.235012044552,10064.993358573583,30.198280614242307,10066.470024089103,0.6019949,1.0,1.0136542352792255
UBE2I,2,0.008051636551724552,9938.928218077093,19882.55220940094,9.88774510960824,19883.856436154187,0.380844025,1.0,1.0069957777927414
UBE2J1,2,0.0016181822731225091,3949.154573597449,7904.728952716626,34.96865479334395,7904.309147194898,0.6545056,1.0,1.0017616378831158
UBE2J2,2,0.0027361798370802884,5699.392376112017,11403.261260559973,23.570949971284143,11404.784752224034,0.60242095,1.0,1.0032937248760934
UBE2K,2,0.0022147667291438186,7388.785846016746,14782.515358215553,15.628344070918079,14783.571692033493,0.486372275,1.0,1.0065763593984427
UBE2L3,2,0.005286565375683198,11130.64721598998,22266.37517586232,7.939540447386437,22267.29443197996,0.335343475,1.0,1.0097940121609112
UBE2L6,2,0.0008160590607514002,4831.691460016289,9670.399240994393,29.810157427787544,9669.382920032578,0.59226105,1.0,1.002910981516467
UBE2M,2,0.0034306000443739162,8491.295473295542,16988.189689386232,12.764900016593032,16988.590946591085,0.473913425,1.0,1.0046473637451705
UBE2NL,2,2.8753761307165315e-6,66.42110552431865,136.44049321883165,6.010720905866107,138.8422110486373,0.96176995,1.0,1.0034741125870088
UBE2N,2,0.006992083523072056,8790.095593594648,17584.96487952653,11.799747833457978,17586.191187189295,0.41321355,1.0,1.0063591423311662
UBE2O,3,0.00044459184419531943,2898.7746988088034,5802.288301333469,38.26955525538792,5803.549397617607,0.713682025,1.0,1.0093940775456274
UBE2Q1,2,0.0016595052880439836,4846.711888424086,9698.162694785458,31.16611994736811,9699.423776848173,0.609823625,1.0,1.008830633571352
UBE2Q2,2,0.000896317306296572,3545.7021506096903,7099.066236919011,36.62927701848211,7097.404301219381,0.656775825,1.0,1.0023491340730368
UBE2R2,2,0.0016239010512789068,5864.827128873463,11734.592546511512,23.964196062682674,11735.654257746926,0.56175555,1.0,1.0053164397254781
UBE2S,2,0.2334192992445628,14795.105328954756,29607.58874559386,10.230190762171393,29596.210657909513,0.44779902461359805,1.0,1.0065349096090026
UBE2T,2,0.01718267705984353,7101.360935009193,14209.41696758903,34.48190356366013,14208.721870018386,0.5628028,1.0,1.0010495001250652
UBE2V2,2,0.004441094397146208,8374.848197439353,16754.597690811686,13.009759503803478,16755.696394878705,0.437051525,1.0,1.006503670803341
UBE2W,3,0.001620929477871814,3823.95067716751,7652.745261127274,35.48625209788672,7653.90135433502,0.67300735,1.0,1.0030657399085436
UBE2Z,3,0.0018001767907168031,5244.611116236601,10496.511912214644,26.767197691024265,10495.222232473203,0.567068825,1.0,1.0048095657885057
UBE3A,2,0.0013343122023995106,6058.72044471527,12122.1423412146,22.0269889460519,12123.44088943054,0.5779772,1.0,1.0146251490804938
UBE3B,2,0.0006008553019816392,1782.4636043860407,3569.2817344106375,35.030053195873684,3570.9272087720815,0.790150825,1.0,1.0011164913454043
UBE3C,2,0.0004407739092768747,3063.5222374881214,6132.626796703845,37.84070897692482,6133.044474976243,0.695442725,1.0,1.0065309836424443
UBE3D,2,0.0008236047500758579,2079.0166862873853,4161.165224867039,36.619117623444296,4164.0333725747705,0.79386775,1.0,1.0021750158703908
UBE4A,2,0.00043554858395088907,3089.3924684623935,6184.059348286498,37.7554151199409,6184.784936924787,0.697561725,1.0,1.0034637401741051
UBE4B,2,0.00057751467672961,1834.3914345663347,3672.7361772271406,35.59441911065862,3674.7828691326695,0.805972625,1.0,1.0024351334162915
UBFD1,2,0.000880919314549414,3625.6034914463817,7256.846020144881,36.145180876957426,7257.206982892763,0.674808325,1.0,1.004777775747222
UBIAD1,2,0.0006746235098148924,2047.1582285796387,4097.299626457606,36.51309589707558,4100.316457159277,0.805824775,1.0,1.0046038530802672
UBL4A,2,0.0009967844068190285,3428.558204855552,6862.375292362211,37.55189033105406,6863.116409711104,0.698135875,1.0,1.0064978259536914
UBL7-AS1,2,0.0006962166017567138,1979.8275837984866,3963.1786192413847,36.16875200228075,3965.655167596973,0.790665525,1.0,1.0027253036652828
UBL7,2,0.0022836068453207844,6497.087026544005,13008.850763851528,19.678310190155475,13000.17405308801,0.4985191,1.0,1.006567944210032
UBLCP1,2,0.0003801019802443675,2831.0489354551123,5667.803775177552,38.21250865660719,5668.097870910225,0.7050411,1.0,1.004862533725367
UBN1,2,0.000916694356093726,4503.359035189083,9011.091017886667,32.44721280888704,9012.718070378167,0.633333,1.0,1.007034285147388
UBN2,2,0.00138778040653985,2212.15145210301,4427.286502649817,37.30354072915162,4430.30290420602,0.8217963,1.0,1.0027878211957584
UBOX5,2,1.5490435587956112e-5,725.8609140869318,1454.600424905458,23.327160754870032,1457.7218281738635,0.8888798,1.0,1.0029515636734552
UBP1,2,0.0006902362691494997,2545.8313863101557,5096.66746048217,38.03018715981378,5097.662772620311,0.7238135,1.0,1.0029791628769265
UBQLN1,2,0.001121598900429743,4826.451740272352,9658.24132126638,30.35735054294248,9658.903480544705,0.597334975,1.0,1.0077907335325966
UBQLN2,2,0.0008265979870116051,2210.9811836855993,4425.17249552154,37.14722851990336,4427.9623673711985,0.7942771,1.0,1.0101063194462117
UBQLN4,2,0.00013031173402112945,2610.896262742897,5229.627179275126,37.8690107158151,5227.792525485794,0.7206981,1.0,1.0042523732533428
UBQLNL,2,5.697809633363587e-7,32.76421681113928,67.87164401926869,4.11553030890671,71.52843362227856,0.971168375,1.0,1.0018587113340989
UBR1,2,0.0006262758139291999,1913.1637814349288,3829.946291470244,35.83372803238313,3832.3275628698575,0.787394425,1.0,1.001883162321009
UBR2,2,0.0005504258030782863,2397.0055831412674,4798.539533568091,37.60603971965493,4800.011166282535,0.765898875,1.0,1.0060774922543807
UBR3,2,0.0003563274705950227,1375.733559287422,2756.0984127845477,31.697464351826362,2757.467118574844,0.811607,1.0,1.0017558610194495
UBR4,2,0.0002832429323426391,2440.002253993669,4885.887862616023,37.679204451050396,4886.004507987338,0.733206775,1.0,1.0021869678641018
UBR5,3,0.001979778940686073,3852.1685423633407,7710.146330445329,35.177215287666996,7710.3370847266815,0.67295295,1.0,1.0050263712516434
UBR7,2,0.00026845387451133416,1339.8532215595467,2684.4059755823705,31.377985090308712,2685.7064431190934,0.81324865,1.0,1.0058267650590034
UBTD1,2,0.0008026307584585131,2179.9490738394875,4363.17806206794,37.11216526801175,4365.898147678975,0.80439715,1.0,1.0010293845143012
UBTD2,2,0.00026642270343950976,2569.798643027514,5144.365365558339,38.08172783584284,5145.597286055028,0.7440438,1.0,1.0031252610984207
UBTF,2,0.001144191421984258,4646.219878237135,9297.545683172557,32.26660075144102,9298.43975647427,0.6169198,1.0,1.0082972091213243
UBXN1,2,0.004855322386422462,10160.381383727557,20325.71263862296,9.308005792799088,20326.762767455115,0.37634785,1.0,1.0040807500584028
UBXN2A,2,0.0008947259052962421,3348.060781411754,6701.85370393197,37.63738880036739,6702.121562823508,0.697845075,1.0,1.0108237660967057
UBXN2B,2,0.0003328791208145538,1590.8942766589523,3185.864256245938,33.70583847894325,3187.7885533179046,0.8019101,1.0,1.0051404128533714
UBXN4,2,0.004801796871010903,9251.249170053075,18507.62215930794,10.751515365269512,18508.49834010615,0.3872584,1.0,1.0072874336159674
UBXN7,2,0.00012826134071309523,2364.2243110443605,4732.879664212295,37.598242973629524,4734.448622088721,0.759465225,1.0,1.0021133918002074
UCHL3,2,0.0027253755328524596,5839.8731090896545,11686.847306818023,22.555791131218523,11685.746218179309,0.56691975,1.0,1.008484709914234
UCHL5,2,0.0015570818872555365,4852.003637396024,9709.222413641355,30.99521220029787,9710.007274792048,0.5956446,1.0,1.0087832513558574
UCK1,2,0.00038896231211392983,1780.2094330651723,3564.041053628483,35.224197975950545,3566.4188661303447,0.81349375,1.0,1.0024037215643704
UCK2,2,0.0012217131079922921,3627.388647407707,7259.946838896351,36.77498178980306,7260.777294815414,0.703388375,1.0,1.0028778221425483
UCN2,2,3.257793761971087e-7,25.43622180367882,53.21069467208217,3.641152532565952,56.87244360735764,0.9736107,1.0,1.0017047749352876
UCP2,2,0.00044885984884097133,1648.9514718796042,3303.5443321065336,34.10907447918677,3303.9029437592085,0.788078375,1.0,1.0059910708400928
UCP3,2,1.7190050848610136e-5,142.69870466550856,288.1401326498264,9.29404702427005,291.3974093310171,0.94649175,1.0,1.0045673087262899
UEVLD,2,0.00014056482188174021,1065.6543859228768,2144.0785911357216,28.23276315457987,2137.3087718457537,0.82951575,1.0,1.0036367934358486
UFD1L,2,0.006384283689476968,8435.059891416795,16905.628131681748,12.998852914012174,16876.11978283359,0.416279525,1.0,1.006522685431694
UFL1,2,0.0023165524066713905,3857.397223634197,7719.312810547235,35.24270382505044,7720.794447268394,0.669916625,1.0,1.0029912799528833
UFM1,2,0.004686018201613398,5687.502017497247,11382.136254427061,24.674208361009956,11381.004034994494,0.5474502,1.0,1.0072112339487973
UFSP1,2,5.630428390175438e-5,620.3731130982771,1243.75901905726,21.51519054884398,1246.7462261965543,0.903868025,1.0,1.0050623610516247
UFSP2,2,0.0013739509342342786,4006.3201334686787,8017.74973184245,34.02038490695912,8018.640266937357,0.669392125,1.0,1.0046586876806682
UGCG,2,0.0002680809233522364,2639.5191543107535,5283.3626092547265,38.070906072177195,5285.038308621507,0.741847,1.0,1.002922242023342
UGDH-AS1,2,3.644559762906805e-6,411.99402652354917,826.9211640607698,17.03699579013889,829.9880530470983,0.9078606,1.0,1.0050622328569592
UGDH,2,0.001100174518712653,4759.653263459276,9524.58231575835,30.619232522201912,9525.306526918552,0.609549675,1.0,1.005715612291669
UGGT1,2,0.00039235573813345604,1538.6532038716184,3081.6220260252494,33.2241781048161,3083.306407743237,0.806287275,1.0,1.0022890755379779
UGGT2,2,0.00024488758710049404,1664.162881554496,3339.2022819223257,34.39021504693578,3334.325763108992,0.78546345,1.0,1.0049407700749915
UGP2,2,0.0014341115072650744,4598.069489384935,9203.525676680913,31.117461383979805,9202.13897876987,0.623952275,1.0,1.0038303212180344
UGT8,2,4.950982414067547e-5,1064.2050959183377,2132.0067614135182,28.38977104104122,2134.4101918366755,0.8443971,1.0,1.0025690343432228
UHMK1,2,0.0018994228197816861,3992.291197276504,7994.586737396011,34.88715627753118,7990.582394553008,0.630764175,1.0,1.0078688311587833
UHRF1BP1L,2,0.00036430726178051796,1523.1439477345536,3050.3589219524442,33.103758323386515,3052.2878954691073,0.80691165,1.0,1.00409153989096
UHRF1BP1,2,1.4504536116860148e-5,750.2238076231857,1503.722255632467,23.756780734071913,1506.4476152463715,0.873139975,1.0,1.0049488185163034
UHRF2,2,0.00010932779373375416,1203.7323352720055,2410.457857555536,30.022210594492606,2413.464670544011,0.85284715,1.0,1.00486570113475
UIMC1,2,0.0005964574648395395,2200.7859910350953,4405.8903727162915,37.05737144971094,4407.571982070191,0.7741095,1.0,1.005456246866185
ULBP1,2,2.841306728072347e-5,733.1929263074161,1469.5288082862019,23.394457731977887,1472.3858526148322,0.878795575,1.0,1.007227280060064
ULBP2,2,6.917072588375372e-5,1191.1891626867423,2385.686447558994,29.94978408276968,2388.3783253734846,0.842187375,1.0,1.001700469337502
ULBP3,2,3.5505130738290915e-6,72.74762471221848,148.01364831263658,6.326605665406214,151.49524942443696,0.96060615,1.0,1.0025375521108484
ULK1,2,0.00011983150097354516,865.8722223764282,1736.3234762037407,25.377392426965464,1737.7444447528565,0.85410005,1.0,1.0035116571490503
ULK2,2,2.308142973374523e-5,831.490975912641,1666.7689101076983,25.12957298617672,1668.981951825282,0.863926525,1.0,1.0033614258148096
ULK4,2,3.3975063885754616e-5,643.424884312497,1290.5431540850504,21.744512336724867,1292.849768624994,0.87972725,1.0,1.0015615287118633
UMPS,2,0.0017151731271365682,3991.819321126465,7988.869483303154,34.78056604643865,7989.63864225293,0.687177375,1.0,1.0038742287235718
UNC119B,2,0.00017713730291417544,1131.7320327154182,2271.6532342973414,29.042929994999742,2269.4640654308364,0.825523625,1.0,1.0030892192624579
UNC13B,2,8.473292548904322e-5,646.0525209516767,1297.5074664520102,22.00786915008693,1298.1050419033534,0.876227175,1.0,1.0035939788580528
UNC13D,3,4.635575247731263e-6,390.7345817345278,822.221916333588,16.512825759929278,787.4691634690556,0.90422525,1.0,1.0043162997871231
UNC50,2,0.0021483254755808026,5371.699654705895,10748.769847225552,26.771243642537524,10749.39930941179,0.6096553,1.0,1.0134481422707442
UNC5A,2,3.2916836240019317e-6,441.21065345777447,886.9811860504417,17.720812120882,888.4213069155489,0.900586,1.0,1.0029557025702187
UNC5B-AS1,2,0.0011360036591875808,2803.4019339561605,5611.309589384614,38.42572304972837,5612.803867912321,0.710895125,1.0,1.004385842979548
UNC5B,2,0.0004507745204353521,1707.0066402691216,3417.7875397680305,34.5542544469609,3420.013280538243,0.798713975,1.0,1.0050172903851962
UNC79,2,5.722982643224544e-7,32.7642234945734,69.5495719056351,4.10655789182336,71.5284469891468,0.97097435,1.0,1.0023053090820608
UNG,2,0.0010286122523453095,3851.2820332440956,7762.589833465623,37.160894759616845,7708.564066488191,0.629369875,1.0,1.0040724246995458
UNKL,2,7.950234382982408e-5,1108.074985676567,2220.129486715823,29.027430664834714,2222.149971353134,0.842184675,1.0,1.0041083327044513
UNK,3,0.00038850122118170704,2400.651797108802,4805.600236362976,37.82198852184913,4807.303594217604,0.7390405,1.0,1.0074722831885325
UPB1,2,2.0459220255143173e-5,153.58303885636087,309.880800270643,9.696768568943535,313.16607771272174,0.946182775,1.0,1.0018406535789413
UPF1,2,0.00010582649764988567,2030.380386801094,4065.4924713876135,36.39338952594086,4066.760773602188,0.764351675,1.0,1.0014992073442852
UPF2,2,0.002092483105686072,6456.025136147953,12916.812749438624,20.14045018017349,12918.050272295906,0.56562275,1.0,1.0090996380042712
UPF3A,2,0.0006077200749316615,4873.3389440718,9755.75928280245,29.284844794403227,9752.6778881436,0.58698765,1.0,1.0045361847961753
UPF3B,2,0.0025735745678046487,5794.391722696496,11597.30428222946,24.70955710695592,11594.783445392992,0.5296497,1.0,1.0029166429583425
UPK1A-AS1,2,0.00024300347862850818,1660.1658667045658,3323.369104493223,34.33042447928498,3326.3317334091316,0.831322825,1.0,1.0039135223625018
UPK1A,2,3.7173166472726945e-5,839.2177386881189,1683.9191912070498,25.132271558755328,1684.4354773762377,0.8552219,1.0,1.0021641360174927
UPK2,2,6.001138844763663e-6,91.16117748835309,184.80954406298906,7.188322935430246,188.32235497670618,0.957064975,1.0,1.0021417053913568
UPK3A,2,5.4076415065783476e-5,230.63763387222593,464.6079883206437,12.266460852195793,467.27526774445187,0.930532525,1.0,1.0027812829725524
UPK3B,2,4.610383646411109e-5,215.7642552239793,434.52635091719014,11.803104611944873,437.5285104479586,0.9342411,1.0,1.005268840838026
UPP1,2,0.0004515729003559349,1896.1966109961927,3797.05398860092,35.62093309086788,3798.3932219923854,0.766286325,1.0,1.0019251482804055
UPRT,2,0.00046418189886546766,1597.3645697012635,3198.117200146297,34.00441249326407,3200.729139402527,0.8329723,1.0,1.0022494220503437
UQCC1,2,0.0007253443442933363,3161.33372396665,6326.8144638721515,37.385685927068806,6328.6674479333,0.71370855,1.0,1.0057294989078955
UQCC2,2,0.005519652681723727,9295.12831877717,18596.368329759367,11.022039557607844,18596.25663755434,0.4343188,1.0,1.0081685932279023
UQCR10,2,0.017672249833379367,14346.1503872343,28697.900662577253,4.49406682172447,28698.3007744686,0.265925625,1.0,1.0059582819162074
UQCRFS1,2,0.008232725355744784,11448.254082858015,22902.129540371363,7.258772332203524,22902.50816571603,0.360727975,1.0,1.001932821487389
URB1,2,0.0001992150491551543,1152.5136984363012,2309.4673150388476,29.28641151215312,2311.0273968726024,0.8316419,1.0,1.0031739248422558
URB2,2,1.3630002269962372e-5,770.857327490285,1544.6472209219962,24.113340883272727,1547.71465498057,0.8801554,1.0,1.0018857927921019
URGCP,2,0.0006076393614867716,1829.0009775384326,3661.3509682286904,35.329027767873825,3664.001955076865,0.821071075,1.0,1.0034875828314425
URI1,2,0.00371691976769103,7598.922446601,15204.275656421334,15.175221765812342,15203.844893202,0.46385955,1.0,1.0024027088400216
URM1,2,0.0014980470601208453,5222.573272443888,10450.863231218229,26.375044616955304,10451.146544887775,0.5836573,1.0,1.003946469170612
UROD,2,0.0027886006927445458,5811.558067557535,11670.901950314405,23.247875924687087,11629.11613511507,0.51586135,1.0,1.0026980343201428
USB1,2,0.0008376452437338929,4858.086350183622,9724.344455810931,30.05261075406305,9722.172700367244,0.597695125,1.0,1.003295904790723
USE1,2,0.0008162533532570641,5895.670965616947,11796.750905959867,23.848696221895583,11797.341931233894,0.563303,1.0,1.0135839410925114
USF1,2,0.00011325390205665017,2623.4949626671137,5250.133536063254,37.84214771086309,5252.989925334227,0.77276315,1.0,1.0019048828590265
USF2,2,0.0027252635865061214,4208.093221325979,8458.150737114593,33.12192906255716,8422.186442651959,0.600271325,1.0,1.0029388322539596
USH1C,2,0.0007210626499630865,2859.2401082667966,5728.578260187774,38.037908501730385,5724.480216533593,0.69019795,1.0,1.001831917629965
USH1G,3,0.00022244879203261447,411.4240422193632,825.9058942465462,17.12771741698443,828.8480844387263,0.9182138,1.0,1.0054939037746362
USHBP1,2,4.297547762732673e-6,78.97397877245926,160.4523274988413,6.6260657538309395,163.94795754491852,0.95946155,1.0,1.0070098027109615
USMG5,3,0.023496736719343783,17241.30371693854,34668.2971936898,2.7447059696317573,34488.60743387708,0.2341489327198545,1.0,1.0257244481683585
USO1,2,0.0011650848833513175,5756.252101641336,11526.506902419853,24.36561466372556,11518.504203282671,0.5280509,1.0,1.0012677802406973
USP10,2,0.001714956188493493,6251.913634076828,12508.663180442394,21.836855310422614,12509.827268153656,0.560229675,1.0,1.0055617083649449
USP11,2,0.002687056741247492,4240.711464676701,8516.186524676717,33.18844209526933,8487.422929353403,0.600995475,1.0,1.0070862305503023
USP12-AS2,2,8.54167051760903e-5,278.59081383212305,560.3022934029967,13.683653973224896,563.1816276642461,0.9256669,1.0,1.002154103355055
USP12,2,0.000344625772974806,2475.100583814224,4954.884316664475,37.8821337538538,4956.201167628448,0.7309465,1.0,1.0041133426681594
USP13,2,0.0002617867026069085,2174.768475480529,4354.5055036709855,37.081864739947235,4355.536950961058,0.7518298,1.0,1.0063819936605876
USP14,2,0.0018489815680210126,4083.954216603527,8175.234586333714,34.033170836157446,8173.908433207054,0.6454488,1.0,1.0031975215164006
USP15,2,0.0006129103662978109,3508.067079199129,7020.187462459489,36.32587846529774,7022.134158398258,0.71027865,1.0,1.0016904257729276
USP16,2,0.004137618343819194,7963.905127889174,15934.11126187186,13.772134566189267,15933.810255778348,0.5164024,1.0,1.0046186448060277
USP18,2,0.0002236849279247509,1629.9137627382088,3263.8299758459707,34.13774335242384,3265.8275254764176,0.8096075,1.0,1.0015426379584604
USP19,2,0.0003585572951557425,1703.9742836498615,3412.306083132809,34.735672257238676,3413.948567299723,0.8061205,1.0,1.0029054846500312
USP1,2,0.0028310145959985077,5196.967181156876,10399.321996464243,34.003608259483485,10399.934362313752,0.59584455,1.0,1.0045904963537924
USP2-AS1,2,8.958172135334593e-5,1056.0973065342293,2116.090802731193,28.18887555206223,2118.1946130684587,0.8411669,1.0,1.0024255227476997
USP20,2,1.8863180029721134e-5,571.681758435376,1146.891717600294,20.547778198077292,1149.363516870752,0.890107275,1.0,1.0020533432167276
USP21,2,6.354393123778772e-6,541.0208245823474,1085.6137785292924,19.915705439036383,1088.0416491646947,0.89190895,1.0,1.0023272429247352
USP22,2,0.0005085719715042088,4391.331553273239,8787.86277647865,32.949270080196634,8788.663106546477,0.643476025,1.0,1.0053049262964162
USP24,2,7.950228121443673e-5,1108.074985510323,2220.211755982424,29.02716219592218,2222.149971020646,0.843616325,1.0,1.0079573021046253
USP25,2,0.00014708312556380455,1299.79671700907,2602.784854974547,31.230833028474514,2605.59343401814,0.85176525,1.0,1.0034572759445566
USP26,2,1.2328458258073527e-9,3.2732056675185216e-6,1.1155316867157365,8.090167070589817e-15,6.000006546411335,0.98265175,1.0,1.004651661396947
USP27X-AS1,2,5.111799538935578e-6,85.10928785338211,172.6943345830425,6.913838745099222,176.21857570676423,0.9585943,1.0,1.0023404216953664
USP27X,2,7.007177969249931e-5,1046.6226599000647,2096.223653571816,28.100719335259633,2099.2453198001294,0.867794325,1.0,1.002737299945331
USP28,2,0.00013760221832445413,1296.937390320865,2597.155878121397,31.0469429594641,2599.87478064173,0.832549725,1.0,1.0017831674918767
USP2,2,1.6497734829411646e-5,701.1723299148077,1405.2305223185335,22.881920832566117,1408.3446598296155,0.8868385,1.0,1.0054221004316202
USP3-AS1,2,1.6783510027473548e-5,694.0565546911986,1391.111585147465,22.753764692430053,1394.1131093823972,0.883976075,1.0,1.0027759186058163
USP30,2,0.0008565133674964696,940.1326853339242,1883.627783511116,26.946923218045242,1886.2653706678484,0.87645435,1.0,1.0016000012574529
USP31,2,8.63601153048558e-6,609.8895075025347,1222.8300356115415,21.228934756532222,1225.7790150050694,0.88770775,1.0,1.0029435847583397
USP33,2,0.000399576883751779,3126.0998695341377,6262.726846662952,37.41497009849682,6258.199739068275,0.69166825,1.0,1.00484493526477
USP34,2,0.001622126616477729,6268.9192916535185,12542.701390983413,20.844505572139578,12543.838583307037,0.56145735,1.0,1.0024893552650262
USP35,2,0.00010765680127386372,306.3507664130983,615.8073234831663,14.455547710151297,618.7015328261966,0.92267035,1.0,1.0023942416865017
USP36,3,0.00022299500808986415,2589.1595463906074,5182.69536926428,38.03311923896974,5184.319092781215,0.7396874,1.0,1.002014898061941
USP37,2,8.24101491059286e-5,1104.0412099483488,2211.0711178688853,28.834676927247266,2214.0824198966975,0.859213875,1.0,1.0024335520513903
USP38,2,0.0002739324965367215,1320.7431816865053,2645.417818372432,31.175634932516115,2647.4863633730106,0.833395825,1.0,1.0058116551910319
USP39,2,0.0015283608179312883,3996.2534804806955,8004.080233432534,34.26165928596026,7998.506960961391,0.631722125,1.0,1.0030398939748093
USP3,2,0.0007900470291229432,4492.559701247982,8990.62940300407,31.6712572662257,8991.119402495964,0.664739475,1.0,1.0042382483176437
USP40,2,0.00019761238362296605,2099.0242576782452,4213.237405102617,36.6953176931418,4204.0485153564905,0.74272155,1.0,1.0020313498096494
USP42,2,0.0010122514790686637,2085.2998046940065,4173.957657660936,36.62144585720411,4176.599609388013,0.810603225,1.0,1.0054003843605506
USP43,2,0.00044005072593174716,540.3276729078194,1083.8909008252194,19.995013794800222,1086.6553458156388,0.90533095,1.0,1.0092019502198297
USP45,2,0.0003785973946695409,1638.5710961538814,3280.960231338752,34.06748473722677,3283.142192307763,0.80002885,1.0,1.0053883844315559
USP46,2,0.0014743917847452684,4946.443955099243,9901.095780026275,31.47735195231996,9898.887910198486,0.61389155,1.0,1.009996142970693
USP47,2,0.0004500663412253297,3011.087604209119,6026.6745895735585,38.03760885715862,6028.175208418238,0.720839,1.0,1.0024764310832988
USP48,2,0.003196962180856192,5435.768159978587,10879.645711357918,26.942978067017098,10877.536319957175,0.556328825,1.0,1.006375515272897
USP49,2,0.00011984110472524241,862.5440399885182,1729.5492620612115,25.3256389670951,1731.0880799770364,0.855385375,1.0,1.0019565078596089
USP4,2,0.000345559225718548,1563.448476558155,3131.9432217794756,33.461979484040384,3132.89695311631,0.79690985,1.0,1.0037757017933535
USP53,2,0.000830272249945855,3236.188097701031,6476.700826185188,37.592577157694954,6478.376195402062,0.704681225,1.0,1.0045697468016583
USP54,2,7.983275057644013e-5,616.4311294093084,1237.2596555124176,21.11270148988997,1238.8622588186167,0.88049875,1.0,1.0041902734307429
USP6NL,2,0.00022515773029753176,1374.744984931833,2752.8350057529947,31.777340959381974,2755.489969863666,0.83919655,1.0,1.0021053315609612
USP6,2,8.196100007331638e-5,273.8950135842411,550.9886809323314,13.549725517217015,553.7900271684822,0.92555195,1.0,1.0031392690792107
USP7,2,0.0001624597065409217,2509.2016382384045,5022.636944191637,37.79003691841383,5024.403276476809,0.748175675,1.0,1.0046247278808473
USP8,2,0.0007901545629105353,6031.669271509721,12068.449074240652,22.648774818006814,12069.338543019441,0.5751472,1.0,1.0110021700999667
USP9X,2,0.0005589123176948062,3118.2532845920396,6241.771119081181,38.03341744960758,6242.506569184079,0.70457115,1.0,1.0042509688308596
USPL1,2,0.0002726976446748256,1119.6939710002478,2243.6485367276864,28.815959994688413,2245.3879420004955,0.842911075,1.0,1.0038609502637421
UST,2,2.032264703085462e-5,610.0982986856714,1223.6493612029526,21.161565722574704,1226.1965973713427,0.884160025,1.0,1.0039380941142482
UTP11L,2,0.0022668615610948258,6286.965785759385,12579.046147623441,21.243429515344076,12579.93157151877,0.55724915,1.0,1.0091319478014635
UTP14A,2,0.0019316443189552738,3955.9221153490803,7918.2089999782975,35.17490700875967,7917.844230698161,0.6727012,1.0,1.005048422597593
UTP14C,2,0.00011314719763454764,1183.708641488192,2370.6056477676602,29.776653545386534,2373.417282976384,0.845093325,1.0,1.0034182208436384
UTP15,2,0.00027857565656210377,1306.8826545569384,2617.8933439340863,31.02017676664439,2619.765309113877,0.82871205,1.0,1.0023830841675008
UTP18,3,0.003184722981270576,6671.754029091076,13348.515861192904,18.956348854599486,13349.508058182151,0.52256705,1.0,1.0071567675962867
UTP20,2,7.851123392178122e-5,1204.6932241559484,2412.81478836889,30.158199679051695,2415.386448311897,0.843159925,1.0,1.0032162000065887
UTP23,3,0.0012409978127640717,5511.487121020487,11027.738049410342,28.709251919907565,11028.974242040975,0.5816873,1.0,1.0036728990283257
UTP3,2,0.00031329430010611404,3159.859822241508,6323.206509886669,37.372589028304446,6325.719644483016,0.7470445,1.0,1.0016466806100606
UTP6,2,0.0010895268976126356,3013.8717874147733,6032.757085297449,37.83188777211356,6033.743574829547,0.705263975,1.0,1.004329352110132
UTRN,2,0.0004665940419279683,1680.1660854402257,3364.246161985797,34.33730991678581,3366.3321708804515,0.80165215,1.0,1.0033767242449838
UTS2B,2,8.876953751109406e-7,39.83954805204524,87.64105322580592,4.544806614061698,85.67909610409048,0.968585425,1.0,1.0021331707891488
UTS2,2,0.0008354679441424217,1774.701467665744,3555.1553964963073,34.92868602555221,3555.402935331488,0.778194575,1.0,1.0032814406548713
UVRAG,2,0.0007821375086143834,2073.976884676418,4150.927533143012,36.605843178232156,4153.953769352836,0.806019475,1.0,1.0018995297192925
UVSSA,2,0.00010173053046766436,909.7262823316041,1825.164594572164,26.368157210414882,1825.4525646632082,0.852153325,1.0,1.0017847589298805
VAC14,2,0.0005593349676406174,2076.210617597348,4157.868833822989,36.58143458310503,4158.421235194696,0.76130315,1.0,1.0020867166869474
VAMP1,2,2.4570941785934788e-5,521.7136464594905,1047.2175479586163,19.35698081501204,1049.427292918981,0.89168625,1.0,1.0019480393567417
VAMP2,2,0.0033807642466612384,7688.11105871195,15381.713707739627,14.385655360902826,15382.2221174239,0.4977394,1.0,1.0087116755608982
VAMP3,2,0.0020602363460115562,4369.395029966011,8752.698904022891,31.55539151932209,8744.790059932022,0.626560825,1.0,1.0046174551090878
VAMP4,2,0.00010191943353321292,1243.2480115029784,2489.965589467766,30.49918715881464,2492.496023005957,0.833228925,1.0,1.0053651765602478
VAMP8,2,0.00608155616940577,9478.196037937583,18985.749251344514,10.442972675375904,18962.392075875166,0.374706825,1.0,1.0085635225988288
VANGL1,2,0.0002606463291192808,2600.089770354128,5204.646797371587,38.10659079059431,5206.179540708256,0.740785775,1.0,1.0023042033220413
VANGL2,2,2.3336706037195213e-8,6.195895452875329e-5,2.078829827980156,8.090167130866258e-15,6.0001239179090575,0.98192625,1.0,1.001990519943341
VAPA,2,0.008089370901128982,10269.49561651562,20543.734054741755,9.21059926522788,20544.99123303124,0.3692704,1.0,1.0053873632971295
VAPB,2,0.0009083209594873218,3021.993033498689,6048.301543539655,37.663897464562666,6049.986066997378,0.716586275,1.0,1.007091313680869
VASH1,2,5.270475527417701e-5,616.6747709423963,1237.7547641411566,21.44257977374421,1239.3495418847926,0.881613025,1.0,1.0035809729159517
VASH2,2,3.609957757904689e-5,613.6989541111516,1231.709860859226,21.1696213325379,1233.3979082223032,0.8799612,1.0,1.0014493817755141
VASN,2,3.0022656164126036e-5,704.9527242630909,1413.1361377671658,22.889511057078813,1415.9054485261818,0.888156,1.0,1.0030696225983047
VASP,2,0.001239336184261217,5059.688741765888,10125.582947742905,29.18789616602758,10125.377483531776,0.604540525,1.0,1.0057667921941276
VAV1,2,0.00044110092871088206,3093.638025364835,6190.959149279712,37.506998648410736,6193.27605072967,0.730258925,1.0,1.0040389552260813
VAV2,2,0.00010583330904744336,1095.4533111244564,2194.694715262744,28.6816252030565,2196.9066222489128,0.83797745,1.0,1.0035136221367982
VAX2,2,4.354186151838439e-5,210.76996781726967,424.7286547835305,11.643335002712961,427.53993563453935,0.9340649,1.0,1.002658387292955
VCAN,2,0.001154263544701267,2241.1807095702966,4491.313356634457,37.40423285639705,4488.361419140593,0.7434139,1.0,1.00308075047204
VCL,2,0.0013340397786375808,3676.958731940286,7363.422044960985,36.51370062566113,7359.917463880572,0.65132575,1.0,1.008135945406588
VCPIP1,3,0.0011848922483225302,2054.4365882218726,4112.829935868335,36.477224281600314,4114.873176443745,0.79589085,1.0,1.004506957071632
VCPKMT,2,0.0002413674961917182,1323.2518893041092,2650.2287831873136,31.226538785805182,2652.5037786082185,0.8336809,1.0,1.0033697301208817
VCP,2,0.0020864614399360494,6375.182789900632,12758.200161599552,18.878992645452673,12756.365579801264,0.506630575,1.0,1.0046974091015035
VDAC2,2,0.007993765646432388,12830.713351785915,25674.45480080095,5.89615868051273,25667.42670357183,0.27547445,1.0,1.0078671499304164
VDAC3,2,0.009637119498621092,8657.941727272608,17321.336319464135,12.301628784678403,17321.883454545215,0.421020875,1.0,1.0055794116816608
VDR,2,9.322294248369063e-5,869.352189877133,1742.6537345985146,25.476676211715183,1744.704379754266,0.85935875,1.0,1.0015126088306132
VEGFA,2,0.0010277807982785735,1724.7020374492479,3454.0963880322433,34.57622970985471,3455.4040748984958,0.799560575,1.0,1.0060994909790175
VEGFB,2,0.0003202129212855946,1685.8489121847256,3376.222252355472,34.46506009015005,3377.697824369451,0.79370705,1.0,1.0030259745075891
VEPH1,2,4.8685346631394383e-5,220.75091449819567,444.5147126198429,11.959761840270522,447.50182899639134,0.9329425,1.0,1.003782650637488
VEZF1,3,0.0003593600026908593,2705.8353724818808,5416.298190849261,38.2544382977529,5417.6707449637615,0.721664975,1.0,1.0064628436535386
VEZT,2,0.0005970460274744068,3174.5091182205406,6354.314138760863,37.938337438697154,6355.018236441081,0.6965847,1.0,1.0030195974182596
VGF,2,0.0011792465878454653,3739.608260793322,7484.189294419646,37.47828148408548,7485.216521586644,0.649939175,1.0,1.002348866621151
VGLL4,2,0.0022670505620892316,4190.04906145882,8384.980498319394,34.12217000364479,8386.09812291764,0.6377333,1.0,1.0055628672485175
VHL,2,0.0006119471910545546,1976.7894595678445,3956.8047741654564,36.1793516934903,3959.578919135689,0.796482775,1.0,1.0038182065189576
VILL,2,1.21966210137106e-5,498.1387317482743,1004.1697466665615,18.912884923688924,1002.2774634965486,0.8913931,1.0,1.003355360641943
VIM-AS1,2,4.296115212023095e-6,78.97189891374474,160.43194771966498,6.626585601571318,163.94379782748948,0.959451025,1.0,1.00120580575368
VIMP,2,0.0058746508759739075,9045.434904192836,18097.416162080648,11.073891695714101,18096.869808385673,0.429592675,1.0,1.0063730707018301
VIM,2,0.00043518126069379655,1112.3675786342158,2232.0543708613623,28.606336290873248,2230.7351572684315,0.82767255,1.0,1.0019054091330761
VIPAS39,2,0.000354778122948746,1616.096187190898,3235.4559963200204,33.898777415760584,3238.192374381796,0.8214827,1.0,1.0026258424448904
VIPR1,2,0.00031197599670945047,1210.6372766035988,2425.6806151891687,29.90622922717543,2427.2745532071976,0.829139225,1.0,1.0022409273467292
VKORC1L1,2,0.0006957259363099395,3065.507921051044,6135.932963579066,38.1618789683944,6137.015842102088,0.69610215,1.0,1.0020491207568334
VKORC1,2,0.004573334765131158,9135.133414569807,18297.32015464178,11.213006558312586,18276.266829139615,0.38730105,1.0,1.0105682444772999
VMA21,2,0.0025483971950222405,5644.856207635189,11295.21932218412,24.45828449894438,11295.712415270378,0.595221725,1.0,1.011140844786318
VMAC,2,2.910178577141967e-5,722.6540969129398,1448.596880142809,23.206673939995664,1451.3081938258797,0.8744092,1.0,1.0046526543323961
VMO1,2,0.0001647001865810183,364.333083319946,732.1490858608688,15.973653928562117,734.666166639892,0.913417425,1.0,1.0036564331273836
VMP1,3,0.007556328429199068,8815.822000296363,17637.5510517595,11.770612127729654,17637.644000592725,0.404413475,1.0,1.006648109414323
VOPP1,2,0.0004548327034048006,2670.0067690913525,5349.391874009266,38.08009236301543,5346.013538182705,0.70447475,1.0,1.003553383344554
VPRBP,2,0.0005143286396933394,1729.4659344467505,3462.663158356219,34.69193482820608,3464.931868893501,0.79936325,1.0,1.0033790940240532
VPREB3,2,0.00034429099355688355,1318.129954419978,2641.679335490191,31.09671059047882,2642.259908839956,0.81265705,1.0,1.0029177785610057
VPS11,2,0.000201302736045378,1258.9202932777791,2524.042681242741,30.54601498026516,2523.8405865555583,0.816675025,1.0,1.0039764518858263
VPS13A,2,0.0007954921297065736,3573.859906773242,7151.909281405034,35.806112748219235,7153.719813546484,0.7034953,1.0,1.0039714234908435
VPS13B,3,9.130027867738298e-5,1306.6986604694307,2618.784589834954,31.23190325596613,2619.3973209388614,0.819286175,1.0,1.0021943617934166
VPS13C,2,0.0004829852437722344,2106.598561561934,4218.274008144257,36.73429849130456,4219.197123123868,0.75061185,1.0,1.0020252433279677
VPS13D,2,2.0281773674705337e-5,874.8725363944562,1753.009296950638,25.764594951619973,1755.7450727889125,0.863718375,1.0,1.0080691677968059
VPS18,2,1.865020625232795e-5,821.4722635626913,1645.9804845017602,24.965577552482685,1648.9445271253826,0.88111555,1.0,1.0020260198156674
VPS25,2,0.0015893849782061614,5525.036309232617,11055.671252361546,24.60223807244123,11056.072618465234,0.59915505,1.0,1.00747305094436
VPS26A,2,0.0016589155132502756,4738.927841116204,9482.587552457178,31.414135861682794,9483.855682232408,0.60054405,1.0,1.0028785543015983
VPS26B,2,0.00010603130391688031,2482.7184461601328,4970.3412276134895,37.74308036398891,4971.4368923202655,0.74034105,1.0,1.0034085396669208
VPS28,3,0.004341798178788167,10224.17157697565,20482.9538054369,9.311697496632386,20454.3431539513,0.34480295,1.0,1.0250548307947753
VPS29,2,0.006014628892910575,9891.02992354922,19787.339288858377,9.826506474730726,19788.05984709844,0.37639025,1.0,1.0094978862354465
VPS33A,2,0.00043253649666367294,2239.65729050896,4483.142118902837,37.17056811378493,4485.31458101792,0.769121525,1.0,1.0032712007526357
VPS33B,2,0.00026274058621747655,1257.2264603382473,2517.8565213285847,30.827310710303685,2520.4529206764946,0.85007105,1.0,1.002566390166758
VPS35,2,0.0036851418559665267,7680.306980530459,15365.694329657663,14.72637575122099,15366.613961060919,0.4646366,1.0,1.0038139131762227
VPS36,2,0.0016584453582775332,6003.3381302693915,12025.879040157302,22.70758110772157,12012.676260538783,0.514045275,1.0,1.0030288497416695
VPS37A,2,0.00061583025408467,3241.1311539949006,6485.318769185446,37.08010044606825,6488.262307989801,0.745618025,1.0,1.004108626725282
VPS37B,2,0.00041303329966733954,3153.530361825094,6311.620071961897,37.616697989676084,6313.060723650188,0.728065225,1.0,1.0039393125674942
VPS37C,2,0.0005051169695247692,1857.030204458959,3717.0368870722123,35.53904396426959,3720.060408917918,0.816154625,1.0,1.0024969178173886
VPS37D,2,0.0010457836763603482,1386.2141358875583,2775.523412693657,32.28159302066333,2778.4282717751166,0.863990025,1.0,1.00122105879049
VPS39,2,9.453147943176524e-5,1119.7632905891603,2245.1770486818086,29.179445678423683,2245.5265811783206,0.8354908,1.0,1.0016494498558302
VPS41,2,0.0009943279182479908,3261.183351295916,6538.648217651854,37.26810001017589,6528.366702591832,0.662787275,1.0,1.0015929459999287
VPS45,2,0.00017898186121580176,1341.5220477904995,2688.987740775176,31.475728332939145,2689.044095580999,0.812612525,1.0,1.0024501943801176
VPS4A,2,0.0013528999415790748,4618.040445049008,9242.304832407812,31.467366408390077,9242.080890098016,0.5953481,1.0,1.0022533143813102
VPS4B,2,0.0012679343741791628,6280.933046068683,12567.665578527985,20.570209402981924,12567.866092137367,0.5404751,1.0,1.009382030535481
VPS53,2,0.00025534024835753555,1465.1263259565224,2933.8151134957275,32.642933900332245,2936.2526519130447,0.815833875,1.0,1.0025361587429866
VPS54,2,0.000719366169167923,905.135601279923,1814.0948844130112,26.420956939202522,1816.271202559846,0.8670287,1.0,1.0023064874654977
VPS72,2,0.0008347414108879747,5172.509188024267,10349.830863548495,26.59515280934408,10351.018376048534,0.62777205,1.0,1.0076970201999376
VPS8,2,0.0004773882892068286,1785.6165348002396,3574.598361186214,35.095701337185595,3577.233069600479,0.79897755,1.0,1.0024941569274095
VPS9D1-AS1,2,0.0006614133614319993,3144.322997118351,6294.278807162029,38.12275489949496,6294.645994236702,0.69530505,1.0,1.0067941468842787
VPS9D1,2,6.0697557271709984e-5,788.7373921083129,1588.7650744703012,24.238357645298944,1583.4747842166257,0.857160225,1.0,1.0018829034718675
VRK1,2,0.003711180925810892,3722.1119398318033,7458.260080812671,40.0578494214978,7450.223879663607,0.666606025,1.0,1.006548916985263
VRK2,2,0.00044561576453079534,3134.5489732654314,6274.146764888583,37.74268189468517,6275.097946530863,0.7078267,1.0,1.0066153895225227
VRK3,2,0.0009468087878740193,3621.6912075579644,7246.605138301155,35.598213005242215,7249.382415115929,0.71556825,1.0,1.006639029220782
VSIG10L,2,7.123874767481842e-5,1227.8736879500573,2459.531518749437,30.395221496594775,2461.7473759001145,0.83441715,1.0,1.003205963156756
VSIG10,2,0.0009503398778707991,2138.7900390380883,4282.28912850176,36.844836649236335,4283.5800780761765,0.764154225,1.0,1.0030090756351895
VSIG2,2,3.6815589804735273e-8,9.774539093157216e-5,3.439466888651783,1.1441223993092332e-14,6.000195490781863,0.9818496,1.0,1.0019275980646578
VSNL1,2,0.0009816254254685593,2090.800847585194,4186.580512953448,36.68519502006245,4187.601695170388,0.75244315,1.0,1.0041599897273314
VSTM2B,2,2.8744531758163727e-6,66.4211030738734,135.1844210234664,6.013027948077066,138.8422061477468,0.9640345,1.0,1.0016510602837476
VSTM2L,2,1.0898179277623817e-8,2.8934665982091233e-5,1.5864281163706477,1.1441223993092332e-14,6.000057869331965,0.982302375,1.0,1.002533717762189
VTA1,2,0.0008839974370094729,4692.696408660432,9390.691764087738,30.35090157433418,9391.392817320864,0.61017615,1.0,1.0031534763977834
VTCN1,2,1.4204416396011082e-5,131.63229737862417,265.99698130962395,8.871371381352565,269.26459475724835,0.948295075,1.0,1.0030828193680037
VTI1A,3,0.0016260385802578992,4010.7664762223153,8027.168046664891,34.21438894618021,8027.532952444631,0.654823425,1.0,1.0029078342731652
VTI1B,2,0.00287347328910006,7044.350518119613,14109.857423342597,16.577843512385154,14094.701036239227,0.486326725,1.0,1.017038530197902
VWA1,2,0.0013435639153559107,3498.770811643195,7002.743035613111,37.65310584288532,7003.54162328639,0.69714435,1.0,1.0060228592216676
VWA3B,2,2.271162621122873e-6,59.983245123154944,122.83421265430451,5.678699319581195,125.96649024630989,0.963603625,1.0,1.0016350938090497
VWA5A,2,0.00011630304644911914,1041.1214852187836,2087.767773501846,27.93874122960661,2088.2429704375672,0.83595995,1.0,1.0023262912464643
VWA5B2,2,7.3107521165572984e-6,661.258354835334,1326.4904841433565,22.215163185863943,1328.516709670668,0.876816975,1.0,1.0047041753245807
VWA8,2,5.4982580301425764e-5,1015.6397764533752,2035.2561867966717,27.71194063979106,2037.2795529067505,0.84486675,1.0,1.0056226928884515
VWA9,2,0.0007255564403394103,3271.419835203673,6546.896820911824,36.96244925174279,6548.839670407346,0.717025325,1.0,1.0014012305704716
VWCE,2,7.860605599764875e-5,269.1695252015324,542.0821909956068,13.413547850312973,544.3390504030648,0.92416385,1.0,1.0013296183827993
VWDE,2,4.318566176593165e-5,1063.4276333879675,2130.1596581287176,28.42755955107061,2132.855266775935,0.85474565,1.0,1.0024176317578408
VWF,2,5.678949847930791e-7,32.764211803866246,67.85921622121502,4.114876772650392,71.52842360773249,0.971237375,1.0,1.0032674136470823
WAC-AS1,2,0.0016186320434232965,3917.189642220701,7839.641305290152,35.22717196992479,7840.379284441402,0.679946525,1.0,1.0029367772847273
WAC,2,0.0006106156852169122,4769.251312694135,9542.818821331288,30.115670066259142,9544.50262538827,0.658167875,1.0,1.007206679997304
WAPAL,2,0.0008108008155439643,4989.295465280539,9983.210360522147,28.373195719870512,9984.590930561078,0.65179175,1.0,1.0043077995889544
WARS2,2,0.0006661291904138713,1866.1746076536442,3737.6283317183515,35.54305675805039,3738.3492153072884,0.77674435,1.0,1.0045377712950343
WARS,2,0.00030055948546052594,2161.3395852148938,4349.371588143632,36.94920472878202,4328.6791704297875,0.735725675,1.0,1.0064066101970341
WASF1,2,0.0009395318340909334,2184.281584012844,4372.166978319681,37.02229845777431,4374.563168025688,0.776505,1.0,1.0067563977276268
WASF2,2,0.007214502841124599,8544.10128167607,17093.04540318431,12.521304914156325,17094.20256335214,0.423333625,1.0,1.002815696540231
WASF3,2,8.033004689321296e-5,642.4060422792928,1290.0812262846603,21.938455025881904,1290.8120845585856,0.877678675,1.0,1.0024401332304171
WASL,2,0.0021695623797731616,4346.519734031169,8697.155382618232,31.90075544527558,8699.039468062338,0.69362495,1.0,1.0032040018108717
WAS,2,1.420722497979595e-5,131.63230483541415,266.31033610377176,8.871113027174795,269.2646096708283,0.9476775,1.0,1.00322271393957
WBP11,2,0.0013620388322916367,5680.5978302121275,11367.055414850061,26.953241017348784,11367.195660424255,0.57111425,1.0,1.0071446945475062
WBP1L,3,0.00022505435944493554,2377.1324687178535,4758.704442775331,37.63902542359078,4760.264937435707,0.743524775,1.0,1.0034161249699431
WBP4,2,0.003313490595280449,7231.514709060623,14467.73017411307,17.21878087081424,14469.029418121247,0.4921058,1.0,1.0070739186895554
WBP5,2,0.003138769174230601,7592.549336919439,15189.775772492816,14.671327565148163,15191.098673838878,0.467251225,1.0,1.0047635763571487
WBSCR16,2,0.0001814068536797403,2886.0426300039326,5776.770230184626,37.79189588422863,5778.085260007865,0.7226991,1.0,1.0062497499456506
WBSCR27,2,0.0029707712002668553,5891.171331750102,11787.876820255382,25.37882508052229,11788.342663500203,0.53914325,1.0,1.0050364233026665
WBSCR28,2,0.000276178218080391,448.8009074571136,901.2601703774387,17.999372743707188,903.6018149142272,0.90285495,1.0,1.0035016787222315
WDFY1,2,0.0003642585662187646,1453.1918034899475,2918.2228091141515,32.44893822034512,2912.383606979895,0.794822975,1.0,1.0041094703861693
WDFY2,2,3.771995664316083e-5,829.2152135594944,1661.7331047704367,24.97257496682974,1664.4304271189887,0.864359475,1.0,1.0015599491690743
WDFY3,2,8.382589098545106e-5,1210.3491370809004,2424.059591996459,30.228002171729646,2426.698274161801,0.846721525,1.0,1.0036080322857166
WDHD1,2,0.0007846082245949621,1394.062448740738,2794.226362639802,31.723364348158594,2794.124897481476,0.8052333,1.0,1.0025679218724175
WDPCP,2,2.0226255944190052e-5,613.8350401243317,1231.5656561330125,21.23353535528492,1233.6700802486635,0.88101165,1.0,1.0027335885262412
WDR11-AS1,3,2.2788473141794588e-6,59.983265526015,122.79640486557605,5.67918759439059,125.96653105203,0.963487925,1.0,1.0018782398733235
WDR12,2,0.001397168019072579,4362.369857367348,8729.107273147682,31.83242428869125,8730.739714734696,0.647691575,1.0,1.0082561655902689
WDR13,2,0.0007383383171074093,4635.969720093396,9293.839383529577,30.399686500157813,9277.939440186792,0.581820675,1.0,1.005484540248835
WDR16,2,1.566145084029509e-5,137.18931908489895,277.0470289596198,9.085527016784797,280.3786381697979,0.948270525,1.0,1.0033932252820676
WDR18,2,0.0043604272578528155,6942.456647973277,13892.542844619828,17.43085377414218,13890.913295946553,0.494642725,1.0,1.0086489094236717
WDR19,2,1.9335942929583258e-5,721.7340224053637,1447.3879343409728,23.32419510140221,1449.4680448107274,0.87273515,1.0,1.001593748372511
WDR20,2,0.0006896110062368343,2122.0908648028585,4247.145539614603,36.894571761355394,4250.181729605717,0.823467775,1.0,1.0032612972571404
WDR24,2,9.853717305427112e-5,1259.97159170949,2522.953438589508,30.694095417866077,2525.94318341898,0.84455285,1.0,1.0051260056805598
WDR25,2,0.0002519249987745009,1385.7489071246055,2775.0784527642827,31.867428163387032,2777.497814249211,0.8326244,1.0,1.0058657380392133
WDR26,2,0.0001171891794297439,2258.595637781216,4521.674479154242,37.30244057965882,4523.191275562432,0.755956,1.0,1.0024099654795342
WDR27,2,6.935928819548641e-5,780.3982319617493,1571.02961302792,24.34322429590575,1566.7964639234985,0.8601012,1.0,1.002058146861679
WDR31,2,1.7561544300603467e-5,718.2287180742528,1439.751080677007,23.261935043356594,1442.4574361485056,0.8772371,1.0,1.0021981954555745
WDR33,2,0.0019227609780251074,5192.396736625349,10389.12794733421,26.63705749868881,10390.793473250698,0.6388246,1.0,1.0075934109022946
WDR34,2,0.005195933335137898,7148.143534823526,14305.090279986594,24.574490600836082,14302.287069647053,0.510156975,1.0,1.0057996535166311
WDR35,2,0.00017011626089320756,703.4510602041007,1411.0000427774298,23.071177636607374,1412.9021204082014,0.8775876,1.0,1.004266380674251
WDR36,2,0.00018283730188362773,2519.9347758542026,5044.61624549727,37.92409885025521,5045.869551708405,0.742090775,1.0,1.0024603649054638
WDR37,2,1.28225363398625e-5,791.2696888756916,1585.5977822081873,24.461681367083962,1588.5393777513832,0.8787598,1.0,1.0014205753545633
WDR3,2,0.0007970387401268345,3426.798881671025,6858.364305330059,37.09537241405909,6859.59776334205,0.6984683,1.0,1.0084220170103328
WDR41,2,0.0010818775830516469,3754.317287554269,7512.650427611385,35.16678636333221,7514.634575108538,0.687841825,1.0,1.0138271137294834
WDR43,2,0.004619037081394181,7517.7812736537135,15040.894698418417,17.371156212527204,15041.562547307427,0.5003667,1.0,1.0043732132077652
WDR44,2,0.00013831560038983056,908.4535349555414,1821.3821129123955,26.005507613342722,1822.9070699110828,0.851635475,1.0,1.002455809786351
WDR45B,3,0.003039000229170172,7218.507518300335,14444.202813250262,17.256502161991015,14443.01503660067,0.472364975,1.0,1.0063019786470888
WDR47,2,3.369045798674208e-5,647.1044491339785,1297.8328436740533,21.816124759563323,1300.208898267957,0.881004775,1.0,1.0028072219648467
WDR48,2,7.298815360454751e-5,2424.3893151022166,4852.24916659447,37.62530239679255,4854.778630204433,0.7628317,1.0,1.002528415413078
WDR4,2,0.0001783968494261239,2662.7843099507886,5330.267223735072,37.989337160743254,5331.568619901577,0.73192005,1.0,1.0044427108260967
WDR52,2,1.2009637113733464e-5,490.1281305962817,983.8974198708206,18.741491636111164,986.2562611925634,0.895145875,1.0,1.0041499453653717
WDR53,2,9.392664687971595e-5,1172.6050191150657,2348.236664082777,29.80568267241217,2351.2100382301314,0.8677226,1.0,1.0068419807071314
WDR54,2,0.0031692619678203673,7060.202692620313,14229.744529399173,19.317140552059453,14126.405385240627,0.4754794,1.0,1.006799771376031
WDR55,2,0.0005053040849516887,3206.1153424392,6416.0628877286645,37.25166934421537,6418.2306848784,0.72567765,1.0,1.0075155517666738
WDR59,2,0.00021364181872735334,2716.177171231717,5441.44667394589,37.894919238891056,5438.354342463434,0.710412075,1.0,1.0032305536129154
WDR5B,2,2.2011507972165965e-5,845.3990231186347,1693.6220981731599,25.292471852967807,1696.7980462372693,0.883371,1.0,1.0036293041773656
WDR5,2,0.0006349327843561467,2732.90932270122,5470.680080032061,38.15821847465738,5471.81864540244,0.7139662,1.0,1.008751365728586
WDR60,2,0.000982157074933192,3508.1740343332926,7022.069999265671,37.06250488829092,7022.348068666585,0.67703395,1.0,1.0058384298910577
WDR61,2,0.0012619778860731646,6408.505677415692,12828.439707558684,19.413266792062092,12823.011354831384,0.50518875,1.0,1.0035280560710729
WDR62,2,1.1072436389550492e-5,517.9771968303895,1040.938358929185,19.341486529543104,1041.954393660779,0.89015435,1.0,1.002531702580233
WDR63,2,9.625103634177967e-5,292.54758374860853,588.1908713609636,14.076013872300582,591.0951674972171,0.924317925,1.0,1.0050889180292653
WDR65,2,2.0467121770994322e-5,153.5785191546761,310.2032123754985,9.695964479176059,313.1570383093522,0.94344235,1.0,1.0047220990437487
WDR66,2,4.6185189747022e-6,338.21803631430834,679.4547310839539,15.203935440299169,682.4360726286167,0.91692895,1.0,1.003911095912161
WDR6,2,0.0006972778098208842,3738.534456197928,7481.322196247107,35.13931711132938,7483.068912395856,0.69306905,1.0,1.0011666814987745
WDR70,2,0.0009009657545495788,3760.70184182419,7525.73575510384,35.2537339253921,7527.40368364838,0.689727325,1.0,1.0070366955083714
WDR72,2,0.00014608692556741424,2429.1677680589482,4863.259111479119,37.71613909509856,4864.3355361178965,0.737572475,1.0,1.0062137047970163
WDR73,2,0.0008185944016322141,3363.9703116535325,6733.090279430958,37.13734674583176,6733.940623307065,0.70848695,1.0,1.0038276897126144
WDR74,2,0.0019219596792294142,6524.817155297127,13054.573057897791,20.098322379806635,13055.634310594254,0.570258225,1.0,1.0070065304712899
WDR75,2,0.0013950730413582046,3443.404930542285,6892.311657739554,37.045285132799584,6892.80986108457,0.712748775,1.0,1.0092245293470257
WDR76,2,0.0013786820941620965,1454.6146583840357,2915.3036459810683,32.20182736707355,2915.2293167680714,0.805254375,1.0,1.0037839798299681
WDR77,2,0.0007452497242286156,4118.391978929586,8246.792583006692,35.81633349002531,8242.783957859172,0.6269115,1.0,1.0055192994549205
WDR78,2,6.427881990468967e-5,740.1566616591846,1484.1984362944022,23.40925976176623,1486.3133233183692,0.871702175,1.0,1.0029174707146549
WDR7,2,0.0001898708059350233,385.94280263732605,775.3191646845413,16.511276915710933,777.8856052746521,0.91169345,1.0,1.0023204811159403
WDR81,2,0.0007421562613922073,663.4848584223407,1330.5816253310152,22.41814617254099,1332.9697168446814,0.886537625,1.0,1.006005381163748
WDR82,2,0.000535436883601492,3317.2651004035606,6639.128819502078,37.15394565638228,6640.530200807121,0.7037995,1.0,1.004434682584786
WDR83,2,0.0014870899659224874,3894.2014950670045,7810.6557787557085,34.60921170771817,7794.402990134009,0.627254625,1.0,1.0032691590541511
WDR89,2,0.0007074716665478369,1918.436087070494,3840.1102903081087,35.83778761353379,3842.872174140988,0.820245525,1.0,1.0026601203800933
WDR91,2,0.0004242842717053355,532.5739183577285,1073.3639287738479,19.83140603989001,1071.147836715457,0.88704235,1.0,1.0017371291703687
WDR92,2,0.0003788758442615996,1410.8807056998844,2826.708787169641,32.037992760864164,2827.761411399769,0.8071229,1.0,1.0031244993327646
WDR93,2,4.108650829244747e-5,205.73354443055015,414.66072376803174,11.481506682794292,417.4670888611003,0.93473935,1.0,1.0030226455001527
WDR96,3,0.0002058378969410697,398.74265345415785,802.0502097623394,16.82248418223282,803.4853069083157,0.906330425,1.0,1.0019976114405071
WDSUB1,2,0.0009309072844783872,2111.577914788445,4226.529349181858,36.73683990025995,4229.15582957689,0.788054525,1.0,1.0022508649091861
WDTC1,2,0.0005648052776810234,2039.9519475165607,4104.548584935056,36.53199877223651,4085.9038950331214,0.74894885,1.0,1.0044622938533099
WDYHV1,3,0.0014223447570332034,5073.833232601978,10152.3509523134,28.49213195705914,10153.666465203956,0.59783985,1.0,1.0102350528519852
WEE1,2,0.0011769878146808625,2628.402890617742,5261.328344069773,38.67407073201868,5262.805781235484,0.7345252,1.0,1.0079420404674606
WEE2-AS1,2,4.294958497157719e-6,78.97397189795916,160.40407481289552,6.626653327751161,163.94794379591832,0.959551375,1.0,1.0041698721144134
WFDC3,2,3.196929388401966e-5,683.3987304032362,1379.7855270705459,22.48744241034212,1372.7974608064724,0.86860515,1.0,1.003341979650446
WFS1,2,0.00010292807506778088,1113.3325757696855,2230.2805862492123,28.917214800457128,2232.665151539371,0.838468525,1.0,1.0033971888654318
WHAMM,2,0.00021174884935396327,2463.765156800573,4931.191877553341,37.692862038070494,4933.530313601146,0.780833925,1.0,1.0031755403391591
WHSC1L1,2,0.0020394109656115197,6456.627433015364,12918.133927877172,20.740379472309947,12919.254866030727,0.565437725,1.0,1.0110178883499858
WHSC1,2,0.0006749519987818078,2632.4811414229957,5274.650311433766,38.535548513841434,5270.9622828459915,0.714601225,1.0,1.0061201200058383
WIBG,2,0.0015173597977058717,4968.345162362551,9941.01011345347,29.959420381414496,9942.690324725101,0.6299162,1.0,1.0123998290579674
WIPF2,2,0.0007377354368285266,3548.2780468815154,7099.5441653556,36.01954488354698,7102.556093763031,0.742010175,1.0,1.0042556293427396
WIPF3,2,0.0001261528665817544,1116.6058427674993,2237.16993551496,28.92097461537989,2239.2116855349987,0.835334175,1.0,1.0052682789861713
WIPI1,3,0.0008900810835182427,4221.151171545199,8449.44926201583,33.88582033476877,8448.302343090398,0.61504465,1.0,1.0033340519976237
WIPI2,2,0.0029751080973337116,6841.031479505013,13691.744101978462,17.265925163605182,13688.062959010025,0.48772825,1.0,1.0075412506531685
WIZ,2,0.00020757172170755487,2263.9110811067417,4532.065961311003,37.24798422353431,4533.822162213483,0.7632712,1.0,1.0041080853885342
WLS,2,0.00027387881187363887,2833.8999574821582,5691.813577834612,37.84306777922941,5673.7999149643165,0.689383025,1.0,1.0040705756967296
WNK1,2,0.0011955993878733254,3372.109246034653,6749.140760095791,37.786361342962095,6750.218492069306,0.6899305,1.0,1.007505701596438
WNK2,2,3.8026615636691315e-6,399.278140262645,801.8560951054562,16.730645535278168,804.55628052529,0.9070103,1.0,1.0029401453258477
WNK4,2,2.9881816455460515e-5,180.09148870084533,377.60506254531674,10.628087342246836,366.18297740169066,0.9375319,1.0,1.0013595104781436
WNT10A,2,1.6068939847514822e-5,711.793974314709,1426.587736499349,23.074958647204195,1429.587948629418,0.88091775,1.0,1.0032833108945973
WNT10B,2,5.136875540336946e-5,872.4851300985509,1748.7865882462158,25.616018492985226,1750.9702601971019,0.856710675,1.0,1.0032573628719617
WNT11,2,2.271247294054842e-6,59.98324534796158,122.37897408353841,5.679370370996664,125.96649069592316,0.9638862,1.0,1.002485185471933
WNT16,2,0.002235821858405106,4518.849200619594,9043.589037805703,40.98586445772341,9043.698401239188,0.6444212,1.0,1.001337574587819
WNT2B,2,1.0710742947577175e-5,529.7591682967928,1062.9243097118033,19.59530853021481,1065.5183365935857,0.891331725,1.0,1.0049688541385757
WNT2,2,7.987694198029728e-6,103.03945460663188,208.61908937666615,7.708500370709395,212.07890921326376,0.954301175,1.0,1.0021264290864877
WNT3A,2,1.0816755523555611e-5,529.7594497601821,1063.2801519499637,19.594643782182406,1065.5188995203641,0.889581025,1.0,1.0026397922382995
WNT3,3,1.1533893296483743e-5,514.0307204290366,1031.177991874811,19.260166772571992,1034.0614408580732,0.8943339,1.0,1.004451056777511
WNT4,2,4.354204963636582e-5,210.76996831672292,424.4498173250122,11.643657730815685,427.53993663344585,0.935241375,1.0,1.003094197153623
WNT5B,2,1.0260656580448376e-5,114.65027424301515,232.00263025409893,8.194633029979633,235.3005484860303,0.95164245,1.0,1.0019997335206885
WNT6,2,0.0007266849726222508,1606.1728449170341,3217.1183503197776,33.69957978491185,3218.3456898340683,0.800491125,1.0,1.0028464157085104
WNT7A,2,5.365098133078186e-5,435.2684025515627,875.0485791277839,17.36838625818085,876.5368051031254,0.901318975,1.0,1.003201187340014
WNT7B,2,0.0002561694038773293,1172.9857324324214,2350.4112188113563,29.493457716121277,2351.971464864843,0.831670925,1.0,1.0045099841688916
WNT9A,2,1.80921266041005e-5,661.6813954969597,1326.3362720486066,22.153421881370512,1329.3627909939194,0.888974625,1.0,1.0031022931607527
WRAP53,2,0.0005862037645596927,2649.5345178001317,5303.481291829864,38.22943699300473,5305.069035600263,0.71973355,1.0,1.0062632134586855
WRAP73,2,0.0015763335557268075,4107.300079622849,8218.8547003278,33.29920481949216,8220.600159245698,0.678989725,1.0,1.0100903767006775
WRB,2,0.0005436190959518403,4427.550895781051,8874.169174038178,32.34136747030526,8861.101791562101,0.594407675,1.0,1.0034846210090465
WRNIP1,2,0.001010641374998602,4674.897228025777,9366.229257259327,31.43257791153798,9355.794456051553,0.58218975,1.0,1.0047721214618084
WRN,2,0.0007648661673585454,2047.5857225762338,4099.366284120414,36.483713235930935,4101.171445152468,0.77600625,1.0,1.0012200076622504
WSB1,2,0.0011246697781395361,5100.6043901324665,10208.433073049013,27.82365990770235,10207.208780264933,0.5890997,1.0,1.0091831159200604
WSB2,2,0.0009088289127032134,3624.431677754924,7254.653394812986,35.99492605586711,7254.863355509848,0.6684463,1.0,1.0064087385484535
WTAP,2,0.0009875591461993322,6068.632900780884,12142.319213951745,22.752781886810865,12143.265801561767,0.601324575,1.0,1.0029152423690126
WTIP,2,0.00012395710765149908,674.9695829077322,1353.4161280058308,22.55054263537176,1355.9391658154643,0.8836276,1.0,1.002192746636634
WWC1,2,0.0005435247362387435,1617.9123324857728,3240.7675679516,33.83361388821686,3241.8246649715456,0.794528325,1.0,1.0015861527536225
WWC2-AS2,2,4.277445075442734e-6,360.369214096988,723.6033301038467,15.773350618686589,726.738428193976,0.9219845,1.0,1.0037039568724393
WWC2,2,0.0001639966438786082,1392.3559799162117,2787.837522702228,32.02037781237181,2790.7119598324234,0.83105875,1.0,1.003525747627742
WWC3,2,2.7207083073446194e-6,489.9410526965851,983.6437443146926,18.820043059447716,985.8821053931701,0.895692775,1.0,1.0025494009293126
WWOX,2,0.000286408946893176,2474.1647984525075,4954.140419418277,37.86737244902781,4954.329596905015,0.732569225,1.0,1.0031680090737203
WWP1,3,0.0004719193344759974,2391.713594594981,4788.375198799018,37.684985041864984,4789.427189189962,0.7326352,1.0,1.0021719800962539
WWP2,2,0.00012061256753678042,1007.1379435659427,2018.2059006964282,27.466808035785455,2020.2758871318854,0.846462425,1.0,1.0025004926726109
WWTR1-AS1,2,9.092725491000968e-6,108.87312318636323,220.3865861428338,7.955261076591586,223.74624637272646,0.952714375,1.0,1.0021031521587482
WWTR1,2,0.00015857561133472123,2255.994885334735,4516.638434664196,37.329326763151656,4517.98977066947,0.746568525,1.0,1.0027134889358977
XAB2,2,0.00034400135145218336,4453.769543987974,8913.86286520441,31.170575723576334,8913.539087975949,0.625981325,1.0,1.002427568374935
XBP1,2,0.0022414164411358422,6607.524593467883,13219.572824437693,19.01317304195833,13221.049186935767,0.5716539,1.0,1.0090529910900468
XIAP,2,0.0005548128440236288,3180.161534631469,6365.491238654372,37.82378391186515,6366.323069262938,0.70645765,1.0,1.004771142396165
XKR3,2,1.277575103638704e-6,46.713526723944824,95.75198154955942,4.952587739932003,99.42705344788965,0.967495625,1.0,1.0050061859884059
XKR8,2,0.0005026006955439643,1683.9059427761829,3371.389178546672,34.3627849447667,3373.8118855523658,0.827930625,1.0,1.0016731989218994
XKR9,3,1.7428843728676577e-6,53.42007014950016,109.25405037322517,5.326741170215568,112.84014029900032,0.9655287,1.0,1.002791832717846
XKRX,2,8.891035419665038e-7,39.83955179072824,81.94808777290314,4.550884796236607,85.67910358145647,0.9693678,1.0,1.0028212657173374
XK,2,0.00014132619992116062,342.3553858270255,688.6735106405583,15.411474468892814,690.710771654051,0.913832525,1.0,1.0033201553279678
XPA,2,0.0015159496375213883,4857.0963225361065,9718.79282947173,29.77956200060657,9720.192645072213,0.613439525,1.0,1.0065858084726018
XPC,2,0.0025503838666895867,5259.831484813858,10524.338746130114,27.978909586214186,10525.662969627716,0.597833825,1.0,1.0090570949438677
XPNPEP1,3,0.0009862142521464814,3787.9792109785258,7601.790048105383,35.124186388137794,7581.9584219570515,0.63400855,1.0,1.0090222758062974
XPNPEP3,2,8.20903746918248e-5,2477.088156089785,4957.078105467307,37.70610743682641,4960.17631217957,0.790629625,1.0,1.0028077727795952
XPO1,2,0.00155623806662078,4747.675509868809,9502.074937917256,31.262725711952992,9501.351019737618,0.6178926,1.0,1.00433076625076
XPO4,2,0.00021376732707018576,1497.892634087446,2999.3318497314945,32.985098940290214,3001.785268174892,0.8145988,1.0,1.0034078561073763
XPO5,2,0.0005203716517045969,1595.1134871419247,3197.736022668592,33.64715888142667,3196.2269742838494,0.78658145,1.0,1.003200761173037
XPO6,2,0.0004165988732130164,2742.4013551978114,5489.5121470356935,38.25350677639968,5490.802710395623,0.715930925,1.0,1.0069170382105586
XPO7,2,0.00020628510449554032,1518.1656909692254,3040.2123451292846,33.17435933067014,3042.3313819384507,0.81358915,1.0,1.0035476097946954
XPOT,2,0.000388119731219066,1556.4219091835007,3119.9813911663496,33.37569529004748,3118.8438183670014,0.791913325,1.0,1.005222614764448
XPR1,2,7.817965415153101e-5,1133.422928051332,2271.20116233544,29.217209863950945,2272.845856102664,0.83435785,1.0,1.0039915732811278
XRCC1,2,0.0003264100203436697,2538.178354652303,5081.738835752125,37.95281827210688,5082.356709304606,0.723714175,1.0,1.0048416318647608
XRCC2,2,0.0002189880390766941,1190.5131918898878,2385.065130610576,29.73753718183561,2387.0263837797756,0.8419211,1.0,1.0022465828647642
XRCC3,2,0.0003970434320614876,834.2525765669938,1676.284357101187,24.605720919774026,1674.5051531339875,0.8555001,1.0,1.003298813810216
XRCC4,2,0.0029323902782547244,4239.22912264956,8483.9952483943,36.96553873326047,8484.45824529912,0.627756475,1.0,1.0060199150259275
XRCC6BP1,2,0.00044152721448797376,3061.72705923242,6128.33044232182,37.79459088148867,6129.45411846484,0.71981815,1.0,1.0062263826154667
XRN1,2,0.00012388589097219493,2317.677700715175,4640.077522101879,37.42524131907842,4641.35540143035,0.746916925,1.0,1.0033573803864562
XRN2,2,0.003758018991199507,8288.701921218617,16584.771073510088,12.59620890328281,16583.403842437234,0.43435805,1.0,1.0042914606910087
XRRA1,2,0.0007168172575586969,2091.627619875265,4186.237820818283,36.69659720630369,4189.25523975053,0.805109225,1.0,1.0043175660436368
XXYLT1,2,0.0007578280263759251,2181.2002505623645,4365.85806348677,37.08695914375316,4368.400501124729,0.7946573,1.0,1.0051099667330556
XYLB,2,0.0003231702821553804,912.1920221857503,1828.999121847659,26.46757129781707,1830.3840443715005,0.857280175,1.0,1.0020456494981322
XYLT1,2,0.00011161426071211928,310.9117441043212,625.0875647924468,14.579147557861262,627.8234882086424,0.920406575,1.0,1.0044792820067203
XYLT2,3,5.796615279997549e-5,1135.1080333244931,2273.409037464347,29.33099882362333,2276.2160666489863,0.8528215,1.0,1.0049322529412092
YAE1D1,2,0.0003580848441218524,2958.6906728222143,5921.662249370868,37.95708740113037,5923.381345644429,0.753815625,1.0,1.0101714472723609
YAF2,2,0.0015920292058449557,3934.327884418254,7874.062774222438,34.947498993475506,7874.655768836508,0.689820625,1.0,1.0077701176437828
YAP1,2,0.00036437375805765135,2897.5199302262195,5799.92454577571,38.12669904259713,5801.039860452439,0.712792225,1.0,1.002764115345504
YARS2,2,0.0016105402756317207,4099.812372392016,8203.095142422402,33.31852610661172,8205.624744784032,0.71026815,1.0,1.0040189350231348
YARS,2,0.0005361132432211985,4266.500793548236,8540.934877566964,34.90660755337,8539.001587096473,0.63127845,1.0,1.0055995700940108
YBEY,2,0.002282640962556305,6635.323503544213,13275.20770075479,18.22970995934641,13276.647007088426,0.53612615,1.0,1.002699390478414
YBX2,2,7.207198999571355e-5,259.67239280536523,536.4285533963172,13.135719369817613,525.3447856107305,0.923730825,1.0,1.002214017459181
YDJC,2,0.003979266870704587,8080.7319593951115,16166.845914781263,13.096565068405033,16167.463918790223,0.5205783,1.0,1.0059209218442258
YEATS2,2,5.305109702874255e-5,1126.3596461579668,2255.8718008901583,29.217070758172024,2258.7192923159337,0.85548445,1.0,1.0026168710815144
YEATS4,2,0.0018355644764408811,5225.814831390011,10458.418780663214,29.17172811923772,10457.629662780022,0.612362675,1.0,1.0030384344818346
YES1,2,0.0007970504827216634,3373.1153385195034,6752.444662452411,37.465308593466126,6752.230677039007,0.679587375,1.0,1.0015928872040316
YIF1A,2,0.001969084300770405,7203.597862369895,14412.324920623669,16.28003890436487,14413.19572473979,0.4755193,1.0,1.00747931804602
YIPF1,2,0.0006755190329438139,2107.198410382944,4218.685351707594,36.84800478552312,4220.396820765888,0.7872469,1.0,1.0013146827883297
YIPF2,2,0.0006420449995738059,3208.2114158801464,6425.454131567162,37.7716746599214,6422.422831760293,0.67505045,1.0,1.0039281071819433
YIPF3,2,0.0031310121696450518,7044.680197079313,14097.267183646009,15.42146884950872,14095.360394158626,0.495947075,1.0,1.0093184265387063
YIPF4,2,0.0023916232066309253,4301.706959325378,8606.79262612843,31.93311006543243,8609.413918650756,0.693348925,1.0,1.0046946732370752
YIPF5,2,0.0008967897426339649,3235.925624607338,6476.7013085423305,37.918845755205886,6477.851249214676,0.690465675,1.0,1.0025426269833757
YIPF6,2,0.0023055584215761014,6229.930238662009,12468.055369949567,20.435545620537496,12465.860477324019,0.5076721,1.0,1.003962260303377
YKT6,2,0.0009624727547967075,3240.054770088508,6494.741671625126,37.24576130929215,6486.109540177016,0.67122425,1.0,1.0028614270050786
YLPM1,2,0.0007365836231221239,3194.7927368696623,6394.181941623817,37.76125850554218,6395.585473739325,0.699849875,1.0,1.0025301569605254
YME1L1,2,0.0014998721073129287,4949.574847271663,9905.159383543692,30.011551532841985,9905.149694543326,0.585792575,1.0,1.00529847431682
YOD1,2,4.574795953399551e-5,722.6832000438156,1448.943315554307,23.152406088129613,1451.3664000876313,0.879464125,1.0,1.0028506086042177
YPEL1,2,0.00018765144230144414,1201.8967625827959,2408.5075269588324,29.897627399109723,2409.7935251655917,0.824445225,1.0,1.0029537602823935
YPEL2,3,0.00019414985136588747,1550.817934668928,3104.6246488880042,33.473221229162974,3107.635869337856,0.834400725,1.0,1.0026500690899798
YPEL3,2,0.00242789612230432,3988.9963611259436,7984.774381537623,35.774353576606266,7983.992722251887,0.670959825,1.0,1.0044715360929715
YPEL4,2,3.6390266110889017e-5,195.57155880007537,393.966497816319,11.150410075467363,397.14311760015073,0.940205175,1.0,1.003980467250952
YPEL5,2,0.0006148466688094004,4054.619960893738,8113.7962807683925,35.60638795801403,8115.239921787476,0.641371725,1.0,1.0101583215900614
YRDC,2,0.0018602611405139555,5265.74928816512,10537.11017589892,27.220093656381906,10537.49857633024,0.62998555,1.0,1.010585894771158
YTHDC2,2,0.00024882435548251503,2765.6890290717024,5536.786970930721,37.94501888069461,5537.378058143405,0.72231025,1.0,1.004834578625888
YTHDF1,2,0.00032550220217890505,2893.524634497172,5791.626897146678,38.05695130776463,5793.049268994344,0.742890075,1.0,1.0059446231261724
YTHDF2,2,0.002985034793130849,7467.277748098634,14939.521870363369,15.061368498205596,14940.555496197268,0.506775075,1.0,1.004480090084734
YTHDF3-AS1,2,0.00024897629762533565,1196.372831256047,2397.731499787991,29.777383727677634,2398.745662512094,0.82332745,1.0,1.0033869320013702
YTHDF3,2,0.0003412767266818987,2276.8699631731774,4558.657816204909,37.36928609542355,4559.739926346355,0.75785865,1.0,1.0044749936425803
YWHAB,2,0.008187956311384581,11105.288585579996,22306.976410375355,8.069102781861476,22216.577171159992,0.32358535,1.0,1.0073296156437879
YWHAE,2,0.009317914640762082,12673.220041345088,25353.09266378127,6.0646392665765445,25352.440082690176,0.2836389,1.0,1.014146206271393
YWHAG,2,0.0031274465252868586,5588.780895528779,11182.757741422485,27.514208159358276,11183.561791057558,0.54876605,1.0,1.0027076269253847
YWHAH,2,0.007070293048265316,9346.433883399051,18698.58591159784,11.302655286639865,18698.867766798103,0.437852725,1.0,1.0007563759258684
YY1AP1,2,0.001027249807569574,2335.2668751613173,4673.66102502263,37.52459743999033,4676.533750322635,0.803284475,1.0,1.0057319169948085
YY1,2,0.00428953984048083,7793.3670365103735,15592.568773229234,14.927140711885304,15592.734073020747,0.484077325,1.0,1.0052279250739964
YY2,2,2.7921879502536225e-5,469.4384718179111,944.2128671477171,18.215501655396046,944.8769436358222,0.89597205,1.0,1.0029576727665606
ZACN,3,5.112739849878902e-6,85.10929034990767,173.00676908552077,6.912859144464456,176.21858069981533,0.957551825,1.0,1.0041836669506878
ZADH2,2,0.00016534699413948511,2371.487428620293,4747.337647765343,37.586643859858654,4748.974857240586,0.756248,1.0,1.0058298772988858
ZAP70,2,4.621270482739721e-9,1.2269473131673958e-5,2.0265763937780816,1.1441224014403272e-14,6.000024538946263,0.98208935,1.0,1.002776065781842
ZAR1,2,5.680044048409718e-7,32.764212094376475,68.3332295430202,4.107543413315303,71.52842418875295,0.971179225,1.0,1.0019520114864071
ZBBX,2,4.354163701396837e-5,210.76996722121046,424.5671454174428,11.643602039079457,427.53993444242093,0.9343462,1.0,1.005949983427468
ZBED2,2,0.0009899016077444883,1304.8091123016675,2615.9268521806644,29.876173165589204,2615.618224603335,0.821715225,1.0,1.0007165438010597
ZBED3,2,0.0001481339986532373,2336.937572527783,4678.562073106735,37.552305155680905,4679.875145055566,0.752765125,1.0,1.0047513204545664
ZBED4,2,0.0007894548311262137,1928.3702118570675,3860.3547788470087,35.878065761883086,3862.740423714135,0.804873325,1.0,1.003160840745897
ZBED5-AS1,2,0.00046074029851555815,3026.343695650692,6062.9178382851605,37.91112239131466,6058.687391301384,0.682153275,1.0,1.0045682536103708
ZBED5,2,0.0004054359131641994,2823.3421943058884,5650.839637392027,37.98230286064139,5652.684388611777,0.770689325,1.0,1.0033822967106378
ZBED6CL,2,9.625099924719795e-5,292.54758365014095,588.6930380001688,14.075365084562888,591.0951673002819,0.9210399,1.0,1.0020889559388129
ZBED6,2,8.937609016172632e-5,2320.05211574674,4643.687412938039,37.39885033384825,4646.10423149348,0.7697708,1.0,1.0051943233172314
ZBTB10,3,0.0006769550191559388,1704.3924260289266,3412.9717158235067,34.471438985691314,3414.784852057853,0.80823625,1.0,1.0013528662968754
ZBTB11-AS1,2,0.00012364390395532115,988.4395139221791,1980.8116968881718,27.199862189140635,1982.8790278443582,0.851634725,1.0,1.0025930993724699
ZBTB11,2,0.0003708809215861049,1718.0336329927445,3439.033343604799,34.672185188966054,3442.067265985489,0.824840375,1.0,1.0023622627999875
ZBTB14,2,8.629432983066e-6,609.8894900364912,1222.6889026811791,21.229589406458928,1225.7789800729824,0.893323,1.0,1.0029704604371619
ZBTB17,2,0.0005811505046998311,1857.9101233139409,3719.261143660605,35.731553245551964,3721.8202466278817,0.8170896,1.0,1.0044497722879153
ZBTB18,2,3.5515594113230336e-6,72.74762749024453,148.0184015467101,6.326563725052074,151.49525498048905,0.960675025,1.0,1.0037759967709905
ZBTB1,2,0.0007506229435865276,1969.6816320065504,3942.5624948091668,36.101838958712825,3945.363264013101,0.812044675,1.0,1.0028649646147312
ZBTB20,2,0.0026621691429173614,5271.83711758208,10548.431997771168,28.9037403120621,10549.67423516416,0.62184555,1.0,1.004577174257875
ZBTB21,2,0.0002412004858042266,1323.2514458915302,2650.2282493232856,31.224576949975024,2652.5028917830605,0.838025975,1.0,1.0014211138391589
ZBTB24,2,0.0004215068361753075,2716.7700606500357,5437.882392803177,38.00588768469295,5439.540121300071,0.774692175,1.0,1.0024069003797864
ZBTB25,2,0.0009856151133704487,1974.5376162433058,3953.1463267839567,36.10613218616051,3955.0752324866116,0.7959358,1.0,1.007425462728963
ZBTB26,2,0.00027617725611089053,448.80090490308464,900.7513463994663,18.000022009908186,903.6018098061693,0.91715875,1.0,1.0027911340300402
ZBTB2,2,9.304194567125385e-5,1031.669391504629,2066.7162657190097,27.852464694901204,2069.338783009258,0.85403755,1.0,1.001585411160528
ZBTB33,2,0.00013943551733033843,1086.6956986019313,2176.6399383120324,28.792291369129828,2179.3913972038627,0.862290225,1.0,1.0045066600909451
ZBTB34,2,8.544917464645897e-5,278.58158572435593,560.2395693353176,13.68389002581945,563.1631714487119,0.927224825,1.0,1.0017900547258622
ZBTB37,2,4.59535049675275e-5,722.6837457669418,1449.1042098757862,23.15164083946476,1451.3674915338836,0.873511925,1.0,1.003755743154273
ZBTB38,2,0.00038429171053902105,3089.1836955899803,6182.5106388108925,37.63114248792447,6184.367391179961,0.728401,1.0,1.0038171198636219
ZBTB39,2,0.00013112164160073326,1086.7714841305187,2177.190439068478,28.530633402287062,2179.5429682610375,0.85691235,1.0,1.0012510784352038
ZBTB3,2,9.100797253617956e-6,591.1628419911173,1185.1593233851231,20.85867384617638,1188.3256839822345,0.90353375,1.0,1.0053789567319646
ZBTB40,2,4.775313599640766e-5,1079.1589161796887,2161.3473856236096,28.592538828474776,2164.3178323593775,0.857787375,1.0,1.0038779098252417
ZBTB41,2,0.0002601876838917658,1361.6338157652983,2726.9916041683655,31.616300689499155,2729.2676315305966,0.828325,1.0,1.003807638881185
ZBTB42,2,8.557103342316703e-6,613.6100377309554,1230.3368301054597,21.30230686212727,1233.2200754619107,0.8863586,1.0,1.0054972116448528
ZBTB43,2,0.0006675869334376048,1913.7092632453496,3830.544685788041,35.82172749364091,3833.418526490699,0.8205124,1.0,1.002465565085543
ZBTB44,2,0.0003502263546536926,2778.780237990528,5562.449959717825,38.30009216982673,5563.560475981056,0.72056525,1.0,1.0021214114307604
ZBTB45,2,0.00048422316099051507,1831.9286429015303,3666.815533069258,35.39331644679457,3669.8572858030607,0.81965825,1.0,1.0060628773671596
ZBTB46,2,1.7452764387955796e-5,350.8943895426595,705.74843260659,15.4556595518199,707.788779085319,0.912799875,1.0,1.0030187757629043
ZBTB47,2,2.326829823190789e-5,545.2457592692498,1093.9978852555491,19.854078001674726,1096.4915185384996,0.893906175,1.0,1.0045066575300277
ZBTB48,2,0.0003658497829635739,1437.4064482537688,2878.9221059530596,32.30896763841741,2880.8128965075375,0.821465325,1.0,1.002451257150806
ZBTB49,2,1.0174020222261461e-5,549.2009890757332,1101.3336908533963,20.005324287951105,1104.4019781514664,0.903020075,1.0,1.003101392427773
ZBTB4,2,0.00019364202762026038,1284.0385491975724,2571.625375914088,30.841125824887555,2574.0770983951447,0.834971425,1.0,1.0027867953653633
ZBTB5,2,3.8244342608965254e-5,854.6038569753687,1712.1130241829264,25.503536793253552,1715.2077139507373,0.89221435,1.0,1.0028719035769973
ZBTB6,2,5.8646653327450835e-5,981.593738799223,1966.1995782196125,27.22317329193762,1969.187477598446,0.8711107,1.0,1.0023077261306585
ZBTB7A,2,0.0014930840964933422,4959.062936993193,9922.475122788073,30.162461515379775,9924.125873986386,0.635643225,1.0,1.006249392810492
ZBTB7B,2,0.0007739553013952848,1894.6272182859357,3793.032920357081,35.6897911108274,3795.2544365718713,0.806507325,1.0,1.0069099723361434
ZBTB7C,2,5.111138175492137e-6,85.10928609746217,172.69922386965996,6.913802757506533,176.21857219492435,0.9583422,1.0,1.0018998729092758
ZBTB8A,2,0.00025727526363615344,1304.55348522616,2612.295523807882,31.323685909487466,2615.10697045232,0.8561875,1.0,1.004086467029435
ZBTB8B,2,4.754013035606141e-6,329.2414084735957,661.4842986765268,14.968529482843891,664.4828169471914,0.918784725,1.0,1.0062045349363369
ZBTB8OS,2,0.00296001656445163,6820.998283514204,13652.691855492092,18.361334177560177,13647.996567028407,0.518832575,1.0,1.0040102465506549
ZC2HC1A,3,0.0009114019011813179,3450.5357395320843,6906.144619025457,37.14313501150119,6907.071479064169,0.69104935,1.0,1.0066004542119542
ZC2HC1C,2,5.979523492999971e-5,240.4070561997685,483.7522677232994,12.565545652794752,486.814112399537,0.932532725,1.0,1.002145535774309
ZC3H10,2,0.00021367138749945597,867.0069453345482,1737.0279104976273,25.764596049891715,1740.0138906690963,0.89233115,1.0,1.00347908136124
ZC3H11A,2,0.0013641561238846565,3715.417200708086,7436.453609178149,36.43018402119782,7436.834401416172,0.68438045,1.0,1.0072756163128975
ZC3H12A,2,0.00022220389382303216,1178.7363657197589,2361.545436546306,29.591057291449275,2363.4727314395177,0.8533836,1.0,1.0041693134963037
ZC3H12B,2,2.8809564680317583e-6,66.42112034011423,135.72619416953432,6.010594761657745,138.84224068022846,0.962082025,1.0,1.0035899570096534
ZC3H12C,2,2.570041082583416e-6,501.87708285480784,1006.6607193758114,19.082421651043276,1009.7541657096157,0.9041997,1.0,1.002589901771867
ZC3H13,2,0.003767872569470428,7402.577867211668,14810.183920788828,16.172233200832416,14811.155734423335,0.47890615,1.0,1.0026419151760753
ZC3H14,2,0.0012467908830947373,3746.1176951426332,7497.65169090528,35.669728099521194,7498.2353902852665,0.687080725,1.0,1.006867466423369
ZC3H15,2,0.004188618001528714,9671.201172086057,19347.11014931052,10.234026379227853,19348.402344172115,0.3888824,1.0,1.0034269343952429
ZC3H18,2,0.00019134038906433486,2799.3501207619106,5602.6773223879345,37.92878369513502,5604.700241523821,0.74180485,1.0,1.0045502066462861
ZC3H3,3,0.00086952803511645,1816.996585367363,3638.4061942772314,35.21103438649051,3639.993170734726,0.791528175,1.0,1.0065732108748981
ZC3H4,2,0.00035766607636492895,1535.919857638248,3075.347234670397,33.22114487866502,3077.839715276496,0.831528725,1.0,1.005376109328203
ZC3H6,2,0.0005004445226120316,3032.6159562846315,6069.619615084088,38.085886457322644,6071.231912569263,0.7304963,1.0,1.010069695032536
ZC3H7A,2,0.0001409794790233626,2559.2894203681612,5124.104155989109,37.878857570623246,5124.5788407363225,0.7281712,1.0,1.0063676868320837
ZC3H8,2,0.0028296736870547447,5370.345021458206,10745.247611624087,26.549382296136034,10746.690042916412,0.57759495,1.0,1.0080907940694215
ZC3HAV1L,2,9.254458995966203e-5,287.92159830411913,578.9702815377258,13.946628585435192,581.8431966082383,0.924537675,1.0,1.004394626007928
ZC3HAV1,2,7.350569589992775e-5,2223.46427322027,4451.351528577792,37.12439586027876,4452.92854644054,0.75895945,1.0,1.004103949960608
ZC3HC1,2,0.0003048654032958515,2695.0815327924784,5394.378718763288,37.9735369974097,5396.163065584957,0.7432083,1.0,1.0040381951896131
ZC4H2,2,0.00015132641011906433,988.4069854553884,1981.9605029615948,27.159350319607157,1982.8139709107768,0.841495925,1.0,1.0044852028675764
ZCCHC10,2,0.001415058747990829,4340.68613416949,8686.284852307508,32.83875918264706,8687.37226833898,0.64721165,1.0,1.0075715571996229
ZCCHC11,2,0.001762193732745815,4900.5269901144875,9805.53984436445,30.18363215073841,9807.053980228975,0.60729745,1.0,1.0165744084857826
ZCCHC12,2,3.9978494180867146e-6,386.438978308961,777.4870098700568,16.415423484906647,778.877956617922,0.9068561,1.0,1.0039823746644125
ZCCHC14,2,0.00034364779880950393,1496.3531814146631,2995.924827585697,33.154950871930815,2998.7063628293263,0.841023425,1.0,1.0030689793054914
ZCCHC17,2,0.00234320194815214,6428.990153703737,12863.83579077879,21.52902993864628,12863.980307407473,0.538225775,1.0,1.0030121519237711
ZCCHC24,2,5.4068095720510373e-5,632.0077840489789,1268.0817325530702,21.470566852189556,1270.0155680979578,0.880596925,1.0,1.0020815592925356
ZCCHC2,2,0.00015333835546703915,1227.2254236560298,2457.7967269093792,30.238140247247536,2460.4508473120595,0.84771055,1.0,1.0043415630607613
ZCCHC3,2,0.00010189075960749728,2315.415023549363,4634.549226397601,37.387932526009216,4636.830047098726,0.8019943,1.0,1.0014225261017318
ZCCHC4,2,6.825737153560188e-5,895.5777159356369,1794.9543904941158,25.930486333863573,1797.1554318712738,0.854813925,1.0,1.0036797840643799
ZCCHC6,2,0.00044307820943965547,2693.2294631705154,5390.8600553474325,38.24479893153714,5392.458926341031,0.728540375,1.0,1.0062047717006035
ZCCHC7,2,0.0004403800109446167,4686.096920629564,9377.133045035203,30.469458338358944,9378.193841259128,0.65985225,1.0,1.0029132715436808
ZCCHC8,2,0.0006418032600104691,1893.0755982141154,3789.276190029251,35.70623262616438,3792.151196428231,0.82081905,1.0,1.0036536568579413
ZCCHC9,2,0.0005220527553864414,4784.2153705422215,9572.97821149477,29.519032219502513,9574.430741084443,0.6458051,1.0,1.0069980438736128
ZCWPW1,2,4.017604308817845e-5,795.4648406069277,1594.2647075810257,24.412468345638633,1596.9296812138555,0.870264525,1.0,1.0055595184656971
ZCWPW2,2,4.84931631753306e-5,694.1703569661306,1392.3503996943366,22.634308634198543,1394.3407139322612,0.87222715,1.0,1.002433404678921
ZDBF2,2,0.00012339896120472436,692.7385761357451,1390.40152783332,22.458173520284685,1391.4771522714902,0.870640875,1.0,1.0018285712330137
ZDHHC11,2,8.894428719742497e-5,283.2662052551454,575.1212211176409,13.81399178630913,572.5324105102908,0.920755175,1.0,1.0035851413753876
ZDHHC12,2,0.007968020790701266,8735.661045518604,17480.145495450863,12.753376489931473,17477.322091037207,0.44278295,1.0,1.0038150434695006
ZDHHC13,2,0.0001738515656720887,2384.791739320484,4774.260410454237,37.60248225049069,4775.583478640968,0.7426545,1.0,1.0052385498492389
ZDHHC14,2,3.857282013850843e-6,529.3764630074961,1061.864453391364,19.67171846064458,1064.7529260149922,0.8962225,1.0,1.0038179665831792
ZDHHC16,2,0.0013744069783448365,3782.418314794746,7570.699055044787,35.64563814155036,7570.836629589492,0.659959825,1.0,1.006096698516042
ZDHHC17,2,0.00014922173872229343,1351.865012566411,2707.4459611648867,31.62396810534811,2709.730025132822,0.8218399,1.0,1.0030003145087938
ZDHHC18,2,0.00020062487997423407,1146.6301483546172,2297.5279486204736,29.214669957363153,2299.2602967092344,0.832937475,1.0,1.0022247784321214
ZDHHC1,2,7.791627624822763e-5,988.1635095777898,1980.7540800257054,27.271861660158113,1982.3270191555796,0.84425795,1.0,1.004248844976429
ZDHHC20,2,0.0001295350887286389,1038.0927505328702,2131.4615988072173,27.876864666678486,2082.1855010657405,0.828561425,1.0,1.0021028930255196
ZDHHC21,2,0.00012629671924865987,2194.009346921505,4392.959886259331,37.07503396578989,4394.01869384301,0.750116325,1.0,1.0028275048936075
ZDHHC22,2,8.875425576196296e-7,39.8395476463148,82.17585998728156,4.54589291132684,85.6790952926296,0.9692132,1.0,1.0024625093538637
ZDHHC23,2,8.722181396805413e-5,915.1291623710019,1834.2713870192586,26.186786782812874,1836.2583247420039,0.85250445,1.0,1.0010031324585873
ZDHHC24,2,0.0009248496602723864,3611.178838208297,7228.143800976087,36.07934622054987,7228.357676416594,0.670530125,1.0,1.0042954579808105
ZDHHC2,2,0.000587326753972575,2492.8094785253757,4998.521009982367,37.73572793124686,4991.618957050751,0.7187462,1.0,1.0048058976780596
ZDHHC3,2,0.0014110805079051642,4816.783339744712,9641.544702489404,30.855976864266815,9639.566679489424,0.58867585,1.0,1.0053478612672724
ZDHHC4,2,0.001442924876320007,6239.57765568929,12497.861706803014,20.828533489259357,12485.15531137858,0.507506225,1.0,1.0034959987404806
ZDHHC5,2,0.0004431348929414156,1835.8291191704825,3674.6552852793684,35.436574609504184,3677.658238340965,0.81386255,1.0,1.005103349403338
ZDHHC6,3,0.0016306532956427045,5713.767663999803,11433.03399876693,25.769186366118873,11433.535327999605,0.5417625,1.0,1.0032134367768917
ZDHHC7,2,0.00018896010880909913,2633.4779968854873,5270.739599422463,37.88625673156962,5272.955993770975,0.754818975,1.0,1.0044719647243625
ZDHHC8,2,0.0007540380016645194,1384.1261751375416,2823.5028949404536,32.217100963489784,2774.2523502750832,0.795632175,1.0,1.0024853525482678
ZDHHC9,2,0.0007623025363983659,2007.3724088995868,4023.540899667759,36.29123728048465,4020.7448177991737,0.761268025,1.0,1.0058828458779552
ZEB1,2,1.733385246085961e-5,350.8940738314931,705.4460369174973,15.45537940538352,707.7881476629861,0.9144112,1.0,1.0038249171453772
ZER1,2,2.8338869922486306e-5,736.6929343797382,1477.500393963851,23.45309577499719,1479.3858687594764,0.868282775,1.0,1.0024969174367402
ZFAND1,3,0.005536516657618125,9112.78522745343,18231.493133245152,11.239796247067524,18231.57045490686,0.38929155,1.0,1.0039812201920935
ZFAND2A,2,0.0001590228402516757,2477.014961079991,4959.217680581949,37.833558710297034,4960.029922159982,0.733923325,1.0,1.0044807170877192
ZFAND2B,2,0.0005626883387255704,3029.368184259699,6063.677943956704,37.91075885991465,6064.736368519398,0.69982865,1.0,1.0023523564944403
ZFAND3,2,0.0007158048593574836,3414.1911010583776,6834.314039256639,37.09360988693162,6834.382202116755,0.676442175,1.0,1.0083064615291697
ZFAND4,2,2.9438610550268432e-5,715.5940914565649,1434.4216539146432,23.081152441344685,1437.1881829131298,0.878778,1.0,1.0042385677940657
ZFAND5,2,0.0029311833378832487,4830.92797960898,9666.649797411506,31.798202437209675,9667.85595921796,0.611337125,1.0,1.0064988907229802
ZFAT,3,3.1780619330557564e-6,457.6366320369341,918.2733834066668,18.099119871436955,921.2732640738682,0.902203075,1.0,1.0036946153335888
ZFC3H1,2,0.001682126578923582,3444.7980537303965,6894.109229884915,37.83610700666722,6895.596107460793,0.69543185,1.0,1.0043142091290078
ZFHX2,2,0.00011521166151083171,732.2513021040315,1468.741884414256,23.17666462908738,1470.502604208063,0.87242575,1.0,1.0075698480814075
ZFHX3,2,0.0008245597077452408,1870.3651785853033,3746.645282445015,35.50592743713656,3746.7303571706066,0.774015175,1.0,1.003155721329504
ZFHX4,3,0.0003618312257206614,2649.9012044055717,5304.513555001163,38.21549677025083,5305.802408811143,0.734248425,1.0,1.0053389497797662
ZFP14,2,0.0004610991409088467,1622.12244877449,3247.9638408173864,33.89597083637004,3250.24489754898,0.8241545,1.0,1.0031950957094478
ZFP1,2,2.5281580344426396e-5,788.417300250206,1579.7665426221108,24.349811839976873,1582.834600500412,0.880913375,1.0,1.003489687612702
ZFP2,2,2.874439310861947e-6,66.42110303706194,135.23143447204558,6.012915757076018,138.84220607412388,0.963026875,1.0,1.0034192291329713
ZFP30,2,6.575464566458699e-5,250.0943221834824,503.12845235268946,12.85591459491513,506.1886443669648,0.933176975,1.0,1.0024423852658622
ZFP36L1,2,0.004940877642616147,7217.945563295724,14441.188175368845,24.104272431147646,14441.891126591448,0.513735,1.0,1.0027185265265126
ZFP36L2,2,0.00020030464524192226,2287.6500948734288,4579.536849054957,37.47258609593596,4581.3001897468575,0.768000925,1.0,1.0038609151764684
ZFP36,2,0.0057968740873014955,6806.522986367813,13619.880288852157,24.14276856432622,13619.045972735626,0.544564575,1.0,1.0011964532102022
ZFP37,2,3.990403212191584e-6,382.1307723904877,767.1173556236068,16.31622217965458,770.2615447809754,0.91777825,1.0,1.0017465230252358
ZFP41,3,1.5000159162786041e-5,411.73664579354835,827.0941142183609,16.953831646575257,829.4732915870967,0.9050487,1.0,1.005123723418135
ZFP62,2,0.0002655007902075219,2230.9210668523233,4466.106312349606,37.23831485626707,4467.842133704647,0.775714925,1.0,1.0032391600725734
ZFP64,2,0.00020335620427616401,1525.8031993511086,3054.5085513028225,33.24331507166568,3057.606398702217,0.837576725,1.0,1.003924130718942
ZFP69B,2,1.2498815319969848e-9,3.318435467451995e-6,1.04997525203929,8.090167070589817e-15,6.000006636870935,0.98243905,1.0,1.0010538539414335
ZFP90,2,0.00022651028645267904,1616.0603130749519,3235.0509175339125,33.98902906106529,3238.1206261499037,0.837838125,1.0,1.0058649091387581
ZFP91,2,0.0010416151508017945,3022.446535566954,6049.126143408415,38.21851025224179,6050.893071133908,0.715897175,1.0,1.005026617067455
ZFPL1,2,0.0008856223922187646,4575.046937507624,9154.683973732628,31.96363064435668,9156.093875015247,0.6158509,1.0,1.0044600391306973
ZFPM1,2,4.3605910325535344e-5,956.0785025168198,1915.0236003472182,26.897883127689433,1918.1570050336395,0.876864075,1.0,1.0040862512898618
ZFR,2,0.0012468362878431624,6215.996860312577,12437.097228390769,21.345742326941966,12437.993720625154,0.5360958,1.0,1.007944172227671
ZFX,2,0.0009666787784482775,2037.6547347074174,4078.8459589599165,36.41170620389945,4081.309469414835,0.8081174,1.0,1.0032289700968982
ZFYVE16,2,0.0005422148864929947,2586.149429295175,5177.224819608766,38.03572722605032,5178.29885859035,0.722396575,1.0,1.004128909291721
ZFYVE19,2,9.087503083919115e-5,2477.713698322313,4961.277820003391,37.74008764750006,4961.427396644626,0.75069365,1.0,1.0056814704272286
ZFYVE1,2,0.0006422475765206307,627.0539706438259,1257.3759202965446,21.728831760061166,1260.1079412876518,0.8990474,1.0,1.0020789872812226
ZFYVE20,2,0.0010209204876695458,1941.2330608400318,3886.84756688217,35.9285263749124,3888.4661216800637,0.791703275,1.0,1.0033101460862703
ZFYVE21,2,0.002918934879105128,5921.394465529202,11851.124621872956,21.430306505429456,11848.788931058403,0.568940675,1.0,1.0045426346765616
ZFYVE26,2,0.00014585558609852723,346.78169824005784,696.770772892978,15.526597313502679,699.5633964801157,0.91786045,1.0,1.0021631187176485
ZFYVE27,2,0.00022804240204987229,1611.1067703372103,3225.266144258977,33.94817139811035,3228.2135406744205,0.82794205,1.0,1.0011418193910675
ZFYVE28,2,0.0008395866572145348,2237.090914450408,4477.469619017945,37.24211551031812,4480.181828900816,0.7976746,1.0,1.0026136309776377
ZFYVE9,2,0.000359281908047874,1453.1785904625035,2910.5991203190874,32.46158151036555,2912.357180925007,0.812252225,1.0,1.0033227060402978
ZGPAT,2,5.112731203716891e-6,85.1092903269521,172.89036547470707,6.912997777720892,176.2185806539042,0.95780715,1.0,1.0017646869372772
ZHX1,3,0.0005487080635107198,1698.5657345575614,3401.6762880004735,34.45690355685382,3403.131469115123,0.791350375,1.0,1.0046388198529372
ZHX2,3,0.000211301026987246,402.98270999123184,809.1904468797535,16.925583593350275,811.9654199824637,0.9136674,1.0,1.005658008336131
ZHX3,2,0.00016246998854380366,797.702342307494,1599.8795926135276,24.22134874761767,1601.404684614988,0.862901775,1.0,1.0018408984282743
ZIC2,2,0.00017178614491768503,1261.3493829034712,2526.0439041495865,30.608457813187474,2528.6987658069424,0.847850225,1.0,1.0053822954598663
ZIC5,2,1.9154332707092487e-5,636.0829914200416,1275.2166875925695,21.667422634959728,1278.1659828400832,0.892937825,1.0,1.0020713781022368
ZKSCAN1,2,0.001130484178877698,5141.739485314279,10288.038373602143,27.751584875205744,10289.478970628557,0.6332257,1.0,1.0058424594627717
ZKSCAN2,2,2.103562602178381e-5,575.453190758979,1153.9448859342142,20.625708421637775,1156.906381517958,0.902952825,1.0,1.003279267257217
ZKSCAN3,2,7.55991785496416e-5,829.4072898106639,1662.6263821872362,24.877117437670172,1664.8145796213278,0.871892875,1.0,1.0015090777379194
ZKSCAN4,2,8.694707098547365e-6,548.7385480776932,1100.3175844889743,20.077244039224762,1103.4770961553863,0.91024665,1.0,1.0021475787528344
ZKSCAN5,2,5.900695892753232e-5,978.4268235406681,1959.900127434193,27.178425421831772,1962.8536470813362,0.868328225,1.0,1.0043347872853379
ZKSCAN8,2,0.00029173357863843444,1267.860779250067,2540.0054624280656,30.580348137434537,2541.721558500134,0.83153845,1.0,1.0044703872405198
ZMAT1,2,1.1510302647481808e-5,120.36557326166897,243.66751322692647,8.426260319225237,246.73114652333794,0.949866325,1.0,1.0025392708666356
ZMAT2,2,0.003550267068452764,6961.868507773209,13939.506836903687,18.620585711600736,13929.737015546418,0.478986275,1.0,1.0075647789009727
ZMAT3,2,0.0006869891213356151,2068.2045465944566,4141.929682579201,36.57254332905737,4142.409093188913,0.75266995,1.0,1.0019459944302331
ZMAT5,2,0.00058667450788764,3199.497683425513,6405.664061614498,37.762506136352364,6404.995366851026,0.684433825,1.0,1.0047096893033127
ZMIZ1-AS1,2,6.577929662183088e-5,250.08622307853375,503.34872497230884,12.855299453912107,506.1724461570675,0.92818025,1.0,1.0025406271191355
ZMIZ1,2,0.00019903714415057258,1152.513226098514,2309.074343407252,29.291015118355034,2311.026452197028,0.839460825,1.0,1.0052904142413683
ZMIZ2,2,0.00020221478817737968,1530.5036477660094,3073.4740656156882,33.28293514171627,3067.007295532019,0.792015,1.0,1.0038266727462606
ZMPSTE24,2,0.000685475078125413,3363.09436534799,6732.228407303192,37.289955838997514,6732.18873069598,0.682738675,1.0,1.0020280154930377
ZMYM1,2,0.0009195050870329692,2947.9998521776256,5900.373429431731,38.53341117557151,5901.999704355251,0.7152583,1.0,1.0084734727991451
ZMYM2,2,0.00048008925100303265,1890.9030603812705,3785.299288239653,35.76109794337086,3787.806120762541,0.79618645,1.0,1.0040930683711515
ZMYM3,2,0.0008175271140560279,1899.2101224700796,3802.905929648075,35.7060782051744,3804.420244940159,0.7814887,1.0,1.0039551996356808
ZMYM4,2,0.0019240029119638043,3890.064998201571,7785.196168218926,35.56657747770237,7786.129996403142,0.67101975,1.0,1.0130923516764485
ZMYM5,2,0.00021373319780351263,2971.97806786031,5946.869513775459,37.66328819829795,5949.95613572062,0.773614875,1.0,1.0027984083270027
ZMYM6NB,2,2.8772363123608277e-6,66.42111046310092,137.78594537005364,6.010000878867597,138.84222092620183,0.96170675,1.0,1.0032236798908551
ZMYM6,2,8.638466968576135e-5,793.9581596811844,1591.4193302049168,24.574893314298905,1593.9163193623688,0.873699675,1.0,1.0038287601185198
ZMYND10,2,0.0002825082901587358,452.895256560795,910.3560670102086,18.09218987324707,911.79051312159,0.8988849,1.0,1.0054877109026703
ZMYND11,2,0.0014760365265366272,2453.643893923757,4913.985387884173,37.77842852478326,4913.287787847514,0.72307405,1.0,1.0010855420055864
ZMYND12,2,2.589871973010589e-5,169.60077709276396,346.633665801503,10.266638536966237,345.2015541855279,0.9397314,1.0,1.0015042659419526
ZMYND15,2,0.0002699188634406468,444.69519072977585,893.3075815440033,17.905184371262457,895.3903814595517,0.901260875,1.0,1.0026603387656097
ZMYND19,2,0.0004464177036491924,2656.9245799230907,5318.151072409919,38.25270775002758,5319.8491598461815,0.732839075,1.0,1.0036973688901987
ZMYND8,2,0.000782307852862622,3368.167600481366,6741.137826482499,37.50573191745947,6742.335200962732,0.716565275,1.0,1.0037273272177873
ZNF100,2,3.915296498415803e-5,809.0557799308233,1621.3000261056638,24.639639382361505,1624.1115598616466,0.8747992,1.0,1.0052394354817746
ZNF101,2,8.651828614591271e-5,918.3586000009855,1840.3792013365482,26.23977791034067,1842.717200001971,0.865138025,1.0,1.0035003101793265
ZNF106,2,0.000495504210282306,4465.700092494354,8936.5581284447,33.08782490727264,8937.400184988708,0.639452,1.0,1.003438300582648
ZNF107,2,2.0308289145106746e-5,610.0982605654847,1223.4596469723222,21.16326392304179,1226.1965211309694,0.8856798,1.0,1.002850462020433
ZNF112,2,9.621453774994058e-5,292.55737701066164,588.0604422716,14.076346374793061,591.1147540213233,0.93068925,1.0,1.0031840899017381
ZNF114,2,4.489488623952711e-5,733.261521356686,1470.0234140736343,23.340452725196343,1472.523042713372,0.884977525,1.0,1.0015382519028082
ZNF117,2,1.3018395861995581e-5,453.53547514850646,911.0026748583954,17.9238241145563,913.0709502970129,0.899281875,1.0,1.003857583578015
ZNF121,2,0.00040091613747387156,2219.585566575107,4443.697128544722,37.16050003676018,4445.171133150214,0.7813966,1.0,1.0037315551017645
ZNF124,2,0.0001105441045954612,1065.4595791745194,2134.382663614855,28.278993985688974,2136.9191583490388,0.859964375,1.0,1.0081546464497078
ZNF12,2,0.0007744711138055405,1992.0901942217586,3987.256256485206,36.21276882168487,3990.180388443517,0.819370875,1.0,1.005308238922029
ZNF131,2,0.0017914837832421798,4072.5873760830964,8150.480848436779,34.10953028800447,8151.174752166193,0.684222525,1.0,1.0051977524533815
ZNF133,2,0.00010365418001499019,959.9665086620228,1923.7128306171821,26.823250568225067,1925.9330173240455,0.85635255,1.0,1.002933658278119
ZNF134,2,3.671268756474239e-6,407.7687366041017,818.3584078127762,16.93909641820671,821.5374732082034,0.91719345,1.0,1.0073644629584586
ZNF136,2,1.2773950361892484e-6,46.713526245865744,95.70420100250594,4.955128747408667,99.42705249173149,0.96797605,1.0,1.0030692341864305
ZNF138,2,0.0008885615437372001,2146.1951241369943,4295.351757299136,36.88179005653925,4298.390248273989,0.80364875,1.0,1.0021124511282922
ZNF142,2,2.8813459335595662e-5,726.1735999747517,1455.516098991003,23.269644633807957,1458.3471999495034,0.879814475,1.0,1.0022899633881543
ZNF143,2,0.0008020855069799565,2183.7218921555127,4372.232794467785,37.03126062019473,4373.443784311025,0.77360915,1.0,1.003270032673128
ZNF146,2,0.0008583102313052061,4904.126183460677,9812.852590954433,29.581933598666293,9814.252366921353,0.6313768,1.0,1.0090812848162747
ZNF148,2,0.0021513146535870383,3968.2913073824225,7940.996404200163,34.667428325310716,7942.582614764845,0.697527475,1.0,1.0077353171531798
ZNF14,2,3.064229787809912e-5,694.248478312598,1391.7270257981559,22.694174049868046,1394.496956625196,0.89312655,1.0,1.0023672940939772
ZNF154,2,5.676543685841792e-7,32.76421116503021,67.76740116419907,4.119670505257495,71.52842233006042,0.97185835,1.0,1.0039328065183455
ZNF155,2,1.2775931562184701e-6,46.71352677187442,95.70892749343294,4.952748150060367,99.42705354374884,0.967714875,1.0,1.002817630538276
ZNF160,2,9.284022611944741e-5,1218.809218731589,2440.6426700543966,30.328136853051877,2443.618437463178,0.86497285,1.0,1.0012928166742439
ZNF165,2,0.001147838503848931,2553.475289165466,5111.430661484545,38.57992789384183,5112.950578330932,0.742391075,1.0,1.0030341068782174
ZNF169,2,4.113572450409486e-5,781.8445008382866,1566.952334086744,24.181242479818234,1569.6890016765733,0.88106755,1.0,1.0024760579095606
ZNF16,3,0.0010908247724249218,2121.8100495312638,4246.814436843186,36.76547866343138,4249.6200990625275,0.81232935,1.0,1.0027205365022862
ZNF174,2,5.624655903496373e-5,1132.1411374413776,2267.2210097144653,29.290936397302122,2270.2822748827552,0.871500675,1.0,1.002564900461881
ZNF175,2,3.325011604915994e-6,437.0742768347762,876.9656139285834,17.628881894466456,880.1485536695524,0.912773475,1.0,1.00173878076597
ZNF17,2,0.00021683849820005395,407.20978543104536,817.5004502974115,17.027320940794212,820.4195708620907,0.92080455,1.0,1.00539481240728
ZNF180,2,3.4259354083629684e-5,875.4251873089788,1753.7141511288216,25.715549369899055,1756.8503746179576,0.881759375,1.0,1.0053781198591856
ZNF181,2,4.7362523576622635e-5,914.7295438941926,1832.5250668655597,26.276018704935957,1835.4590877883852,0.873755475,1.0,1.0012031143297033
ZNF182,2,8.157884669979017e-6,628.4112607636724,1259.7397512133978,21.590289383887388,1262.8225215273449,0.8921826,1.0,1.0034766628715566
ZNF184,2,5.029213954663841e-5,882.3416571772282,1767.7994885097255,25.772154938534698,1770.6833143544563,0.8794185,1.0,1.0023529630440766
ZNF185,2,9.44780998937362e-5,1282.0153813448824,2580.541828701501,30.944388635874432,2570.0307626897647,0.8109975,1.0,1.006642968380191
ZNF189,2,0.00012010819512212662,1146.0327894119732,2295.308796775909,29.301266233378925,2298.0655788239465,0.859217175,1.0,1.0066533234580437
ZNF18,2,0.0014804813909436343,865.6205930510328,1734.4772328706795,25.87307928680662,1737.2411861020655,0.8911987,1.0,1.0010752397023044
ZNF195,2,0.0002007614301366768,2780.5446903140187,5565.140708776968,37.959938552822194,5567.089380628037,0.756412375,1.0,1.0025340137608714
ZNF197,2,0.0006345655718179032,1901.755659192016,3806.6464304829224,35.759592375982706,3809.511318384032,0.812664325,1.0,1.0034378213072994
ZNF19,2,0.0004807408146381174,559.5557980829326,1122.1247867378738,20.391692376933726,1125.1115961658652,0.91512,1.0,1.0033088003238981
ZNF200,2,0.0001690871878781489,1163.353041701018,2329.7278422712725,29.735562546751176,2332.706083402036,0.870928375,1.0,1.0085082176494007
ZNF202,2,3.198279220016069e-5,672.6461819603172,1348.67104750238,22.29719925618133,1351.2923639206344,0.88715,1.0,1.001785070655736
ZNF205-AS1,2,0.0001076566957161414,306.3507661328426,615.8719071547781,14.45582623242748,618.7015322656852,0.921983625,1.0,1.0017046131486245
ZNF205,2,0.00047065803313328235,2548.664274022981,5101.14236993677,37.805318100931515,5103.328548045962,0.77461995,1.0,1.0026572148351511
ZNF207,2,0.0027477954420658036,6792.986724589916,13590.411353039714,16.834881062114473,13591.973449179832,0.523202875,1.0,1.005103779040691
ZNF211,2,3.5274279443620672e-6,420.3898843895604,843.6455770480878,17.23785875437413,846.7797687791208,0.909887125,1.0,1.0052480994992696
ZNF212,2,9.236816631209452e-5,1174.6069734236353,2352.197880918129,29.70117154554386,2355.2139468472706,0.8562094,1.0,1.0008363628864638
ZNF213,2,2.1244334198133e-5,725.2330780872403,1453.5910958033423,23.386555915894974,1456.4661561744806,0.8860896,1.0,1.002441155466615
ZNF214,2,7.987368130380204e-6,103.03945374092227,208.63619266862787,7.709250617748498,212.07890748184454,0.95548655,1.0,1.0031761876307748
ZNF215,2,9.467851435407473e-5,859.3676297739178,1722.7411560314404,25.31722914370458,1724.7352595478355,0.8617169,1.0,1.001431570439876
ZNF217,2,7.316848634584534e-5,1022.2045016205749,2047.4644278970784,27.759532933989046,2050.4090032411495,0.87204815,1.0,1.003053334376492
ZNF219,2,0.00010003162407639088,985.2317562151112,1974.6296137773663,27.189445540222412,1976.4635124302224,0.8452642,1.0,1.0016102210110873
ZNF221,2,2.0459359654856104e-5,153.58303922646712,309.88153391312903,9.69677685770606,313.16607845293424,0.9464922,1.0,1.0035569888439868
ZNF222,2,1.657865955962671e-5,364.182234668521,732.0914261362825,15.801296568316266,734.364469337042,0.91606,1.0,1.0030910157311086
ZNF224,2,5.916836784251178e-5,1129.9116799255744,2262.8141029385774,29.21618799026632,2265.823359851149,0.8549727,1.0,1.0020051568085178
ZNF225,2,1.5662527973953423e-5,137.18932194468883,277.0170112197023,9.08575177174348,280.37864388937766,0.949331275,1.0,1.0016418449096105
ZNF226,2,0.0007409907568677288,3407.8696105721974,6820.189321885812,37.086404099751086,6821.739221144395,0.725881575,1.0,1.0028470722209972
ZNF227,2,0.00026196799743967344,1694.1610042813572,3391.2579130919403,34.57770729861911,3394.3220085627145,0.837578325,1.0,1.0042032588333205
ZNF22,2,0.0005303889179738543,4728.686280820902,9461.676676286588,30.025283577586883,9463.372561641803,0.664126475,1.0,1.0064163775222652
ZNF230,2,1.0897052735147382e-5,521.9143395551916,1046.8336253619193,19.4321546234523,1049.8286791103833,0.90499295,1.0,1.0048595402429394
ZNF232,2,6.765020767497855e-5,1213.8654712443288,2430.6935783687527,30.225067190408623,2433.7309424886575,0.857920475,1.0,1.006126686664378
ZNF233,2,2.2720229218263933e-6,59.98324740725331,122.30357831203985,5.679832390817288,125.96649481450662,0.96450285,1.0,1.002701942285188
ZNF234,2,0.0002058354434383402,398.7426469401081,800.6365778286536,16.82336393267014,803.4852938802162,0.91841735,1.0,1.0018381415398236
ZNF235,2,0.00014585581432316705,346.78169884599424,696.6342045122323,15.526980447540241,699.5633976919885,0.9237527,1.0,1.0010946551396966
ZNF236,2,0.0003674805669205925,1783.6720160521177,3570.312613336929,35.13422805385308,3573.3440321042353,0.822214075,1.0,1.0030386174925732
ZNF239,2,7.822434786857252e-5,627.711694629353,1259.632528682914,21.333710879283693,1261.423389258706,0.8817859,1.0,1.0048036706456231
ZNF23,2,4.354150537075795e-5,210.76996687169773,424.4245227886288,11.643757733611931,427.53993374339547,0.935577225,1.0,1.0041155045808383
ZNF248,2,7.94964475227621e-5,972.5038871153928,1948.37889685071,27.047354069088268,1951.0077742307856,0.86353625,1.0,1.004367302788519
ZNF24,2,0.0003826891688043878,4316.211005763345,8636.760023918045,32.46546309230479,8638.42201152669,0.676890975,1.0,1.0038451720606547
ZNF250,3,0.00027165416458335115,1256.4472195553615,2516.9314045744454,30.4713576156124,2518.894439110723,0.838916425,1.0,1.0031149568804996
ZNF251,3,0.00012962110900155858,1235.3569484997672,2473.900037401833,30.368828232338533,2476.7138969995344,0.8378111,1.0,1.0043995815547493
ZNF252P-AS1,3,3.549054740142091e-6,72.74762084034253,147.85522470581665,6.327316628561504,151.49524168068507,0.961869975,1.0,1.0024599694971854
ZNF254,2,0.0002637328337843168,440.57798271343466,884.3312533596077,17.810906654505597,887.1559654268693,0.91409675,1.0,1.0038430552157374
ZNF25,2,4.054820943280065e-6,382.1309434195638,767.419028124179,16.312108696253826,770.2618868391276,0.90922655,1.0,1.0026746511887428
ZNF263,2,0.000528097398845424,1996.9479529242508,3996.8653059222975,36.324406166431125,3999.8959058485016,0.822525475,1.0,1.003767595532986
ZNF264,2,0.0002122004252007586,1320.1420951154844,2643.743111518522,31.214858679594897,2646.2841902309688,0.845495325,1.0,1.0022352512872286
ZNF266,2,3.414962901233444e-5,190.4441582151959,383.755058956743,10.980073951497554,386.8883164303918,0.9383585,1.0,1.0034440937435796
ZNF267,2,0.00037622878950813925,1571.4540147273437,3146.326328525124,33.51491528540817,3148.9080294546875,0.841277775,1.0,1.0043909495069094
ZNF268,2,1.5216146896626398e-5,732.8543798198232,1468.674473759691,23.450326340352035,1471.7087596396464,0.88100585,1.0,1.0025201577257377
ZNF273,2,7.85144652215838e-5,805.7084545342731,1615.3323415784218,24.487102025539027,1617.4169090685461,0.87284885,1.0,1.004106975671854
ZNF274,2,0.0002552071930935986,955.7136428833691,1915.8377643855472,26.584622167740836,1917.4272857667381,0.850231,1.0,1.002474210348074
ZNF275,2,0.0002465525926541352,1306.6156902374696,2617.126560101524,31.040480250397792,2619.231380474939,0.83260415,1.0,1.002177445905555
ZNF276,2,0.00044269401289223734,1914.6795066492832,3835.5230222871214,35.95624197858047,3835.3590132985664,0.77847495,1.0,1.0021910848796698
ZNF277,2,0.000605943182509725,4279.955266271124,8564.380397714685,33.82320509033148,8565.910532542248,0.63562265,1.0,1.0031062396194417
ZNF280A,2,1.3677807945151347e-5,432.79392327592143,868.9379989722268,17.452338621722234,871.5878465518429,0.90821265,1.0,1.0040451649819981
ZNF280B,2,0.00025768070080160136,1167.2375651224272,2338.7215838405505,29.422729565620724,2340.4751302448544,0.840683375,1.0,1.0015608749594986
ZNF280C,2,8.44024785454231e-6,617.3223376423525,1237.5513308797792,21.375514765935442,1240.644675284705,0.8945975,1.0,1.003600010714059
ZNF280D,2,0.000516394442481929,3185.8431954728003,6376.233599548945,37.61717032989641,6377.686390945601,0.713978275,1.0,1.005503436254825
ZNF281,2,0.00013186326782425206,2681.77547433923,5366.317375371748,37.859770528243935,5369.55094867846,0.795534175,1.0,1.0032593919669048
ZNF282,2,0.0005009441283687161,1328.3114844744455,2659.7325776794382,31.627453651745125,2662.622968948891,0.86156765,1.0,1.0073425273958383
ZNF283,2,0.0003427285561819371,489.25320186846204,981.7165740140013,18.904426010925192,984.5064037369241,0.91159095,1.0,1.0022406423204042
ZNF286A,2,9.047787512664416e-5,1116.886644472352,2236.7782109915074,29.14043360416567,2239.773288944704,0.869715625,1.0,1.0048536492372553
ZNF286B,2,0.00029822206774526367,766.0547531534057,1535.2576148231888,24.171577416963267,1538.1095063068115,0.8928391,1.0,1.002723546179655
ZNF28,2,0.00011892978002910973,1271.5851666100305,2546.1051139009837,30.792082732508003,2549.170333220061,0.852576275,1.0,1.001630302278245
ZNF292,2,0.001856662721870407,4956.686938202836,9917.801656504369,31.16660265537511,9919.373876405672,0.64326255,1.0,1.0122104988906668
ZNF295-AS1,2,5.998728606639692e-6,91.16117108917086,185.57257890683678,7.187477573369218,188.32234217834173,0.956125425,1.0,1.0019037881615105
ZNF296,2,0.0005608871163552434,1987.082690975089,3976.9284529068304,36.254998860417295,3980.165381950178,0.833203025,1.0,1.0020085235659777
ZNF2,2,0.000440051096774008,540.3276738924056,1083.7158931476602,19.994766119347183,1086.6553477848113,0.9132673,1.0,1.0034283998646985
ZNF302,2,6.741984600193188e-5,2142.5600439977648,4289.330116720375,36.85333328106735,4291.1200879955295,0.784845275,1.0,1.0047231478945515
ZNF304,2,3.110327656135295e-5,423.6708294929162,851.2764748096531,17.168812940879974,853.3416589858324,0.906359975,1.0,1.0052610726163154
ZNF30,2,2.0459278326206305e-5,153.58303901053955,309.859650613769,9.696382226478072,313.1660780210791,0.9453413,1.0,1.0029118746021193
ZNF317,2,0.00044719553635392455,1712.0359474987924,3427.2811343512444,34.59090590533485,3430.071894997585,0.826393375,1.0,1.002988030087722
ZNF318,2,7.71301556998285e-5,1139.3162764191131,2281.6026187450198,29.294793868370082,2284.6325528382263,0.852760175,1.0,1.004036915228339
ZNF319,2,1.4097384563241246e-5,420.19793773357316,843.7971075773248,17.157767123126092,846.3958754671463,0.9103069,1.0,1.0015184113315077
ZNF320,2,2.8196260869990075e-5,736.6925557527038,1476.5288689074066,23.457181126503443,1479.3851115054076,0.8788876,1.0,1.0035004222328778
ZNF322,2,0.0018103219689716435,4070.309325219158,8145.37063409986,34.223642195357556,8146.618650438316,0.70874535,1.0,1.0013271737300518
ZNF324B,2,2.47322586634145e-6,509.7828051159713,1022.4354704718933,19.253606834043065,1025.5656102319426,0.908747075,1.0,1.0039420984690193
ZNF324,2,4.430445963137521e-5,756.4495695046506,1515.904384099744,23.934489554708257,1518.8991390093013,0.893673575,1.0,1.0055715581456088
ZNF326,2,0.000883894748083025,4703.956450021108,9414.807819927566,31.90733362186059,9413.912900042216,0.634039275,1.0,1.0090208143280324
ZNF329,2,4.6069120245774616e-5,215.77781722252485,434.4032140118886,11.80344063500803,437.5556344450497,0.938473275,1.0,1.0026986372858648
ZNF32,2,0.00020864054143769113,2999.549180645426,6002.2174548216,37.61956022640847,6005.098361290852,0.74874625,1.0,1.012661651403129
ZNF330,2,0.0006757349959774524,4962.089609853827,9928.623727297781,28.03832595426775,9930.179219707654,0.654005675,1.0,1.001564136961142
ZNF333,2,1.6793517692840947e-5,694.0565812615501,1391.1575863222895,22.753614088677512,1394.1131625231003,0.8812826,1.0,1.002483776027104
ZNF335,2,3.1405617195983627e-5,914.2715027345932,1831.6782124508288,26.320778071167705,1834.5430054691865,0.860963775,1.0,1.0031010619841843
ZNF337,2,9.633524087993411e-5,1270.988906598685,2544.8339225053655,30.821336822063422,2547.97781319737,0.85779045,1.0,1.0025064286145324
ZNF33A,2,0.0005138096711835461,3338.255665073323,6681.0057852072605,37.06764379368654,6682.511330146646,0.714772,1.0,1.0064685202965256
ZNF33B,2,0.0005512613846956366,2007.918567139852,4018.8304266080795,36.361267414167436,4021.837134279704,0.815246825,1.0,1.0026097678207246
ZNF341,2,1.396192655565277e-5,424.4095692467696,852.2448198190446,17.255788735264012,854.8191384935392,0.906596675,1.0,1.0016792271807435
ZNF343,2,1.899550378465979e-5,639.7630833787788,1282.6361903748034,21.738693425130013,1285.5261667575576,0.89069835,1.0,1.003340717887769
ZNF346,2,8.224433782940207e-5,979.7807816504036,1962.7810125992123,27.355929533811025,1965.5615633008072,0.8693155,1.0,1.003723273555832
ZNF34,3,6.089159845919339e-5,792.127701707454,1587.8249246017135,24.304514647221623,1590.255403414908,0.873194525,1.0,1.0027276255688955
ZNF350,2,2.944497750900155e-5,444.6611773968973,893.2309931710274,17.65892092785367,895.3223547937946,0.90528245,1.0,1.0020407452437137
ZNF354A,2,0.00021668035043336447,2417.304732141245,4837.649620123775,37.60425063330752,4840.60946428249,0.78740125,1.0,1.0017290293286234
ZNF354B,2,3.3587545410563496e-5,647.1041759010889,1297.7416501538821,21.816310164464717,1300.2083518021777,0.88485995,1.0,1.003536770429407
ZNF35,2,0.00026836486823623545,1428.3830012915378,2860.1563653899384,32.27690889320165,2862.7660025830755,0.84571065,1.0,1.003012244621749
ZNF362,2,2.567414923782945e-5,781.6018681824704,1566.2874390306008,24.233732670914154,1569.2037363649408,0.874809125,1.0,1.0021752609595407
ZNF365,2,0.00010765811509213076,306.35076990128584,615.7942620813719,14.455631208203505,618.7015398025717,0.923283125,1.0,1.0051175639879517
ZNF367,2,0.00024412789635753883,569.4451056019052,1143.8216308102137,19.969757901174884,1144.8902112038104,0.885492775,1.0,1.0024388788962642
ZNF37A,2,0.0019607880855313513,3659.807241902865,7324.098951102186,36.4488318717697,7325.61448380573,0.671012325,1.0,1.0042384170636254
ZNF383,2,4.08596621188388e-5,548.7018309712336,1101.3473572732,19.863039786357096,1103.4036619424671,0.89113335,1.0,1.008564394065768
ZNF384,2,1.4512247442606596e-5,750.2238280967556,1503.6717648764252,23.755837690965304,1506.4476561935112,0.87338285,1.0,1.0058485477467278
ZNF385A,2,0.0005082168164093412,3239.8322518335463,6487.756738291311,37.45418908322465,6485.6645036670925,0.6773323,1.0,1.0031081528593695
ZNF385B,2,0.0004669859074014015,1680.9013642369669,3365.7856159905295,34.34777202260737,3367.8027284739337,0.798934925,1.0,1.0066629178298638
ZNF385C,2,8.894436483147575e-5,283.26620546126384,569.6524285177817,13.815865439339845,572.5324109225277,0.92468315,1.0,1.0036934446593493
ZNF391,2,9.254365810826963e-5,287.9215958300537,578.8862367794027,13.946889250558907,581.8431916601074,0.92630625,1.0,1.001569122843205
ZNF394,2,0.0004054251537764403,2834.513542534311,5673.242664831956,38.15004289710517,5675.027085068622,0.7511215,1.0,1.0029018270480548
ZNF395,2,0.00010531797876470391,950.4715342632113,1905.1780767742382,26.67904305495136,1906.9430685264226,0.84785145,1.0,1.004380168090893
ZNF396,2,7.857640694654806e-5,269.1783772562092,541.3786403984894,13.414568576639011,544.3567545124184,0.928388875,1.0,1.0015622382970975
ZNF397,2,0.00020904111072337904,1331.1343095571165,2665.669705951979,31.337744771398956,2668.268619114233,0.8430304,1.0,1.0027109615783136
ZNF398,2,6.0789928643741545e-5,771.5284425301699,1546.7979309581365,23.956193596330575,1549.0568850603397,0.8773221,1.0,1.0019245474035892
ZNF3,2,0.0006312681321623091,1955.2746499691636,3913.4474470855826,36.061695543231224,3916.5492999383273,0.821536225,1.0,1.0139218449697998
ZNF407,2,3.948542148911785e-5,601.8044712658821,1206.6530057300588,21.151844090137484,1209.6089425317641,0.902043025,1.0,1.002739239834559
ZNF408,2,0.00013355375206146398,1410.2268581388892,2823.2249633701044,32.2358182137129,2826.4537162777783,0.861294025,1.0,1.0023951568094327
ZNF410,2,0.00015988028459909992,359.96785117170424,723.0889244103531,15.863779863801648,725.9357023434085,0.91802705,1.0,1.0023282824462796
ZNF414,2,0.000998682106040968,3730.994218932943,7464.925693658481,35.111054712081575,7467.988437865886,0.7303491,1.0,1.0082103964223788
ZNF416,2,2.947026205275863e-6,469.8339138493761,942.4124107586574,18.37572889003226,945.6678276987521,0.9152798,1.0,1.0016671937345927
ZNF417,2,9.995693059454832e-5,297.1739259177055,597.3214095969138,14.204191772098053,600.347851835411,0.92919335,1.0,1.0055182802598652
ZNF419,2,3.548892990710909e-6,72.7476204108978,147.90154913500885,6.326566569351316,151.4952408217956,0.961244825,1.0,1.0021324260358102
ZNF41,2,3.521949220522426e-6,420.4050536049581,843.7392193756971,17.23775879735102,846.8101072099162,0.907748925,1.0,1.0015216070869046
ZNF423,2,4.295603700461359e-6,78.97397361097393,160.45555098712373,6.626221487308381,163.94794722194786,0.959369475,1.0,1.0026836396874792
ZNF425,2,2.4743999789824863e-5,517.7564041923766,1039.108356354618,19.275624341361524,1041.5128083847533,0.89765845,1.0,1.0028984845036861
ZNF426,2,9.08842227952591e-6,108.87613432376865,220.30277299417983,7.955815209052392,223.7522686475373,0.95358005,1.0,1.0029933078007391
ZNF428,2,0.003900432911354864,7903.317158522341,15817.498666884012,13.775520109078586,15812.634317044682,0.455504225,1.0,1.0080183334656092
ZNF430,2,0.00039271068791623076,1375.7830970617915,2755.83449324351,31.685754529930186,2757.566194123583,0.829924,1.0,1.0010850956200972
ZNF431,2,2.1047494847122124e-5,861.8484981447385,1726.628802434095,25.558299924522018,1729.696996289477,0.878843475,1.0,1.0031365054132089
ZNF436,2,0.0002699191836213014,444.6951915798555,892.5104105818443,17.905747325403325,895.390383159711,0.9164711,1.0,1.0027495178029435
ZNF438,2,1.6643237444992816e-5,697.6179475318761,1398.176511973595,22.81853135012718,1401.2358950637522,0.8877856,1.0,1.0032054647298176
ZNF440,2,3.2198738310490516e-5,669.0200392220322,1341.5434343057875,22.22893492508649,1344.0400784440644,0.88056785,1.0,1.0022381916141843
ZNF441,2,9.088562677625408e-6,108.87613469652561,220.30245468311801,7.956067786919429,223.75226939305122,0.95430835,1.0,1.0037741680067909
ZNF443,2,3.6208245217298553e-6,411.9939635064839,826.7599829602408,17.038654986877383,829.9879270129678,0.91682355,1.0,1.0035303988150621
ZNF444,2,0.0003354986489591426,2892.9562529082664,5789.3706187891385,37.81141776176406,5791.912505816533,0.74684415,1.0,1.004850294695811
ZNF445,2,6.309655310887609e-5,940.6282740579476,1884.4491171961924,26.61945103083876,1887.2565481158952,0.867003575,1.0,1.0027131481243965
ZNF446,2,0.00012205015877860046,997.7874146648464,1999.4852392686614,27.334050916079054,2001.5748293296929,0.8519343,1.0,1.0046076913459088
ZNF449,2,1.1008995452851392e-5,517.9770283947025,1039.0371025227216,19.34796441883458,1041.954056789405,0.899230375,1.0,1.0016236691610094
ZNF44,2,2.4883300177490292e-5,795.2085458404175,1593.3205680646015,24.463899937385005,1596.417091680835,0.8823046,1.0,1.0062198755253617
ZNF451,2,0.00042858895827118466,2880.6356231122772,5765.626078446234,38.22610964322845,5767.2712462245545,0.7292538,1.0,1.0031648603833112
ZNF45,2,2.4344241569232523e-5,525.6605540906902,1054.9514486992998,19.442469650439634,1057.3211081813804,0.893961225,1.0,1.0036684565163172
ZNF462,2,0.00013363705180056715,1201.3105339219605,2405.8435180543756,29.95862044743975,2408.621067843921,0.85252085,1.0,1.002968872242429
ZNF467,2,0.0009383646387348389,2105.3654657444636,4213.900562528245,36.70801283027474,4216.730931488927,0.799204075,1.0,1.0020890444831363
ZNF468,2,2.489825671270555e-5,795.1746683018357,1593.2842893170734,24.46412898867436,1596.3493366036714,0.8807531,1.0,1.003057419686011
ZNF469,2,4.619457384230907e-6,338.2180388057856,679.4568195185569,15.204317900979673,682.4360776115712,0.91729085,1.0,1.002711121490612
ZNF473,2,7.990605870624171e-5,969.3580044967747,1942.0718533875256,27.00162050282543,1944.7160089935494,0.86926545,1.0,1.0035221803472287
ZNF474,2,8.121263663213499e-10,2.156195502583184e-6,1.1118886407425306,8.090167070589817e-15,6.000004312391005,0.9828185,1.0,1.0025321289235383
ZNF480,2,0.0009559627603248343,4528.421241415167,9061.166269936479,32.44311072535417,9062.842482830334,0.645270875,1.0,1.0032467818798725
ZNF483,2,3.2342227124997013e-6,445.3348695771638,893.5415341739784,17.818437273287064,896.6697391543275,0.906266325,1.0,1.0028496451097666
ZNF484,2,3.33715240360385e-5,398.0403324382573,800.0973928604615,16.556535754622367,802.0806648765146,0.908581625,1.0,1.0036192948311555
ZNF485,2,3.611500818182782e-5,609.9454778372058,1223.5531525058439,21.09973871816588,1225.8909556744115,0.888114625,1.0,1.0041767435437798
ZNF488,2,1.8789241388495488e-5,148.1626183457683,299.0671392807194,9.497645253082476,302.3252366915366,0.94578745,1.0,1.0022774896506708
ZNF48,2,8.598176452699696e-5,2154.6367852225935,4313.525643557538,36.92052244219462,4315.273570445187,0.781276475,1.0,1.0043390223379263
ZNF490,2,6.885306400938164e-5,254.8989308493821,512.7547954254474,12.998377549657176,515.7978616987642,0.93370685,1.0,1.0026471356865732
ZNF493,2,0.0003357482707534757,485.2557023409637,973.6392872285385,18.816741082574147,976.5114046819274,0.9135287,1.0,1.0036639117973132
ZNF496,2,0.00016286263033131937,1297.4778500114683,2598.2239018263044,31.02205495959558,2600.9557000229365,0.836447925,1.0,1.002762935341344
ZNF497,2,0.00019511939264458308,390.22286855545724,783.8062600817757,16.61604913322321,786.4457371109145,0.9111335,1.0,1.0046875298747253
ZNF500,2,8.483726245575341e-5,931.2281352246174,1866.0710375329818,26.433373484989787,1868.4562704492348,0.864856225,1.0,1.0030545442091185
ZNF502,2,0.00011974404461692247,319.98043797989243,643.0937527093047,14.823231506763248,645.9608759597849,0.921146375,1.0,1.0019702360203593
ZNF503-AS1,2,0.0002133471786849396,1497.8915188035573,2999.1092965383173,32.98445221374933,3001.7830376071147,0.81865975,1.0,1.0031150084424427
ZNF503,2,0.0061703342254317275,8714.492342335012,17434.28838630549,17.045876799797057,17434.984684670024,0.4626087,1.0,1.0013299191570966
ZNF506,2,3.177174525995713e-9,8.435398366518619e-6,1.1538935908538233,0.0,6.000016870796733,0.982496525,1.0,1.001839308885509
ZNF507,2,7.203593240482175e-5,1031.3942945215654,2065.88634597032,27.88954838907766,2068.7885890431307,0.8599159,1.0,1.002725265875691
ZNF510,2,9.254396081224484e-5,287.92159663373275,578.9353260001385,13.947077205662639,581.8431932674655,0.925736225,1.0,1.0026373879622166
ZNF511,1,0.0015731425688866856,5265.500999892885,10535.705958723715,26.717621918432776,10537.00199978577,0.6154692,1.0,1.002954821288655
ZNF512B,2,0.00012618569914219679,820.814713403157,1644.9796705958806,25.021166934075442,1647.629426806314,0.877235925,1.0,1.0036958341583027
ZNF512,2,0.0004828087039584266,1833.985073711651,3671.3191125332864,35.40786523809512,3673.970147423302,0.8003416,1.0,1.007848212359291
ZNF513,2,0.00018145500012809224,1169.043482771442,2341.364955947409,29.807684298532422,2344.086965542884,0.8585008,1.0,1.0010122545277116
ZNF514,2,1.4212676381965663e-5,757.1267173993048,1517.3110247849113,23.876841192395215,1520.2534347986095,0.87801345,1.0,1.0030427556352435
ZNF516,2,9.292631224150191e-5,872.657459583921,1749.329031759575,25.52877321683904,1751.314919167842,0.86142995,1.0,1.0026194923966232
ZNF517,3,1.3817390459981178e-5,441.1286319109654,885.6947555964308,17.640412281423508,888.2572638219308,0.9024248,1.0,1.002098509819977
ZNF518B,2,0.0006924408908118388,1884.7468348185203,3772.879642833804,35.65163537783623,3775.4936696370405,0.8152058,1.0,1.0054194605810756
ZNF519,2,0.0001461841582387595,689.2633062131886,1381.8428099447344,22.81353509539403,1384.5266124263771,0.8887142,1.0,1.0020283152524272
ZNF524,2,0.0011060121543415148,3797.8556484027545,7600.385245206773,35.3345454470216,7601.711296805509,0.700951425,1.0,1.0020169516800992
ZNF526,2,6.033032340603964e-5,1121.1874460414278,2245.1660823057055,29.10278529951392,2248.3748920828557,0.872868,1.0,1.003129696416644
ZNF527,2,4.866612855566248e-5,220.75788085238986,444.42990177247293,11.960240293231132,447.5157617047797,0.935645025,1.0,1.003074068415843
ZNF530,2,5.977262199295447e-5,240.41477803686578,483.7791347403941,12.565803490894599,486.82955607373157,0.934469925,1.0,1.0025250785069397
ZNF532,2,1.160784129688879e-5,498.1371685381262,999.9417494332441,18.916293895841775,1002.2743370762524,0.8949923,1.0,1.0014806568886196
ZNF543,2,0.00020044141319425132,394.48942453010955,791.8922957811158,16.720232177307146,794.9788490602191,0.92589145,1.0,1.004273811520159
ZNF544,2,0.0003228614514847999,2754.6595840229456,5514.038086920851,38.27728309166555,5515.319168045891,0.732705975,1.0,1.0078721691390826
ZNF546,2,5.9991064793619255e-6,91.16117209242294,184.81813271247702,7.188703888613795,188.3223441848459,0.95723535,1.0,1.0020993011362056
ZNF547,2,2.402326889532782e-5,164.2956182063555,331.31977483126747,10.081874958637398,334.591236412711,0.945197125,1.0,1.0036564155665775
ZNF548,2,3.089018890937558e-5,690.6662932393577,1384.6242570734478,22.62970680770905,1387.3325864787155,0.886303525,1.0,1.005033900380517
ZNF550,2,5.722364894299928e-7,32.76422333056106,67.76405077496896,4.116692980132112,71.52844666112212,0.97159365,1.0,1.0019265665339598
ZNF551,2,8.588817401684857e-5,578.2610948611099,1160.7298474144914,20.353523248618686,1162.5221897222198,0.888237125,1.0,1.011166185002654
ZNF552,2,2.2970439907616457e-5,828.8116554760396,1660.4570847789814,25.022679553868585,1663.6233109520792,0.884569625,1.0,1.0046765400736375
ZNF554,2,1.060687019946763e-5,533.6667960123482,1070.406005067801,19.67933119870149,1073.3335920246964,0.895280475,1.0,1.0024004343995845
ZNF555,2,1.3341322940516583e-5,441.1273679517012,885.5597127478397,17.64600221246279,888.2547359034024,0.910184275,1.0,1.006349853948298
ZNF557,2,3.0938972471075524e-5,844.7290027328369,1692.3198723351768,25.344273757663636,1695.4580054656738,0.892737075,1.0,1.0049007728800672
ZNF558,2,0.00029024852686780975,762.6278007802997,1528.58008231319,24.11304041548207,1531.2556015605994,0.8846115,1.0,1.003150888577525
ZNF559,2,0.00010309778590833943,1227.2409993289727,2457.803130360497,30.43093722832637,2460.4819986579455,0.84696955,1.0,1.0017571280184971
ZNF561,2,0.0006637012316333664,1918.24343101979,3839.6364799977982,35.85157196703702,3842.48686203958,0.81609605,1.0,1.00623431655117
ZNF562,2,8.79514921942699e-5,1200.3549751797061,2403.596837133681,30.019192385472238,2406.7099503594122,0.858687375,1.0,1.0029913980203873
ZNF565,2,5.386040096349614e-6,537.1484901863677,1077.2728198725558,19.8361286478981,1080.2969803727353,0.9041643,1.0,1.0017735487487098
ZNF566,2,8.326741802449433e-5,593.6137904079358,1191.4300682374646,20.662456164843704,1193.2275808158715,0.885444675,1.0,1.0055484581609713
ZNF567,2,0.00044574686575366045,1579.6853681080133,3163.210630186297,33.55377549422509,3165.3707362160267,0.8327292,1.0,1.0044350151761519
ZNF572,3,4.866597908370829e-5,220.75788045554182,444.3332736216696,11.960199656108191,447.51576091108365,0.937145175,1.0,1.0028152621898276
ZNF573,2,4.542128796653937e-6,342.68089911610264,688.3220068444153,15.320837701493097,691.3617982322053,0.91942235,1.0,1.0022194590972748
ZNF574,2,9.609445403539708e-5,2422.1586117491356,4847.30050304418,37.61422761139559,4850.317223498271,0.807160075,1.0,1.0029546116113928
ZNF575,2,3.789785169280975e-6,399.27810607581796,801.4644354440044,16.732011462398958,804.5562121516359,0.9100374,1.0,1.0023575038086818
ZNF576,2,0.0012788007550002566,2946.041922353995,5896.700166597727,38.046454098063464,5898.08384470799,0.7318841,1.0,1.0058700776740166
ZNF577,2,4.866599596765555e-5,220.7578805003687,444.4084460374835,11.960285084163353,447.5157610007374,0.936227825,1.0,1.002973697835308
ZNF579,2,0.00042920040961659316,2395.4625126058404,4795.414794567611,37.641263924679784,4796.925025211681,0.7690885,1.0,1.006928232918977
ZNF57,2,5.99572009152355e-5,1137.962606866841,2278.7781223931884,29.3660339650623,2281.925213733682,0.878569725,1.0,1.0017386681267832
ZNF580,2,0.0044835954202591234,7043.787536485852,14092.405030715008,16.595449130832215,14093.575072971704,0.516887825,1.0,1.006606735003707
ZNF581,2,0.0027593153480641765,6607.020312812896,13218.957338131555,20.439698146516093,13220.040625625792,0.569294925,1.0,1.0044305510559137
ZNF584,2,0.00044390926678914344,1778.121965461234,3559.1818177276245,35.05638758033385,3562.243930922468,0.827053825,1.0,1.0028946217606218
ZNF585A,2,2.5898637780340183e-5,169.60077687518734,341.96043191781786,10.268309157549554,345.20155375037467,0.94292715,1.0,1.003324549027913
ZNF585B,2,0.00014132430558192144,342.3553807975548,687.8696989553512,15.412364373627556,690.7107615951096,0.91986605,1.0,1.002628024487866
ZNF586,2,5.6888439174928135e-5,235.53870634292937,474.0367036549555,12.41752314769794,477.07741268585875,0.93383545,1.0,1.0018459656544212
ZNF587B,2,1.556370861533045e-5,386.0165232814574,775.650413309159,16.33309395322783,778.0330465629148,0.909140725,1.0,1.002105604197925
ZNF587,2,7.762877836072927e-5,787.1893685798545,1577.4349296730484,24.460576664251146,1580.378737159709,0.8905628,1.0,1.0034962879443852
ZNF589,2,7.659092946229963e-5,822.6663282074035,1649.2147629913904,24.765836984110535,1651.332656414807,0.864422975,1.0,1.0053417331118295
ZNF592,2,0.00027339721824394916,1222.3369447724747,2448.957042471653,30.07165843147771,2450.6738895449494,0.834842525,1.0,1.0043715443226402
ZNF593,2,0.003942966586630857,9221.885199516455,18448.86801603187,10.873676030916343,18449.77039903291,0.4235555,1.0,1.0041691772109715
ZNF594,2,2.473338820615591e-6,509.78280541586497,1022.4047321226188,19.253605234906562,1025.5656108317298,0.9109765,1.0,1.0064003190868782
ZNF596,2,1.5073903705264517e-5,736.3412332855685,1475.5783047470122,23.512647177315223,1478.682466571137,0.884336625,1.0,1.0091613549246397
ZNF597,2,7.529187734274107e-5,264.431799279681,531.8220653396929,13.277679007873251,534.863598559362,0.93301145,1.0,1.0024030386707699
ZNF598,2,0.0007634066348973273,1799.8557853528923,3604.236377983041,35.1054815321429,3605.7115707057847,0.791718625,1.0,1.0066609524818448
ZNF599,2,3.2999147764497086e-6,525.4766036532812,1053.9884247308173,19.589498629825965,1056.9532073065625,0.899387425,1.0,1.0036537282216074
ZNF600,2,8.099732717758412e-5,1239.8247897436768,2482.6076541024554,30.49691572096665,2485.6495794873535,0.85415115,1.0,1.0050684085898518
ZNF607,2,0.00015988040470963293,359.9678514905977,723.0948860882731,15.864137338034775,725.9357029811954,0.919633,1.0,1.0036116400770132
ZNF608,2,0.00028436929693394876,1383.3851039353328,2770.5591385310754,31.819334369785825,2772.7702078706657,0.838693825,1.0,1.0031076811192912
ZNF609,2,0.000697590473119282,2130.72132772888,4264.38525353921,36.8730694309885,4267.44265545776,0.8184452,1.0,1.0044833857150524
ZNF611,2,0.0004480437060623153,544.1909984305605,1091.5864814931624,20.075197099667367,1094.381996861121,0.90782275,1.0,1.0071874625480508
ZNF613,2,9.257867427542783e-5,287.91199065472733,578.825354436403,13.946947352807348,581.8239813094547,0.9305858,1.0,1.0043242678639028
ZNF614,2,4.675832514092647e-6,333.7382649132008,670.4806895933003,15.090537697978343,673.4765298264016,0.921132475,1.0,1.003313974715568
ZNF616,2,6.157921023218435e-5,773.5844938628147,1550.2136561704606,24.229567293926515,1553.1689877256294,0.89196835,1.0,1.0016073908427015
ZNF618,2,0.0007481010366243564,1923.470517217155,3850.560031306662,35.86112210641369,3852.94103443431,0.79174305,1.0,1.0040501621613716
ZNF619,2,5.407624981398661e-5,230.63763343348242,464.20213609531356,12.267292298549865,467.27526686696484,0.93468115,1.0,1.0029150660197408
ZNF620,2,0.0003729423159916182,1502.523411906868,3008.8498355826105,32.912132837919664,3011.046823813736,0.834835925,1.0,1.0034983098916164
ZNF621,2,3.0055273126316864e-5,708.5073857174856,1420.9287582368365,22.950128284832306,1423.0147714349712,0.870705025,1.0,1.0022105208564915
ZNF622,2,0.0027046618636386004,4345.585329417523,8694.767804281542,31.806100066938466,8697.170658835046,0.70736115,1.0,1.0082432979220501
ZNF623,3,5.884054491212652e-5,812.5666065756211,1628.6257480873303,24.646137330648248,1631.1332131512422,0.871728425,1.0,1.0034277957716744
ZNF624,2,3.4149718401591214e-5,190.44415845252436,383.65474373309905,10.980363012401039,386.8883169050487,0.941797275,1.0,1.0012933686585783
ZNF627,2,5.645730330266253e-5,1158.9788238268686,2320.756541804732,29.58809941101601,2323.9576476537372,0.874667875,1.0,1.005237896425887
ZNF628,2,3.9541983066213855e-5,999.7047372104289,2002.2391099161591,27.534593607800794,2005.4094744208578,0.8766075,1.0,1.0035570833773626
ZNF629,2,0.00012446413510251437,1351.264511776119,2705.4212174820136,31.64839774367599,2708.529023552238,0.847703275,1.0,1.0045025201756506
ZNF638,2,0.0018345827995221548,5103.084412162384,10210.473711923949,28.390993883256137,10212.168824324768,0.613864975,1.0,1.0088420509551033
ZNF639,2,0.0014496934047374954,4063.200172827598,8130.860827354533,34.82937181038579,8132.400345655196,0.6643238,1.0,1.0031539635391975
ZNF641,2,3.7385224998539496e-5,1045.4733170414959,2093.988705290081,28.18142390027583,2096.9466340829917,0.865257175,1.0,1.0046493750322703
ZNF644,2,0.0008993357275972414,4835.127868809098,9674.536484709328,30.337583799824667,9676.255737618196,0.653764225,1.0,1.0042923164680213
ZNF646,2,1.4776108553853109e-5,743.2953745451441,1489.4056903766723,23.634791360045657,1492.5907490902882,0.891457775,1.0,1.0063045377261963
ZNF648,2,2.272340774853582e-6,59.9832482511531,122.32439333623016,5.6805977827697856,125.9664965023062,0.96432635,1.0,1.0040086238628392
ZNF649,2,0.00010765691960765514,306.35076672727456,615.7626554404699,14.455818167986887,618.7015334545491,0.925343375,1.0,1.0065115463509327
ZNF652,3,0.00040000367311156167,3108.451318262756,6221.3646958941445,37.70567404492806,6222.902636525512,0.718006675,1.0,1.0048169718656377
ZNF653,2,4.9837192194170535e-5,867.7000917704619,1738.4618933873792,25.71332971237444,1741.4001835409238,0.88227335,1.0,1.0040563586461346
ZNF654,2,2.43009670682886e-5,805.3507223039478,1613.5609240099382,24.634328495187802,1616.7014446078956,0.88592805,1.0,1.005873172184273
ZNF655,2,0.0016926961411996594,4044.587388435284,8093.411525752242,33.79327271731161,8095.174776870568,0.704278325,1.0,1.0044730213722552
ZNF658,1,0.0005234437209222419,578.5455552629912,1160.11117170681,20.777001572284945,1163.0911105259825,0.91784105,1.0,1.0035791088228607
ZNF664,2,0.0004149481242988155,2820.464448212237,5655.975629926951,37.86695113936556,5646.928896424474,0.6969978,1.0,1.00384708296147
ZNF668,2,0.0007944446788610461,2018.2641855937554,4039.5354313715966,36.337749456069105,4042.528371187511,0.820405525,1.0,1.0043700883122342
ZNF669,2,7.09435587448219e-5,1179.652110232199,2362.046955310804,29.80402300933074,2365.304220464398,0.872714875,1.0,1.0022656887570676
ZNF670,2,0.00014577105967630743,1460.0677984564784,2923.001814457288,32.70482594587367,2926.1355969129568,0.853911175,1.0,1.0037281957333528
ZNF672,2,0.00022475806863605502,2635.805522124068,5274.458537153285,37.84696229220545,5277.611044248136,0.785955075,1.0,1.005261911108861
ZNF674-AS1,2,3.52829541833161e-5,621.1787179224401,1245.9686638635283,21.319524433784228,1248.3574358448802,0.8912223,1.0,1.0024868374238274
ZNF674,2,8.894432390115829e-5,283.26620535259383,569.5603114303186,13.816268422880617,572.5324107051877,0.928755175,1.0,1.0047218498631598
ZNF675,2,0.0004321301920485503,536.4553382543035,1076.1064427487945,19.914388223243417,1078.910676508607,0.908170325,1.0,1.006708728786675
ZNF678,2,2.5039252562118963e-5,513.7891931582072,1031.1547226372436,19.188562600132943,1033.5783863164145,0.895839375,1.0,1.0045277201365062
ZNF680,2,7.747022787868107e-5,2278.592321474721,4560.9101684174775,37.28834823831963,4563.184642949442,0.792446175,1.0,1.0016075603672328
ZNF684,2,5.4878375020574564e-5,832.7531314059653,1668.9221550840386,24.978994472954994,1671.5062628119306,0.873814725,1.0,1.0033100123629641
ZNF687,2,0.0002501224261071418,1391.1589234174596,2785.9318794104856,31.9233899801239,2788.3178468349192,0.825342025,1.0,1.0062191650428107
ZNF688,2,0.00018153749447082565,2333.3837399836443,4671.287725290447,37.490838468690804,4672.767479967289,0.749337575,1.0,1.0056454034664026
ZNF689,2,0.00024645264148473103,1488.223845845049,2979.424835219419,32.86268836040661,2982.447691690098,0.847045875,1.0,1.0046794332519293
ZNF691,2,0.0002065413563913604,1432.9506434373243,2868.832605331933,32.37478802098323,2871.9012868746486,0.852291375,1.0,1.0042606761804256
ZNF692,2,0.0002209392839331503,2633.3899948015373,5270.5003540138905,37.86248642010007,5272.779989603075,0.74926865,1.0,1.0020193815833047
ZNF695,2,0.00013400765766660342,1071.6989120500452,2147.1543426703433,28.32848669181715,2149.3978241000905,0.84952235,1.0,1.003536943806099
ZNF696,3,3.36257861315347e-5,992.8608078906843,1988.727891154287,27.489042584883688,1991.7216157813687,0.871071975,1.0,1.0036684665111284
ZNF697,2,9.625084148427384e-5,292.5475832313593,588.0932369806519,14.076296791567062,591.0951664627186,0.928359275,1.0,1.003218203822506
ZNF699,2,3.3768555825523445e-6,432.925709536538,868.6657854725695,17.531926250976056,871.851419073076,0.91197385,1.0,1.001437032474572
ZNF700,2,5.039323509793794e-5,882.341925585917,1768.1079364295636,25.772429223364547,1770.683851171834,0.8614402,1.0,1.0034579139255013
ZNF701,2,4.975317179407281e-5,676.1149719136893,1356.0300313346747,22.306560943529075,1358.2299438273785,0.882431725,1.0,1.0021974654177805
ZNF703,2,7.24475324277809e-5,856.1419985371971,1715.8944231642274,25.310379055844678,1718.2839970743942,0.8753688,1.0,1.0028787132083845
ZNF704,3,0.001031114094337072,1959.0101032203393,3922.4410981220162,36.020522678364195,3924.0202064406785,0.77653715,1.0,1.0024893378904458
ZNF706,3,0.010293526467902187,11392.015831970839,22789.45163817078,7.527012219478435,22790.031663941678,0.346140275,1.0,1.0035064432962075
ZNF707,3,0.0007215941453812615,656.2558439198078,1316.0627654732684,22.282473120526493,1318.5116878396157,0.8887799,1.0,1.0009807647165962
ZNF708,2,4.491195091767023e-5,733.2615666634065,1470.0162112419205,23.340401619980106,1472.523133326813,0.882144375,1.0,1.006172233551636
ZNF70,2,3.6418372006131956e-5,195.5595055243554,393.95133245081325,11.150331759011564,397.1190110487108,0.94016445,1.0,1.005123181171671
ZNF710,2,2.9426891089241365e-5,715.5940603413958,1434.3624123516465,23.08092125262683,1437.1881206827916,0.88092495,1.0,1.0042330646392172
ZNF711,2,0.00024841226226340554,1300.9592164131632,2605.824592076338,30.97591753367494,2607.9184328263264,0.831458775,1.0,1.0024156071132047
ZNF713,2,4.748326258576089e-6,329.24139337520273,661.4703821468213,14.969941989606813,664.4827867504055,0.91988465,1.0,1.003788566644518
ZNF714,2,0.00034927735004862024,2358.213433034771,4721.662050143059,37.78549115215555,4722.426866069542,0.7411755,1.0,1.0028241021526254
ZNF720,2,0.0001767618755694182,2686.2262851040605,5376.844193325766,37.99114175886802,5378.452570208121,0.740598025,1.0,1.0024653587681507
ZNF721,2,0.000804701506850201,3589.617890804119,7182.858988237081,35.96830414181683,7185.235781608238,0.73326455,1.0,1.005192106889465
ZNF740,2,7.956187239754028e-5,972.5040608184354,1948.4498229670132,27.047338526955055,1951.0081216368708,0.8555037,1.0,1.003063740916944
ZNF746,2,0.0001469427268626125,1359.7732102704902,2722.460885226982,31.706245281450812,2725.5464205409803,0.8466308,1.0,1.0041843616001342
ZNF747,2,2.5888805721640242e-5,497.8144439767476,999.3082105995273,18.845633019123774,1001.6288879534952,0.8989696,1.0,1.0031460926207756
ZNF749,2,0.0006136949305877623,615.9816144851035,1235.1450669834492,21.5148415240235,1237.963228970207,0.905338,1.0,1.0020074809970738
ZNF74,2,0.00011480061569388799,1290.8896422819691,2584.786402540591,31.013696550092728,2587.7792845639383,0.842712275,1.0,1.0027792630801036
ZNF75A,2,0.00020430410539965966,1347.3582640716859,2698.0422094626056,31.51391208864852,2700.7165281433718,0.83836615,1.0,1.0030161519850547
ZNF75D,2,0.000295384844181875,461.0503709743736,925.7314892232195,18.277471439850135,928.1007419487472,0.902328075,1.0,1.0018516187508295
ZNF764,2,1.7499416870608006e-5,676.1430282297539,1355.1923335835063,22.42326402714206,1358.2860564595078,0.89693735,1.0,1.0030866106382448
ZNF765,2,2.7689339437228124e-5,469.4378544240377,942.6523253599996,18.218610957872563,944.8757088480754,0.900736325,1.0,1.0017239323117952
ZNF766,2,0.0004843487647550453,2898.5566234699745,5801.544216678434,37.99009491039257,5803.113246939949,0.761433825,1.0,1.0044670158224462
ZNF768,2,0.00041285012813528,2843.661532551109,5692.06821087358,38.04430437847753,5693.323065102218,0.739216575,1.0,1.0055578462372643
ZNF76,2,0.00016530290351308107,2268.2878342348677,4542.112465956791,37.36896792442689,4542.575668469735,0.742347975,1.0,1.0059988248553036
ZNF770,2,0.0006391934551848546,4406.051314471414,8816.406258794106,33.024649572240946,8818.102628942828,0.6558847,1.0,1.0111369530282084
ZNF771,2,0.000867864642233781,3514.6739233677813,7034.420250052759,36.86439025875499,7035.347846735563,0.6999599,1.0,1.001688487427158
ZNF774,2,0.0001551334178067396,355.58769627406195,714.282675727687,15.752617970088927,717.1753925481239,0.921705025,1.0,1.0033360505188575
ZNF775,2,0.00048031042947809075,1780.6964626386755,3564.3706886939285,35.054246798085494,3567.392925277351,0.82927015,1.0,1.0022759761335742
ZNF776,2,0.0003019320562238747,465.1113851085971,933.343845591324,18.369166769102556,936.2227702171942,0.914576875,1.0,1.0045703353929791
ZNF777,2,0.00017454757686773007,950.9695918473428,1905.143101571013,26.990096657930767,1907.9391836946857,0.876957325,1.0,1.0029773534113027
ZNF778,2,8.371641172890218e-5,1095.029488137632,2193.0923977332122,28.71458558994879,2196.058976275264,0.857830275,1.0,1.0014651825571645
ZNF77,2,5.7556797803136254e-5,1141.6154633169235,2286.088335970481,29.36744236706122,2289.230926633847,0.86853015,1.0,1.002534833261653
ZNF780A,2,0.0005980060081906565,1894.7532474875238,3792.4747822099425,35.73208628834479,3795.5064949750476,0.82186525,1.0,1.0041324308803552
ZNF780B,2,4.2208229668640646e-5,768.091798948733,1539.534182069171,23.947304225490107,1542.183597897466,0.875946675,1.0,1.0040512504201646
ZNF782,2,8.199211254747057e-5,273.88597368011386,550.7578455855692,13.55012723226426,553.7719473602277,0.929606775,1.0,1.002251318621417
ZNF783,2,5.429509481670966e-5,766.7479015336291,1539.114436338493,24.111658874675655,1539.4958030672583,0.865107525,1.0,1.0042353925821847
ZNF784,2,0.0005060247322919669,570.9886049978949,1145.2294288782573,20.62387969596724,1147.9772099957897,0.902896975,1.0,1.0015327383130321
ZNF786,2,0.0001760914001613217,1532.6508124906763,3068.135941936585,33.33536581604274,3071.3016249813527,0.853769725,1.0,1.0017017754733193
ZNF787,2,0.0004068214880670615,2775.926555930927,5556.82783850194,38.37987210281086,5557.853111861854,0.728714975,1.0,1.001501034701899
ZNF789,2,0.00031535374637660103,1391.7573800222497,2788.0301788268466,31.882899895982,2789.5147600444993,0.812358675,1.0,1.0019960523212867
ZNF791,2,0.0008541789835172692,3587.3277738378833,7179.171802385568,36.359253834234025,7180.655547675767,0.73323005,1.0,1.0014743791837548
ZNF792,2,8.897804738014839e-5,283.2567886957142,569.4561037607077,13.816418981993381,572.5135773914284,0.932702775,1.0,1.007813161205657
ZNF799,2,0.0003019312801528761,465.11138304812863,933.2388481520932,18.36923119747944,936.2227660962573,0.919090125,1.0,1.003756305420396
ZNF79,2,3.6731629344711492e-6,407.76874163314426,818.3225631045311,16.938532341343798,821.5374832662885,0.917666175,1.0,1.0039357329270848
ZNF7,3,0.0006087739972361412,3129.7343850567813,6263.7640456388335,37.97573784610186,6265.468770113563,0.7189143,1.0,1.007649113615279
ZNF800,2,0.000614978627543735,2794.4364608622427,5593.332860566553,38.10240721075167,5594.872921724485,0.752028525,1.0,1.004143712641796
ZNF804A,2,0.0011075594480495258,1238.2716486183858,2481.576854551063,29.921772556008744,2482.5432972367717,0.825268375,1.0,1.0029843573593051
ZNF805,2,2.9965838422681193e-6,465.7794249064815,934.3693609283678,18.284522860729687,937.558849812963,0.910334825,1.0,1.0043510621437406
ZNF808,2,2.1088051920395956e-5,591.2891491787724,1185.8454291184216,20.79160629741178,1188.5782983575448,0.893107525,1.0,1.0017734511867977
ZNF80,2,1.7394435233827747e-6,53.420061014044784,109.17687508380784,5.330474163925558,112.84012202808957,0.96622,1.0,1.0020193461603235
ZNF814,2,7.860615910869847e-5,269.1695254752407,541.39902033787,13.414355712195473,544.3390509504814,0.927319,1.0,1.0025168207821524
ZNF81,2,4.8666010459011334e-5,220.75788053884327,444.5303490298523,11.959885377791814,447.51576107768653,0.93318635,1.0,1.0059071941842694
ZNF821,2,0.0001007143333534976,1248.8361769203786,2500.549611374712,30.56241557174827,2503.6723538407573,0.856960725,1.0,1.0020287420190361
ZNF823,2,0.00010660162995176956,912.9260396949574,1828.805894134494,26.417418250652997,1831.8520793899147,0.89203075,1.0,1.0025302289981621
ZNF827,2,0.0006991365156623723,1578.0991386171568,3160.6819699730618,33.4749493841849,3162.1982772343135,0.812587525,1.0,1.0047093049737112
ZNF830,2,0.00036435164327331917,3251.2503345290106,6505.2697699896935,37.02146377957995,6508.500669058021,0.77001455,1.0,1.0030483352134842
ZNF831,2,1.277308954071314e-6,46.71352601731772,95.74896880819226,4.9531156740058355,99.42705203463544,0.9677068,1.0,1.0016278994237189
ZNF833P,2,5.999005824073192e-6,91.16117182518316,184.82651195630015,7.189101766578019,188.32234365036632,0.9574566,1.0,1.0014971777495218
ZNF837,2,5.005786995495825e-5,885.6041369986467,1774.3850607727825,25.824545383689827,1777.2082739972934,0.8691232,1.0,1.0117471287788697
ZNF839,2,0.0001383128662137576,1430.4031402635035,2863.8833626513815,32.47575465136562,2866.806280527007,0.844252475,1.0,1.0056050460478299
ZNF83,2,0.0017819243841163451,2261.332581239071,4527.935530857927,37.25339057929355,4528.665162478142,0.7548382,1.0,1.0059167314090462
ZNF843,2,6.958774046395849e-6,97.1360605447507,196.87543821720115,7.453448200517713,200.2721210895014,0.95526815,1.0,1.0025039156705078
ZNF845,2,3.6209345320530643e-6,411.9939637985613,826.8133476434402,17.039212405217125,829.9879275971226,0.914680075,1.0,1.0042564759189987
ZNF846,2,1.026078817167752e-5,114.65027459238986,232.11208573274507,8.194431301176785,235.30054918477973,0.95128525,1.0,1.003828028275352
ZNF850,2,1.1504210190242368e-5,120.365557086195,243.31953819353927,8.427111676654352,246.73111417239,0.9521941,1.0,1.003072716120689
ZNF852,2,0.00022244821167864787,411.4240406785234,825.9383563062121,17.12767157666216,828.8480813570468,0.91927245,1.0,1.0022104986668736
ZNF85,2,0.00023970926180838994,423.99148364529,851.0501520295863,17.425121691056866,853.98296729058,0.919633125,1.0,1.0024010421834892
ZNF860,2,3.3790502970219318e-6,432.925715363505,868.681326622242,17.53162455309244,871.85143072701,0.9100272,1.0,1.0014626261038004
ZNF862,2,0.00011974528285676492,319.9804412674192,643.1214823392422,14.823391041883852,645.9608825348384,0.92022895,1.0,1.0047102182525793
ZNF865,2,0.00022777318842409655,1189.1110599111419,2381.334224592375,30.05636214164097,2384.2221198222837,0.866784625,1.0,1.0052878097311055
ZNF91,2,2.758898604284735e-5,747.1520944407977,1497.3462752549146,23.63999093277653,1500.3041888815953,0.885690125,1.0,1.00227499606827
ZNF92,2,0.00014879600950055502,1247.0249139195307,2497.163853312567,30.471581964046717,2500.0498278390614,0.85848645,1.0,1.0024196226125064
ZNFX1,2,0.00015599687543520836,2290.9893704129595,4586.387162457946,37.44826596562249,4587.978740825919,0.757837725,1.0,1.0045500829232734
ZNHIT2,2,0.0002622033694879093,2716.642311267364,5436.081123141775,37.846371708472034,5439.284622534728,0.78880055,1.0,1.0031991937399054
ZNHIT3,2,0.001061929096250404,7425.628415570297,14856.283859900821,14.723458770964722,14857.256831140594,0.52220415,1.0,1.013946832356948
ZNHIT6,2,0.00041879999264334136,2811.7255131794036,5627.894373483847,38.1571163483919,5629.451026358807,0.72331025,1.0,1.005098945943346
ZNRF1,2,0.0009312627658481765,4423.03255751331,8850.466432396825,33.61921806211322,8852.06511502662,0.639900675,1.0,1.0064305904909523
ZNRF2,2,0.0001551334210321927,355.58769628262553,714.7361984469442,15.752200844585555,717.1753925652511,0.91292965,1.0,1.003329453843474
ZNRF3-AS1,2,5.111050177380074e-6,85.10928586382718,172.6914374945579,6.913953035853284,176.21857172765436,0.959120575,1.0,1.0026619583624146
ZNRF3,2,7.710668310400464e-5,991.280059519365,1985.781161583033,27.31946628079681,1988.56011903873,0.86793735,1.0,1.0024184474877897
ZP3,2,0.0003347563315010328,2600.4080250526717,5207.8211906435145,37.952371576909606,5206.8160501053435,0.716133425,1.0,1.002500702876774
ZRANB1,3,0.00039887801645740713,2668.6268985043184,5341.843811690586,38.339719754594775,5343.253797008637,0.7304389,1.0,1.0111732610400896
ZRANB2,2,0.0036036073230117753,7468.872259458413,14942.44342246536,15.347256508015931,14943.744518916827,0.47015065,1.0,1.0031123611488453
ZRANB3,2,4.5563308856359396e-5,726.2163739486198,1456.112146414665,23.213665253077398,1458.4327478972396,0.872788825,1.0,1.0034171381279315
ZRSR2,2,0.0003351699752354514,1510.0203192451718,3023.948007979251,33.001712554493544,3026.0406384903436,0.8118878,1.0,1.0046396922738137
ZSCAN12,2,3.639027875077573e-5,195.57155883363427,393.9863753719233,11.150384128385875,397.14311766726854,0.9392535,1.0,1.0033905763572941
ZSCAN16-AS1,2,0.0010574537808345514,3586.4084559409134,7177.616670755025,36.561602314348306,7178.816911881827,0.687534525,1.0,1.0031195852124035
ZSCAN16,2,0.00023908390611918846,1644.3842500154303,3291.7187163347808,34.25370537933073,3294.7685000308607,0.84482945,1.0,1.0036427751081345
ZSCAN20,2,0.00010377087612936054,301.77160553039965,606.5112818888074,14.3305931041169,609.5432110607993,0.929262525,1.0,1.002067638678592
ZSCAN21,2,0.0001426374379064893,1456.8790948300748,2916.6668291073256,32.70519786737337,2919.7581896601496,0.85443335,1.0,1.002626697396703
ZSCAN22,2,0.00012816073202307138,328.9801527785085,660.9796244579496,15.062660229278984,663.960305557017,0.926994075,1.0,1.0032820809939567
ZSCAN25,2,0.00019572303551977633,717.535570188554,1438.1681035482584,23.324124931771944,1441.071140377108,0.898499675,1.0,1.0081532110518483
ZSCAN29,2,9.167403130308521e-5,1040.892005164669,2085.0863492353915,27.981272449618118,2087.784010329338,0.85915285,1.0,1.0041651606115118
ZSCAN2,2,0.0001245346647039556,1324.991701095482,2652.917457185755,31.471792225881877,2655.983402190964,0.866537975,1.0,1.0036395745006172
ZSCAN30,2,0.00014412692704044355,935.1964803197751,1873.7072218555222,26.754782537436647,1876.3929606395502,0.871905175,1.0,1.003263026461625
ZSCAN31,2,0.00013201353512952636,1330.3909259084808,2663.8018710174833,31.5313482970045,2666.7818518169615,0.858088825,1.0,1.002035724404497
ZSCAN32,2,0.00013934896917594782,1288.6847976518063,2580.3796859255494,30.952101893545276,2583.3695953036126,0.848071075,1.0,1.0041203614180254
ZSCAN5A,2,0.00037279108528093696,1502.7573704291062,3009.3071611709793,32.91796032711421,3011.5147408582125,0.82596765,1.0,1.0040645500959362
ZSCAN9,2,3.016882999999074e-5,930.2252842207992,1863.2905204761948,26.564139057017687,1866.4505684415983,0.87907875,1.0,1.0063676906856314
ZSWIM1,2,7.390398978563008e-6,657.6389032017572,1318.1225940975771,22.148108439285533,1321.2778064035144,0.898150625,1.0,1.005259262156379
ZSWIM3,2,4.3541697691156187e-5,210.76996738230838,424.41901524638433,11.644099221043744,427.53993476461676,0.93874345,1.0,1.003137112432935
ZSWIM4,2,0.0002456074936325212,428.15603970911184,859.3535926200927,17.522349899794484,862.3120794182237,0.919995975,1.0,1.003848751960436
ZSWIM5,2,2.7855009247627797e-5,174.86399488664085,352.5537626279874,10.451336407125378,355.7279897732817,0.94087345,1.0,1.0045204315077738
ZSWIM6,2,2.431107309176367e-5,805.3507491354401,1613.5365939175417,24.633869294319332,1616.7014982708802,0.885111725,1.0,1.002805182788194
ZSWIM7,2,0.0019943859742849483,6314.861465603634,12635.400658489229,20.488809959734652,12635.722931207269,0.563824925,1.0,1.0180304037996886
ZSWIM8,2,4.85965392349558e-5,1073.1397517861599,2152.110371917493,28.5086943639867,2152.2795035723198,0.835953075,1.0,1.011178655180511
ZUFSP,2,0.0004857027433014655,1829.7651063450842,3662.55147736473,35.379835104653615,3665.5302126901684,0.8155908,1.0,1.0030207623759886
ZW10,2,6.726346906199919e-5,1208.2159192221384,2420.0231220762353,30.158465812296654,2422.4318384442768,0.8359113,1.0,1.0030875671369186
ZWILCH,2,0.0005708404232555105,2015.5895943622502,4038.026178566738,36.30418838506028,4037.1791887245004,0.753496625,1.0,1.0023095512657227
ZWINT,2,0.0038911366264022234,4819.674951899066,9651.64291938804,41.131855565864896,9645.349903798133,0.63415995,1.0,1.0010858666857805
ZXDA,2,0.0002637327888337263,440.5779825940908,884.225408764225,17.81088167628314,887.1559651881817,0.918613125,1.0,1.0061778131153805
ZXDB,2,0.00036410234421989184,501.18488324131175,1005.6077244370944,19.164536374744195,1008.3697664826235,0.909890525,1.0,1.0043411730641445
ZXDC,2,0.00012127198537538276,1260.5415089205662,2524.0616234951876,30.664037418454814,2527.0830178411325,0.8494997,1.0,1.002972141450253
ZYG11B,2,0.00037748225111124194,1767.654377817446,3538.446750857223,35.01928980750242,3541.308755634892,0.8121751,1.0,1.0045579992685272
ZYX,2,0.0011579173152426504,5191.29493507493,10389.952909648056,27.44823515763355,10388.58987014986,0.59260295,1.0,1.0112689531036048
ZZEF1,2,0.00022298393087694047,731.5194444170004,1466.748358796721,23.571645648441937,1469.0388888340008,0.877869875,1.0,1.0017191870102042
ZZZ3,2,0.0005043108886283451,3040.4048727372906,6084.983834232109,37.753922474587135,6086.809745474581,0.73930105,1.0,1.0038289106593088
